2021-2-8T22:48:37,-62.15993,-58.47442,9.4
2021-2-8T22:50:21,-62.16027,-58.47451,18.4
2021-2-8T22:50:42,-62.16008,-58.47458,20.2
2021-2-8T22:51:3,-62.16012,-58.47436,21.3
2021-2-8T22:51:55,-62.15997,-58.47419,32.3
2021-2-8T22:52:26,-62.16012,-58.47408,32.4
2021-2-8T22:52:47,-62.16023,-58.47478,33.4
2021-2-8T22:52:58,-62.16027,-58.47495,42.3
2021-2-8T22:53:8,-62.16025,-58.47483,53.9
2021-2-8T22:53:19,-62.16025,-58.47477,76.9
2021-2-8T22:53:29,-62.15993,-58.47537,73.8
2021-2-8T22:53:40,-62.16017,-58.47464,63.7
2021-2-8T22:53:51,-62.16035,-58.47417,36.3
2021-2-8T22:54:22,-62.16061,-58.47373,61.0
2021-2-8T22:54:32,-62.16081,-58.47322,64.9
2021-2-8T22:54:43,-62.16072,-58.47339,71.8
2021-2-8T22:54:54,-62.16062,-58.47365,59.8
2021-2-8T22:55:14,-62.16071,-58.47390,45.1
2021-2-8T22:55:25,-62.16061,-58.47395,41.4
2021-2-8T22:55:36,-62.16054,-58.47331,43.0
2021-2-8T22:55:46,-62.16030,-58.47344,38.8
2021-2-8T22:55:57,-62.16012,-58.47392,5.0
2021-2-8T22:56:28,-62.16022,-58.47326,4.1
2021-2-8T22:56:39,-62.16023,-58.47305,4.1
2021-2-8T22:56:49,0.0,0.29464,4.0
2021-2-8T22:57:0,0.0,0.21131,4.0
2021-2-8T22:57:10,-62.16009,-58.47315,4.0
2021-2-8T22:57:21,-62.16013,-58.47307,4.0
2021-2-8T22:57:31,-62.16013,-58.47336,3.9
2021-2-8T22:57:42,-62.16013,-58.47360,3.7
2021-2-8T22:57:52,-62.16010,-58.47362,3.6
2021-2-8T22:59:16,-62.16087,-58.47563,12.9
2021-2-8T22:59:26,-62.16104,-58.47468,43.1
2021-2-8T22:59:37,0.0,-1.33929,43.2
2021-2-8T22:59:47,0.0,-1.33929,43.2
2021-2-8T22:59:58,0.0,-1.33929,43.2
2021-2-8T23:0:8,0.0,-1.33929,43.2
2021-2-8T23:0:19,0.0,-1.33929,43.2
2021-2-8T23:0:29,0.0,-1.33929,43.2
2021-2-8T23:0:40,0.0,-1.33929,43.2
2021-2-8T23:0:50,0.0,-1.33929,43.2
2021-2-8T23:1:1,0.0,-1.33929,43.2
2021-2-8T23:1:11,0.0,-1.33929,43.2
2021-2-8T23:1:22,0.0,-1.33929,43.2
2021-2-8T23:1:32,0.0,-1.33929,43.2
2021-2-8T23:1:43,0.0,-1.33929,43.2
2021-2-8T23:1:53,0.0,-1.33929,43.2
2021-2-8T23:2:4,0.0,0.6667,43.2
2021-2-8T23:2:25,-62.16040,-58.47280,39.5
2021-2-8T23:2:35,-62.16026,-58.47299,37.2
2021-2-8T23:2:46,-62.16005,-58.47317,38.2
2021-2-8T23:2:56,-62.16008,-58.47338,44.0
2021-2-8T23:3:7,-62.16013,-58.47321,39.7
2021-2-8T23:3:17,-62.16015,-58.47331,31.4
2021-2-8T23:3:28,-62.16035,-58.47302,34.7
2021-2-8T23:3:39,-62.16046,-58.47254,40.8
2021-2-8T23:3:49,-62.16053,-58.47248,41.0
2021-2-8T23:4:0,-62.16054,-58.47246,40.7
2021-2-8T23:4:10,-62.16039,-58.47280,40.2
2021-2-8T23:4:41,-62.16091,-58.47156,40.3
2021-2-8T23:4:52,-62.16068,-58.47196,40.4
2021-2-8T23:5:3,-62.16053,-58.47226,40.6
2021-2-8T23:5:13,-62.16045,-58.47236,40.5
2021-2-8T23:5:24,-62.16046,-58.47239,40.6
2021-2-8T23:5:35,-62.16047,-58.47236,40.6
2021-2-8T23:5:45,-62.16049,-58.47242,40.8
2021-2-8T23:5:56,-62.16033,-58.47294,40.7
2021-2-8T23:6:6,-62.16026,-58.47326,40.6
2021-2-8T23:6:17,-62.16040,-58.47312,40.8
2021-2-8T23:6:27,-62.16051,-58.47295,41.0
2021-2-8T23:6:38,-62.16012,-58.47378,40.2
2021-2-8T23:6:59,-62.16010,-58.47340,40.1
2021-2-8T23:7:9,-62.16019,-58.47328,40.2
2021-2-8T23:7:20,-62.16015,-58.47324,40.2
2021-2-8T23:7:30,-62.16023,-58.47283,40.2
2021-2-8T23:7:41,0.0,-1.33929,40.3
2021-2-8T23:7:51,-62.16036,-58.47246,40.3
2021-2-8T23:8:2,0.0,-1.33929,40.3
2021-2-8T23:8:13,-62.16068,-58.47190,40.2
2021-2-8T23:8:23,-62.16044,-58.47214,40.5
2021-2-8T23:8:34,-62.16032,-58.47243,40.3
2021-2-8T23:8:44,-62.15997,-58.47311,40.1
2021-2-8T23:8:55,-62.15999,-58.47306,40.0
2021-2-8T23:9:5,0.0,-1.33929,40.0
2021-2-8T23:9:16,0.0,-1.33929,40.0
2021-2-8T23:9:26,0.0,0.3334,40.0
2021-2-8T23:9:37,0.0,-1.33929,40.0
2021-2-8T23:10:8,-62.16068,-58.47305,47.5
2021-2-8T23:10:19,-62.16064,-58.47352,65.5
2021-2-8T23:10:29,-62.16068,-58.47359,86.8
2021-2-8T23:10:40,-62.16059,-58.47379,76.7
2021-2-8T23:10:50,-62.16046,-58.47430,75.7
2021-2-8T23:11:1,-62.16042,-58.47378,75.1
2021-2-8T23:11:11,-62.16044,-58.47350,75.0
2021-2-8T23:11:22,-62.16033,-58.47352,75.0
2021-2-8T23:11:32,-62.16019,-58.47329,75.0
2021-2-8T23:11:53,-62.16000,-58.47415,75.0
2021-2-8T23:12:4,-62.15982,-58.47451,75.0
2021-2-8T23:12:14,-62.15977,-58.47418,75.0
2021-2-8T23:12:25,-62.16007,-58.47396,75.0
