2021-2-8T23:12:36,-62.16026,-58.47420,75.0
2021-2-8T23:12:46,-62.16035,-58.47448,75.0
2021-2-8T23:12:57,-62.16037,-58.47453,75.0
2021-2-8T23:13:18,-62.16045,-58.47386,75.0
2021-2-8T23:13:39,-62.16061,-58.47307,75.0
2021-2-8T23:13:49,-62.16059,-58.47318,75.0
2021-2-8T23:14:0,-62.16051,-58.47329,75.0
2021-2-8T23:14:10,-62.16027,-58.47340,75.0
2021-2-8T23:14:21,0.0,-1.33929,75.0
2021-2-8T23:14:31,-62.15929,-58.47382,75.1
2021-2-8T23:14:42,-62.15971,-58.47410,75.2
2021-2-8T23:15:44,-62.16045,-58.47399,75.2
2021-2-8T23:16:5,-62.16032,-58.47481,75.2
2021-2-8T23:16:16,-62.16029,-58.47487,75.2
2021-2-8T23:16:37,-62.16037,-58.47385,75.2
2021-2-8T23:16:47,-62.16028,-58.47344,75.1
2021-2-8T23:16:58,-62.16017,-58.47354,75.1
2021-2-8T23:17:9,-62.16013,-58.47364,75.1
2021-2-8T23:17:19,-62.16013,-58.47284,73.0
2021-2-8T23:18:11,-62.16040,-58.47299,71.3
2021-2-8T23:18:22,-62.16045,-58.47273,71.3
2021-2-8T23:18:32,-62.16051,-58.47269,71.3
2021-2-8T23:18:53,-62.16046,-58.47319,71.3
2021-2-8T23:19:4,-62.16044,-58.47319,71.1
2021-2-8T23:19:15,-62.16045,-58.47334,70.6
2021-2-8T23:19:25,-62.16040,-58.47347,70.6
2021-2-8T23:19:36,-62.16036,-58.47342,70.6
2021-2-8T23:19:46,-62.16024,-58.47364,70.6
2021-2-8T23:19:57,-62.16027,-58.47257,70.5
2021-2-8T23:20:7,-62.16030,-58.47247,70.2
2021-2-8T23:20:18,-62.16036,-58.47272,69.8
2021-2-8T23:20:29,-62.16038,-58.47316,69.8
2021-2-8T23:21:0,-62.16043,-58.47338,69.8
2021-2-8T23:21:11,0.0,-1.33929,69.8
2021-2-8T23:21:21,-62.16031,-58.47455,69.8
2021-2-8T23:21:31,-62.16040,-58.47460,69.8
2021-2-8T23:22:24,-62.16014,-58.47366,69.8
2021-2-8T23:22:34,-62.16027,-58.47367,69.8
2021-2-8T23:22:45,-62.16034,-58.47386,69.9
2021-2-8T23:22:55,-62.16029,-58.47386,69.9
2021-2-8T23:23:6,0.0,-1.33929,69.9
2021-2-8T23:23:16,-62.16034,-58.47474,69.9
2021-2-8T23:23:27,-62.16041,-58.47390,69.9
2021-2-8T23:23:37,0.0,-1.33929,69.9
2021-2-8T23:23:48,-62.16018,-58.47437,69.9
2021-2-8T23:24:9,-62.15972,-58.47410,69.3
2021-2-8T23:24:19,-62.15974,-58.47433,63.9
2021-2-8T23:24:30,-62.15977,-58.47290,59.8
2021-2-8T23:24:40,-62.15968,-58.47315,58.5
2021-2-8T23:24:51,-62.15989,-58.47375,29.1
2021-2-8T23:25:2,-62.15987,-58.47381,-18.9
2021-2-8T23:25:12,-62.15998,-58.47363,4.2
2021-2-8T23:25:54,-62.16025,-58.47185,5.5
2021-2-8T23:26:36,-62.16037,-58.47355,5.6
2021-2-8T23:26:46,-62.16016,-58.47413,5.6
2021-2-8T23:26:57,-62.16027,-58.47454,5.6
2021-2-8T23:27:7,-62.16034,-58.47471,5.7
2021-2-8T23:27:38,-62.16035,-58.47396,5.7
2021-2-8T23:27:49,-62.16027,-58.47378,5.7
2021-2-8T23:28:0,-62.16017,-58.47348,5.6
2021-2-8T23:28:10,-62.16013,-58.47314,5.6
2021-2-8T23:28:21,-62.16009,-58.47324,5.6
2021-2-8T23:28:42,-62.15996,-58.47404,5.6
2021-2-8T23:29:3,-62.15989,-58.47383,5.6
2021-2-8T23:29:13,0.0,-1.33929,5.6
2021-2-8T23:29:24,0.0,0.5000,5.6
2021-2-8T23:29:44,-62.16009,-58.47210,10.5
2021-2-8T23:29:55,-62.16051,-58.47294,8.0
2021-2-8T23:30:6,-62.16031,-58.47343,21.2
2021-2-8T23:30:16,-62.16032,-58.47312,13.9
2021-2-8T23:30:27,-62.16019,-58.47322,20.8
2021-2-8T23:30:37,-62.16007,-58.47354,24.9
2021-2-8T23:30:48,-62.16004,-58.47366,30.0
2021-2-8T23:30:58,-62.16008,-58.47380,34.4
2021-2-8T23:31:30,0.0,-1.33929,37.6
2021-2-8T23:31:40,0.0,-1.33929,37.6
2021-2-8T23:31:51,0.0,-1.33929,37.6
2021-2-8T23:32:1,0.0,-1.33929,37.6
2021-2-8T23:32:12,0.0,-1.33929,37.6
2021-2-8T23:32:22,-62.16029,-58.47354,37.6
2021-2-8T23:32:53,-62.16045,-58.47302,59.8
2021-2-8T23:33:4,0.0,-1.33929,55.3
2021-2-8T23:33:14,-62.16048,-58.47372,56.9
2021-2-8T23:33:25,-62.16011,-58.47497,59.1
2021-2-8T23:33:36,-62.15932,-58.47773,61.2
2021-2-8T23:34:17,-62.16017,-58.47428,76.8
2021-2-8T23:34:28,-62.16033,-58.47459,112.9
2021-2-8T23:34:39,-62.16026,-58.47502,136.3
2021-2-8T23:34:49,-62.16010,-58.47533,147.2
2021-2-8T23:35:0,-62.15977,-58.47279,98.8
2021-2-8T23:35:10,-62.15993,-58.47275,55.0
2021-2-8T23:35:21,-62.15987,-58.47295,29.0
2021-2-8T23:35:31,-62.15976,-58.47285,18.4
2021-2-8T23:35:42,-62.15967,-58.47265,10.3
2021-2-8T23:35:52,-62.15956,-58.47239,5.3
2021-2-8T23:36:3,-62.15944,-58.47209,1.6
2021-2-8T23:36:13,-62.15933,-58.47175,2.4
2021-2-8T23:36:24,-62.15919,-58.47145,2.0
2021-2-8T23:36:35,-62.15909,-58.47110,1.0
2021-2-8T23:36:45,-62.15919,-58.47096,2.3
