2021-2-8T19:48:49,-62.15944,-58.47255,6.3
2021-2-8T19:48:59,-62.15944,-58.47254,9.6
2021-2-8T19:49:10,-62.15944,-58.47254,11.8
2021-2-8T19:49:20,-62.15945,-58.47253,12.8
2021-2-8T19:49:31,-62.15945,-58.47253,14.1
2021-2-8T19:49:42,-62.15945,-58.47252,15.1
2021-2-8T19:49:52,-62.15945,-58.47251,14.2
2021-2-8T19:50:3,-62.15945,-58.47251,13.3
2021-2-8T19:50:13,-62.15945,-58.47250,13.8
2021-2-8T19:50:24,-62.15946,-58.47249,14.7
2021-2-8T19:50:34,-62.15946,-58.47248,15.2
2021-2-8T19:50:45,-62.15946,-58.47248,15.2
2021-2-8T19:50:56,-62.15946,-58.47248,14.1
2021-2-8T19:51:6,-62.15946,-58.47249,13.1
2021-2-8T19:51:17,-62.15945,-58.47249,12.8
2021-2-8T19:51:27,-62.15945,-58.47250,12.1
2021-2-8T19:51:38,-62.15945,-58.47250,12.4
2021-2-8T19:51:48,-62.15946,-58.47250,12.0
2021-2-8T19:51:59,-62.15945,-58.47250,11.4
2021-2-8T19:52:9,-62.15945,-58.47250,11.3
2021-2-8T19:52:20,-62.15945,-58.47250,11.3
2021-2-8T19:52:31,-62.15945,-58.47250,10.9
2021-2-8T19:52:41,-62.15945,-58.47250,11.4
2021-2-8T19:52:52,-62.15945,-58.47249,12.6
2021-2-8T19:53:2,-62.15945,-58.47249,13.6
2021-2-8T19:53:13,-62.15945,-58.47249,13.9
2021-2-8T19:53:23,-62.15945,-58.47249,13.9
2021-2-8T19:53:34,-62.15946,-58.47250,13.3
2021-2-8T19:53:44,-62.15946,-58.47250,13.2
2021-2-8T19:53:55,-62.15946,-58.47250,12.5
2021-2-8T19:54:6,-62.15945,-58.47249,12.7
2021-2-8T19:54:16,-62.15945,-58.47248,13.2
2021-2-8T19:54:27,-62.15945,-58.47249,13.3
2021-2-8T19:54:37,-62.15945,-58.47249,13.2
2021-2-8T19:54:48,-62.15945,-58.47250,13.1
2021-2-8T19:54:58,-62.15945,-58.47250,12.9
2021-2-8T19:55:9,-62.15944,-58.47251,12.2
2021-2-8T19:55:19,-62.15943,-58.47251,10.4
2021-2-8T19:55:30,-62.15943,-58.47251,9.3
2021-2-8T19:55:41,-62.15943,-58.47250,9.7
2021-2-8T19:55:51,-62.15943,-58.47250,10.0
2021-2-8T19:56:2,-62.15944,-58.47250,10.9
2021-2-8T19:56:12,-62.15944,-58.47250,11.9
2021-2-8T19:56:23,-62.15944,-58.47249,12.8
2021-2-8T19:56:33,-62.15945,-58.47248,12.8
2021-2-8T19:56:44,-62.15945,-58.47249,11.3
2021-2-8T19:56:54,-62.15944,-58.47250,11.2
2021-2-8T19:57:5,-62.15944,-58.47251,12.0
2021-2-8T19:57:16,-62.15944,-58.47251,12.3
2021-2-8T19:57:26,-62.15944,-58.47251,12.7
2021-2-8T19:57:37,-62.15945,-58.47252,12.9
2021-2-8T19:57:47,-62.15945,-58.47252,13.5
2021-2-8T19:57:58,-62.15945,-58.47252,13.4
2021-2-8T19:58:8,-62.15944,-58.47252,12.5
2021-2-8T19:58:19,-62.15944,-58.47251,11.9
2021-2-8T19:58:29,-62.15944,-58.47251,11.5
2021-2-8T19:58:40,-62.15945,-58.47251,10.9
2021-2-8T19:58:51,-62.15945,-58.47251,10.6
2021-2-8T19:59:1,-62.15945,-58.47252,10.5
2021-2-8T19:59:12,-62.15944,-58.47252,10.7
2021-2-8T19:59:23,-62.15945,-58.47252,10.5
2021-2-8T19:59:33,-62.15944,-58.47252,9.7
2021-2-8T19:59:44,-62.15944,-58.47253,9.2
2021-2-8T19:59:54,-62.15944,-58.47252,9.2
2021-2-8T20:0:5,-62.15944,-58.47253,9.2
2021-2-8T20:0:16,-62.15944,-58.47253,9.6
2021-2-8T20:0:26,-62.15944,-58.47253,10.1
2021-2-8T20:0:37,-62.15944,-58.47252,10.2
2021-2-8T20:0:47,-62.15944,-58.47251,9.2
2021-2-8T20:0:58,-62.15943,-58.47251,8.4
2021-2-8T20:1:8,-62.15943,-58.47252,9.1
2021-2-8T20:1:19,-62.15943,-58.47253,9.3
2021-2-8T20:1:29,-62.15943,-58.47252,8.6
2021-2-8T20:1:40,-62.15944,-58.47251,8.9
2021-2-8T20:1:51,-62.15944,-58.47250,10.1
2021-2-8T20:2:1,-62.15943,-58.47250,10.9
2021-2-8T20:2:12,-62.15943,-58.47251,10.4
2021-2-8T20:2:22,-62.15943,-58.47251,9.6
2021-2-8T20:2:33,-62.15943,-58.47252,9.2
2021-2-8T20:2:43,-62.15943,-58.47251,8.7
2021-2-8T20:2:54,-62.15942,-58.47251,7.7
2021-2-8T20:3:4,-62.15942,-58.47251,7.2
2021-2-8T20:3:15,-62.15942,-58.47251,6.8
2021-2-8T20:3:26,-62.15942,-58.47251,7.7
2021-2-8T20:3:36,-62.15942,-58.47251,8.0
2021-2-8T20:3:47,-62.15942,-58.47250,8.7
2021-2-8T20:3:57,-62.15943,-58.47250,9.5
2021-2-8T20:4:8,-62.15943,-58.47251,9.0
2021-2-8T20:4:18,-62.15943,-58.47251,8.5
2021-2-8T20:4:29,-62.15943,-58.47252,7.9
2021-2-8T20:4:39,-62.15943,-58.47252,7.6
2021-2-8T20:4:50,-62.15943,-58.47252,7.9
2021-2-8T20:5:0,-62.15942,-58.47253,8.3
2021-2-8T20:5:11,-62.15942,-58.47253,8.9
2021-2-8T20:5:22,-62.15942,-58.47252,9.6
2021-2-8T20:5:32,-62.15943,-58.47252,10.1
2021-2-8T20:5:43,-62.15943,-58.47252,10.2
2021-2-8T20:5:53,-62.15943,-58.47253,10.1
2021-2-8T20:6:4,-62.15943,-58.47253,9.9
2021-2-8T20:6:14,-62.15943,-58.47254,9.6
