2021-2-8T21:52:7,-62.18875,-58.18362,9.6
2021-2-8T21:52:17,-62.18931,-58.18555,8.8
2021-2-8T21:52:28,-62.18994,-58.18758,8.9
2021-2-8T21:52:38,-62.19035,-58.18842,9.9
2021-2-8T21:52:49,-62.19081,-58.19054,10.6
2021-2-8T21:52:59,-62.19133,-58.19253,10.6
2021-2-8T21:53:10,-62.19192,-58.19473,9.1
2021-2-8T21:53:21,-62.19252,-58.19697,8.4
2021-2-8T21:53:31,-62.19306,-58.19903,8.1
2021-2-8T21:53:42,-62.19362,-58.20127,8.8
2021-2-8T21:53:53,-62.19413,-58.20361,10.1
2021-2-8T21:54:3,-62.19452,-58.20574,9.3
2021-2-8T21:54:14,-62.19497,-58.20811,9.3
2021-2-8T21:54:24,-62.19536,-58.21018,9.2
2021-2-8T21:54:35,-62.19571,-58.21180,8.4
2021-2-8T21:54:45,-62.19563,-58.21188,9.6
2021-2-8T21:54:56,-62.19601,-58.21324,11.0
2021-2-8T21:55:7,-62.19627,-58.21574,11.3
2021-2-8T21:55:17,-62.19658,-58.21797,10.5
2021-2-8T21:55:28,-62.19691,-58.22044,9.9
2021-2-8T21:55:38,-62.19731,-58.22257,10.7
2021-2-8T21:55:49,-62.19759,-58.22502,10.2
2021-2-8T21:55:59,-62.19776,-58.22729,10.7
2021-2-8T21:56:10,-62.19787,-58.22981,10.9
2021-2-8T21:56:21,-62.19788,-58.23240,11.1
2021-2-8T21:56:31,-62.19798,-58.23478,10.7
2021-2-8T21:56:42,-62.19805,-58.23734,10.0
2021-2-8T21:56:52,-62.19807,-58.23963,10.0
2021-2-8T21:57:3,-62.19811,-58.24220,8.9
2021-2-8T21:57:13,-62.19814,-58.24449,9.1
2021-2-8T21:57:24,-62.19823,-58.24703,8.8
2021-2-8T21:57:35,-62.19817,-58.24953,9.3
2021-2-8T21:57:45,-62.19821,-58.25188,8.9
2021-2-8T21:57:56,-62.19836,-58.25440,9.2
2021-2-8T21:58:6,-62.19851,-58.25670,9.3
2021-2-8T21:58:17,-62.19874,-58.25922,9.3
2021-2-8T21:58:27,-62.19900,-58.26150,10.1
2021-2-8T21:58:38,-62.19926,-58.26401,10.4
2021-2-8T21:58:49,-62.19953,-58.26650,9.5
2021-2-8T21:58:59,-62.19971,-58.26876,8.8
2021-2-8T21:59:10,-62.19993,-58.27127,9.4
2021-2-8T21:59:20,-62.20007,-58.27359,9.0
2021-2-8T21:59:31,-62.20003,-58.27612,10.1
2021-2-8T21:59:41,-62.19986,-58.27843,10.5
2021-2-8T21:59:52,-62.19962,-58.28094,10.0
2021-2-8T22:0:3,-62.19931,-58.28338,9.6
2021-2-8T22:0:13,-62.19897,-58.28559,9.6
2021-2-8T22:0:24,-62.19848,-58.28793,8.6
2021-2-8T22:0:34,-62.19799,-58.29009,8.3
2021-2-8T22:0:45,-62.19754,-58.29247,9.0
2021-2-8T22:0:55,-62.19706,-58.29458,9.5
2021-2-8T22:1:6,-62.19672,-58.29705,8.4
2021-2-8T22:1:17,-62.19633,-58.29945,8.5
2021-2-8T22:1:27,-62.19595,-58.30163,9.2
2021-2-8T22:1:38,-62.19552,-58.30402,9.2
2021-2-8T22:1:48,-62.19508,-58.30617,8.8
2021-2-8T22:1:59,-62.19456,-58.30845,9.6
2021-2-8T22:2:9,-62.19405,-58.31051,9.5
2021-2-8T22:2:20,-62.19345,-58.31278,8.8
2021-2-8T22:2:30,-62.19290,-58.31477,8.9
2021-2-8T22:2:41,-62.19234,-58.31701,9.4
2021-2-8T22:2:52,-62.19186,-58.31937,8.7
2021-2-8T22:3:2,-62.19138,-58.32149,10.1
2021-2-8T22:3:13,-62.19078,-58.32371,10.3
2021-2-8T22:3:23,-62.19024,-58.32572,9.1
2021-2-8T22:3:34,-62.18964,-58.32794,9.1
2021-2-8T22:3:44,-62.18909,-58.32997,9.7
2021-2-8T22:3:55,-62.18852,-58.33220,9.6
2021-2-8T22:4:6,-62.18792,-58.33445,9.2
2021-2-8T22:4:16,-62.18739,-58.33643,8.7
2021-2-8T22:4:27,-62.18676,-58.33857,9.9
2021-2-8T22:4:38,-62.18615,-58.34074,9.3
2021-2-8T22:4:48,-62.18561,-58.34276,10.2
2021-2-8T22:4:59,-62.18506,-58.34500,10.0
2021-2-8T22:5:9,-62.18457,-58.34703,9.5
2021-2-8T22:5:20,-62.18395,-58.34924,9.1
2021-2-8T22:5:30,-62.18340,-58.35122,9.9
2021-2-8T22:5:41,-62.18284,-58.35342,10.6
2021-2-8T22:5:52,-62.18220,-58.35549,9.5
2021-2-8T22:6:2,-62.18166,-58.35746,9.8
2021-2-8T22:6:13,-62.18109,-58.35965,10.4
2021-2-8T22:6:23,-62.18058,-58.36165,9.1
2021-2-8T22:6:34,-62.17998,-58.36372,9.6
2021-2-8T22:6:44,-62.17960,-58.36587,10.0
2021-2-8T22:6:55,-62.17935,-58.36835,10.2
2021-2-8T22:7:5,-62.17896,-58.37046,10.9
2021-2-8T22:7:16,-62.17847,-58.37276,9.2
2021-2-8T22:7:27,-62.17788,-58.37492,9.6
2021-2-8T22:7:37,-62.17729,-58.37684,9.7
2021-2-8T22:7:48,-62.17669,-58.37898,9.5
2021-2-8T22:7:58,-62.17615,-58.38096,10.5
2021-2-8T22:8:9,-62.17559,-58.38318,10.7
2021-2-8T22:8:19,-62.17503,-58.38514,10.1
2021-2-8T22:8:30,-62.17443,-58.38729,10.7
2021-2-8T22:8:41,-62.17386,-58.38949,10.3
2021-2-8T22:8:51,-62.17335,-58.39149,10.0
2021-2-8T22:9:2,-62.17281,-58.39368,10.4
2021-2-8T22:9:12,-62.17235,-58.39575,10.2
2021-2-8T22:9:23,-62.17174,-58.39787,9.9
2021-2-8T22:9:33,-62.17112,-58.39973,10.4
