2021-2-8T20:6:25,-62.15943,-58.47254,8.8
2021-2-8T20:6:36,-62.15943,-58.47254,9.0
2021-2-8T20:6:46,-62.15944,-58.47252,9.4
2021-2-8T20:6:57,-62.15943,-58.47252,9.2
2021-2-8T20:7:7,-62.15943,-58.47252,9.5
2021-2-8T20:7:18,-62.15943,-58.47252,9.9
2021-2-8T20:7:28,-62.15943,-58.47252,9.5
2021-2-8T20:7:39,-62.15943,-58.47252,9.0
2021-2-8T20:7:49,-62.15943,-58.47252,9.2
2021-2-8T20:8:0,-62.15943,-58.47252,10.3
2021-2-8T20:8:11,-62.15943,-58.47252,10.8
2021-2-8T20:8:21,-62.15943,-58.47252,10.4
2021-2-8T20:8:32,-62.15943,-58.47253,10.7
2021-2-8T20:8:42,-62.15943,-58.47253,10.9
2021-2-8T20:8:53,-62.15943,-58.47254,10.7
2021-2-8T20:9:4,-62.15943,-58.47254,10.1
2021-2-8T20:9:14,-62.15943,-58.47254,10.2
2021-2-8T20:9:25,-62.15943,-58.47254,10.3
2021-2-8T20:9:35,-62.15943,-58.47253,9.9
2021-2-8T20:9:46,-62.15943,-58.47253,9.8
2021-2-8T20:9:56,-62.15943,-58.47252,9.6
2021-2-8T20:10:7,-62.15943,-58.47251,9.2
2021-2-8T20:10:18,-62.15943,-58.47251,8.8
2021-2-8T20:10:28,-62.15943,-58.47251,8.6
2021-2-8T20:10:39,-62.15943,-58.47251,8.4
2021-2-8T20:10:49,-62.15943,-58.47252,8.5
2021-2-8T20:11:0,-62.15940,-58.47257,8.4
2021-2-8T20:11:10,-62.15936,-58.47262,8.7
2021-2-8T20:11:21,-62.15936,-58.47261,9.1
2021-2-8T20:11:31,-62.15935,-58.47262,9.7
2021-2-8T20:11:42,-62.15923,-58.47269,9.6
2021-2-8T20:11:53,-62.15907,-58.47269,9.2
2021-2-8T20:12:3,-62.15895,-58.47287,9.1
2021-2-8T20:12:14,-62.15892,-58.47316,9.3
2021-2-8T20:12:24,-62.15898,-58.47331,9.0
2021-2-8T20:12:35,-62.15898,-58.47331,9.0
2021-2-8T20:12:45,-62.15898,-58.47332,8.3
2021-2-8T20:12:56,-62.15898,-58.47334,7.8
2021-2-8T20:13:6,-62.15898,-58.47335,7.4
2021-2-8T20:13:17,-62.15898,-58.47336,7.2
2021-2-8T20:13:27,-62.15895,-58.47333,6.6
2021-2-8T20:13:38,-62.15892,-58.47330,6.8
2021-2-8T20:13:49,-62.15892,-58.47329,7.3
2021-2-8T20:13:59,-62.15892,-58.47329,7.1
2021-2-8T20:14:10,-62.15885,-58.47325,6.6
2021-2-8T20:14:20,-62.15878,-58.47319,6.2
2021-2-8T20:14:31,-62.15868,-58.47310,6.6
2021-2-8T20:14:41,-62.15859,-58.47301,6.0
2021-2-8T20:14:52,-62.15857,-58.47299,6.1
2021-2-8T20:15:2,-62.15858,-58.47300,5.6
2021-2-8T20:15:13,-62.15858,-58.47298,6.2
2021-2-8T20:15:24,-62.15854,-58.47293,6.1
2021-2-8T20:15:34,-62.15854,-58.47293,6.3
2021-2-8T20:15:45,-62.15853,-58.47293,5.8
2021-2-8T20:15:55,-62.15853,-58.47293,5.5
2021-2-8T20:16:6,-62.15853,-58.47293,5.1
2021-2-8T20:16:16,-62.15851,-58.47290,5.2
2021-2-8T20:16:27,-62.15849,-58.47279,5.4
2021-2-8T20:16:37,-62.15846,-58.47273,4.4
2021-2-8T20:16:48,-62.15841,-58.47259,4.6
2021-2-8T20:16:59,-62.15834,-58.47244,4.6
2021-2-8T20:17:9,-62.15832,-58.47233,5.0
2021-2-8T20:17:20,-62.15832,-58.47226,4.8
2021-2-8T20:17:30,-62.15832,-58.47220,4.6
2021-2-8T20:17:41,-62.15829,-58.47207,4.8
2021-2-8T20:17:51,-62.15819,-58.47184,5.0
2021-2-8T20:18:2,-62.15803,-58.47158,5.1
2021-2-8T20:18:12,-62.15788,-58.47136,5.4
2021-2-8T20:18:23,-62.15770,-58.47108,5.6
2021-2-8T20:18:34,-62.15750,-58.47068,5.7
2021-2-8T20:18:44,-62.15729,-58.47029,5.9
2021-2-8T20:18:55,-62.15700,-58.46965,6.3
2021-2-8T20:19:5,-62.15657,-58.46858,6.4
2021-2-8T20:19:16,-62.15596,-58.46687,6.2
2021-2-8T20:19:26,-62.15536,-58.46515,5.8
2021-2-8T20:19:37,-62.15500,-58.46302,5.7
2021-2-8T20:19:48,-62.15509,-58.46079,5.9
2021-2-8T20:19:58,-62.15515,-58.45874,6.0
2021-2-8T20:20:9,-62.15529,-58.45660,6.0
2021-2-8T20:20:19,-62.15539,-58.45588,5.7
2021-2-8T20:20:30,-62.15555,-58.45551,5.1
2021-2-8T20:20:41,-62.15572,-58.45527,4.8
2021-2-8T20:20:51,-62.15599,-58.45438,5.4
2021-2-8T20:21:2,-62.15653,-58.45262,6.4
2021-2-8T20:21:12,-62.15697,-58.45073,6.5
2021-2-8T20:21:23,-62.15745,-58.44863,6.6
2021-2-8T20:21:33,-62.15791,-58.44675,6.9
2021-2-8T20:21:44,-62.15843,-58.44468,7.1
2021-2-8T20:21:54,-62.15892,-58.44283,6.3
2021-2-8T20:22:5,-62.15946,-58.44080,7.2
2021-2-8T20:22:16,-62.15997,-58.43875,6.9
2021-2-8T20:22:26,-62.16039,-58.43685,7.2
2021-2-8T20:22:37,-62.16087,-58.43480,7.1
2021-2-8T20:22:47,-62.16131,-58.43294,7.6
2021-2-8T20:22:58,-62.16180,-58.43092,6.7
2021-2-8T20:23:8,-62.16224,-58.42911,7.1
2021-2-8T20:23:19,-62.16268,-58.42704,6.8
2021-2-8T20:23:29,-62.16305,-58.42512,7.1
2021-2-8T20:23:40,-62.16350,-58.42304,6.7
2021-2-8T20:23:51,-62.16395,-58.42094,7.3
