2021-2-8T20:59:15,-62.12474,-58.13841,6.3
2021-2-8T20:59:26,-62.12450,-58.14071,6.2
2021-2-8T20:59:36,-62.12425,-58.14278,6.7
2021-2-8T20:59:47,-62.12398,-58.14506,7.4
2021-2-8T20:59:57,-62.12390,-58.14716,7.3
2021-2-8T21:0:8,-62.12412,-58.14944,6.4
2021-2-8T21:0:18,-62.12451,-58.15135,6.8
2021-2-8T21:0:29,-62.12528,-58.15297,6.5
2021-2-8T21:0:39,-62.12612,-58.15388,6.1
2021-2-8T21:0:50,-62.12666,-58.15436,5.9
2021-2-8T21:1:1,-62.12696,-58.15452,5.8
2021-2-8T21:1:11,-62.12720,-58.15469,5.8
2021-2-8T21:1:22,-62.12739,-58.15483,6.0
2021-2-8T21:1:33,-62.12751,-58.15488,6.4
2021-2-8T21:1:43,-62.12761,-58.15497,6.1
2021-2-8T21:1:54,-62.12775,-58.15498,6.9
2021-2-8T21:2:4,-62.12781,-58.15493,6.8
2021-2-8T21:2:15,-62.12788,-58.15495,6.3
2021-2-8T21:2:25,-62.12799,-58.15498,6.3
2021-2-8T21:2:36,-62.12813,-58.15497,6.0
2021-2-8T21:2:47,-62.12827,-58.15491,5.0
2021-2-8T21:2:57,-62.12838,-58.15482,4.9
2021-2-8T21:3:8,-62.12848,-58.15478,5.0
2021-2-8T21:3:18,-62.12861,-58.15476,5.2
2021-2-8T21:3:29,-62.12867,-58.15465,4.9
2021-2-8T21:3:39,-62.12874,-58.15459,4.7
2021-2-8T21:3:50,-62.12874,-58.15458,5.6
2021-2-8T21:4:0,-62.12875,-58.15459,5.8
2021-2-8T21:4:11,-62.12874,-58.15457,5.9
2021-2-8T21:4:22,-62.12875,-58.15456,5.7
2021-2-8T21:4:32,-62.12874,-58.15455,5.5
2021-2-8T21:4:43,-62.12874,-58.15453,5.5
2021-2-8T21:4:53,-62.12874,-58.15451,5.0
2021-2-8T21:5:4,-62.12874,-58.15451,5.4
2021-2-8T21:5:14,-62.12875,-58.15452,5.4
2021-2-8T21:5:25,-62.12875,-58.15453,5.6
2021-2-8T21:5:36,-62.12875,-58.15452,5.7
2021-2-8T21:5:46,-62.12876,-58.15452,5.9
2021-2-8T21:5:57,-62.12876,-58.15453,5.9
2021-2-8T21:6:7,-62.12876,-58.15453,5.9
2021-2-8T21:6:18,-62.12876,-58.15452,5.9
2021-2-8T21:6:28,-62.12876,-58.15452,5.9
2021-2-8T21:6:39,-62.12876,-58.15452,6.0
2021-2-8T21:6:50,-62.12876,-58.15452,5.7
2021-2-8T21:7:0,-62.12875,-58.15456,5.7
2021-2-8T21:7:11,-62.12875,-58.15457,6.0
2021-2-8T21:7:21,-62.12874,-58.15460,6.1
2021-2-8T21:7:32,-62.12874,-58.15461,5.1
2021-2-8T21:7:42,-62.12874,-58.15462,5.5
2021-2-8T21:7:53,-62.12874,-58.15462,6.0
2021-2-8T21:8:3,-62.12873,-58.15462,6.1
2021-2-8T21:8:14,-62.12874,-58.15461,6.3
2021-2-8T21:8:25,-62.12873,-58.15462,6.9
2021-2-8T21:8:35,-62.12874,-58.15461,7.2
2021-2-8T21:8:46,-62.12872,-58.15461,7.0
2021-2-8T21:8:56,-62.12874,-58.15460,7.4
2021-2-8T21:9:7,-62.12874,-58.15461,7.2
2021-2-8T21:9:17,-62.12874,-58.15461,7.2
2021-2-8T21:9:28,-62.12874,-58.15461,6.9
2021-2-8T21:9:39,-62.12874,-58.15461,6.7
2021-2-8T21:9:49,-62.12874,-58.15461,6.6
2021-2-8T21:10:0,-62.12874,-58.15462,6.7
2021-2-8T21:10:10,-62.12874,-58.15462,6.8
2021-2-8T21:10:21,-62.12874,-58.15461,6.5
2021-2-8T21:10:31,-62.12874,-58.15462,6.9
2021-2-8T21:10:42,-62.12874,-58.15462,7.6
2021-2-8T21:10:52,-62.12874,-58.15463,7.9
2021-2-8T21:11:3,-62.12874,-58.15463,7.8
2021-2-8T21:11:14,-62.12874,-58.15463,7.4
2021-2-8T21:11:24,-62.12874,-58.15463,7.4
2021-2-8T21:11:35,-62.12874,-58.15463,7.4
2021-2-8T21:11:45,-62.12875,-58.15464,7.4
2021-2-8T21:11:56,-62.12875,-58.15465,7.4
2021-2-8T21:12:7,-62.12875,-58.15465,7.7
2021-2-8T21:12:17,-62.12874,-58.15466,7.5
2021-2-8T21:12:28,-62.12873,-58.15467,7.6
2021-2-8T21:12:38,-62.12873,-58.15468,7.5
2021-2-8T21:12:49,-62.12872,-58.15468,7.6
2021-2-8T21:13:0,-62.12871,-58.15470,7.7
2021-2-8T21:13:10,-62.12871,-58.15473,8.3
2021-2-8T21:13:21,-62.12872,-58.15471,8.3
2021-2-8T21:13:31,-62.12871,-58.15469,7.3
2021-2-8T21:13:42,-62.12872,-58.15469,7.3
2021-2-8T21:13:52,-62.12871,-58.15469,6.8
2021-2-8T21:14:3,-62.12871,-58.15469,7.2
2021-2-8T21:14:13,-62.12871,-58.15470,7.4
2021-2-8T21:14:24,-62.12869,-58.15474,7.8
2021-2-8T21:14:35,-62.12870,-58.15476,8.2
2021-2-8T21:14:45,-62.12872,-58.15478,8.2
2021-2-8T21:14:56,-62.12871,-58.15481,8.1
2021-2-8T21:15:6,-62.12870,-58.15484,8.6
2021-2-8T21:15:17,-62.12870,-58.15485,7.2
2021-2-8T21:15:27,-62.12872,-58.15486,5.9
2021-2-8T21:15:38,-62.12873,-58.15486,5.1
2021-2-8T21:15:49,-62.12873,-58.15487,4.3
2021-2-8T21:15:59,-62.12873,-58.15486,3.3
2021-2-8T21:16:10,-62.12873,-58.15488,3.4
2021-2-8T21:16:20,-62.12874,-58.15491,3.1
2021-2-8T21:16:31,-62.12874,-58.15491,1.8
2021-2-8T21:16:41,-62.12874,-58.15492,1.6
