2021-2-8T19:27:24,-62.15922,-58.47074,-12.3
2021-2-8T19:27:35,-62.15945,-58.47114,-16.2
2021-2-8T19:27:46,0.0,-1.33929,-8.2
2021-2-8T19:31:34,-62.15924,-58.47124,-1.1
2021-2-8T19:31:45,-62.15923,-58.47129,16.8
2021-2-8T19:31:55,-62.15919,-58.47075,22.9
2021-2-8T19:32:6,-62.15914,-58.47062,30.7
2021-2-8T19:32:16,-62.15917,-58.47091,30.8
2021-2-8T19:32:27,-62.15911,-58.47074,30.7
2021-2-8T19:32:37,-62.15910,-58.47071,30.7
2021-2-8T19:32:48,-62.15910,-58.47063,30.7
2021-2-8T19:32:58,-62.15906,-58.47056,30.7
2021-2-8T19:33:9,-62.15903,-58.47050,30.8
2021-2-8T19:33:20,-62.15904,-58.47050,30.8
2021-2-8T19:33:30,-62.15904,-58.47049,31.2
2021-2-8T19:33:41,-62.15905,-58.47051,31.4
2021-2-8T19:34:2,-62.15910,-58.47054,31.1
2021-2-8T19:34:12,-62.15911,-58.47053,31.1
2021-2-8T19:34:23,-62.15912,-58.47062,31.1
2021-2-8T19:34:33,-62.15911,-58.47063,31.1
2021-2-8T19:34:44,-62.15913,-58.47070,31.1
2021-2-8T19:34:54,-62.15914,-58.47073,30.6
2021-2-8T19:35:5,-62.15915,-58.47075,29.5
2021-2-8T19:35:15,-62.15915,-58.47077,28.2
2021-2-8T19:35:26,-62.15914,-58.47079,26.4
2021-2-8T19:35:37,-62.15915,-58.47081,23.8
2021-2-8T19:35:47,-62.15917,-58.47082,21.3
2021-2-8T19:35:58,-62.15930,-58.47081,18.5
2021-2-8T19:36:8,-62.15933,-58.47106,17.0
2021-2-8T19:36:19,-62.15934,-58.47122,8.0
2021-2-8T19:36:29,-62.15933,-58.47122,6.6
2021-2-8T19:36:40,-62.15933,-58.47121,5.2
2021-2-8T19:36:50,-62.15932,-58.47124,4.0
2021-2-8T19:37:1,-62.15932,-58.47124,5.5
2021-2-8T19:37:12,-62.15932,-58.47125,6.3
2021-2-8T19:37:22,-62.15932,-58.47125,7.6
2021-2-8T19:37:33,-62.15932,-58.47124,8.4
2021-2-8T19:37:43,-62.15931,-58.47117,7.2
2021-2-8T19:37:54,-62.15930,-58.47125,2.0
2021-2-8T19:38:4,-62.15931,-58.47121,4.0
2021-2-8T19:38:15,-62.15931,-58.47123,5.9
2021-2-8T19:38:26,-62.15931,-58.47123,6.6
2021-2-8T19:38:36,-62.15932,-58.47122,8.7
2021-2-8T19:38:47,-62.15931,-58.47121,9.6
2021-2-8T19:38:57,-62.15931,-58.47122,8.6
2021-2-8T19:39:8,-62.15931,-58.47123,9.0
2021-2-8T19:39:19,-62.15928,-58.47113,8.6
2021-2-8T19:39:29,-62.15929,-58.47121,4.6
2021-2-8T19:39:40,-62.15928,-58.47122,7.0
2021-2-8T19:39:50,-62.15930,-58.47124,8.3
2021-2-8T19:40:1,-62.15931,-58.47117,5.3
2021-2-8T19:40:11,-62.15932,-58.47119,5.3
2021-2-8T19:40:22,-62.15939,-58.47151,6.4
2021-2-8T19:40:32,-62.15945,-58.47179,4.5
2021-2-8T19:40:43,-62.15950,-58.47206,3.4
2021-2-8T19:40:53,-62.15960,-58.47249,8.6
2021-2-8T19:41:4,-62.15968,-58.47269,9.0
2021-2-8T19:41:15,-62.15982,-58.47298,10.2
2021-2-8T19:41:25,-62.15992,-58.47319,8.4
2021-2-8T19:41:36,-62.15999,-58.47334,7.0
2021-2-8T19:41:46,-62.16009,-58.47334,9.7
2021-2-8T19:41:57,-62.16014,-58.47330,15.1
2021-2-8T19:42:7,-62.16017,-58.47344,30.2
2021-2-8T19:42:18,-62.16020,-58.47354,46.1
2021-2-8T19:42:28,-62.16018,-58.47347,45.1
2021-2-8T19:42:39,-62.16021,-58.47352,39.2
2021-2-8T19:42:50,-62.16016,-58.47387,0.5
2021-2-8T19:43:0,-62.16010,-58.47376,-15.0
2021-2-8T19:43:11,-62.15984,-58.47416,-110.0
2021-2-8T19:43:21,-62.15965,-58.47421,-148.0
2021-2-8T19:43:32,-62.15982,-58.47402,-97.6
2021-2-8T19:43:42,-62.16001,-58.47397,-40.7
2021-2-8T19:43:53,-62.16005,-58.47372,-26.9
2021-2-8T19:44:3,-62.16006,-58.47355,-19.8
2021-2-8T19:44:14,-62.16005,-58.47339,-11.8
2021-2-8T19:44:25,-62.16005,-58.47330,-6.8
2021-2-8T19:44:35,-62.16007,-58.47335,-5.1
2021-2-8T19:44:46,-62.16010,-58.47334,-6.9
2021-2-8T19:44:56,-62.16010,-58.47334,1.9
2021-2-8T19:45:7,-62.16012,-58.47337,13.2
2021-2-8T19:45:17,-62.16012,-58.47341,22.5
2021-2-8T19:45:28,-62.16007,-58.47358,31.7
2021-2-8T19:45:38,-62.16005,-58.47359,36.6
2021-2-8T19:45:49,-62.16006,-58.47373,40.1
2021-2-8T19:46:0,-62.16003,-58.47365,37.2
2021-2-8T19:46:10,-62.16003,-58.47361,34.3
2021-2-8T19:46:21,-62.16004,-58.47368,31.0
2021-2-8T19:46:31,-62.16004,-58.47350,27.1
2021-2-8T19:46:42,-62.16003,-58.47323,16.5
2021-2-8T19:46:52,-62.16004,-58.47310,12.2
2021-2-8T19:47:3,-62.16004,-58.47321,7.4
2021-2-8T19:47:13,-62.16006,-58.47347,7.2
2021-2-8T19:47:24,-62.15999,-58.47365,6.4
2021-2-8T19:47:35,-62.15988,-58.47356,5.9
2021-2-8T19:47:45,-62.15980,-58.47335,5.0
2021-2-8T19:47:56,-62.15973,-58.47320,3.7
2021-2-8T19:48:6,-62.15964,-58.47295,3.9
2021-2-8T19:48:17,-62.15955,-58.47271,3.5
2021-2-8T19:48:27,-62.15946,-58.47258,1.9
2021-2-8T19:48:38,-62.15945,-58.47258,2.8
2021-2-8T19:48:49,-62.15944,-58.47255,6.3
2021-2-8T19:48:59,-62.15944,-58.47254,9.6
2021-2-8T19:49:10,-62.15944,-58.47254,11.8
2021-2-8T19:49:20,-62.15945,-58.47253,12.8
2021-2-8T19:49:31,-62.15945,-58.47253,14.1
2021-2-8T19:49:42,-62.15945,-58.47252,15.1
2021-2-8T19:49:52,-62.15945,-58.47251,14.2
2021-2-8T19:50:3,-62.15945,-58.47251,13.3
2021-2-8T19:50:13,-62.15945,-58.47250,13.8
2021-2-8T19:50:24,-62.15946,-58.47249,14.7
2021-2-8T19:50:34,-62.15946,-58.47248,15.2
2021-2-8T19:50:45,-62.15946,-58.47248,15.2
2021-2-8T19:50:56,-62.15946,-58.47248,14.1
2021-2-8T19:51:6,-62.15946,-58.47249,13.1
2021-2-8T19:51:17,-62.15945,-58.47249,12.8
2021-2-8T19:51:27,-62.15945,-58.47250,12.1
2021-2-8T19:51:38,-62.15945,-58.47250,12.4
2021-2-8T19:51:48,-62.15946,-58.47250,12.0
2021-2-8T19:51:59,-62.15945,-58.47250,11.4
2021-2-8T19:52:9,-62.15945,-58.47250,11.3
2021-2-8T19:52:20,-62.15945,-58.47250,11.3
2021-2-8T19:52:31,-62.15945,-58.47250,10.9
2021-2-8T19:52:41,-62.15945,-58.47250,11.4
2021-2-8T19:52:52,-62.15945,-58.47249,12.6
2021-2-8T19:53:2,-62.15945,-58.47249,13.6
2021-2-8T19:53:13,-62.15945,-58.47249,13.9
2021-2-8T19:53:23,-62.15945,-58.47249,13.9
2021-2-8T19:53:34,-62.15946,-58.47250,13.3
2021-2-8T19:53:44,-62.15946,-58.47250,13.2
2021-2-8T19:53:55,-62.15946,-58.47250,12.5
2021-2-8T19:54:6,-62.15945,-58.47249,12.7
2021-2-8T19:54:16,-62.15945,-58.47248,13.2
2021-2-8T19:54:27,-62.15945,-58.47249,13.3
2021-2-8T19:54:37,-62.15945,-58.47249,13.2
2021-2-8T19:54:48,-62.15945,-58.47250,13.1
2021-2-8T19:54:58,-62.15945,-58.47250,12.9
2021-2-8T19:55:9,-62.15944,-58.47251,12.2
2021-2-8T19:55:19,-62.15943,-58.47251,10.4
2021-2-8T19:55:30,-62.15943,-58.47251,9.3
2021-2-8T19:55:41,-62.15943,-58.47250,9.7
2021-2-8T19:55:51,-62.15943,-58.47250,10.0
2021-2-8T19:56:2,-62.15944,-58.47250,10.9
2021-2-8T19:56:12,-62.15944,-58.47250,11.9
2021-2-8T19:56:23,-62.15944,-58.47249,12.8
2021-2-8T19:56:33,-62.15945,-58.47248,12.8
2021-2-8T19:56:44,-62.15945,-58.47249,11.3
2021-2-8T19:56:54,-62.15944,-58.47250,11.2
2021-2-8T19:57:5,-62.15944,-58.47251,12.0
2021-2-8T19:57:16,-62.15944,-58.47251,12.3
2021-2-8T19:57:26,-62.15944,-58.47251,12.7
2021-2-8T19:57:37,-62.15945,-58.47252,12.9
2021-2-8T19:57:47,-62.15945,-58.47252,13.5
2021-2-8T19:57:58,-62.15945,-58.47252,13.4
2021-2-8T19:58:8,-62.15944,-58.47252,12.5
2021-2-8T19:58:19,-62.15944,-58.47251,11.9
2021-2-8T19:58:29,-62.15944,-58.47251,11.5
2021-2-8T19:58:40,-62.15945,-58.47251,10.9
2021-2-8T19:58:51,-62.15945,-58.47251,10.6
2021-2-8T19:59:1,-62.15945,-58.47252,10.5
2021-2-8T19:59:12,-62.15944,-58.47252,10.7
2021-2-8T19:59:23,-62.15945,-58.47252,10.5
2021-2-8T19:59:33,-62.15944,-58.47252,9.7
2021-2-8T19:59:44,-62.15944,-58.47253,9.2
2021-2-8T19:59:54,-62.15944,-58.47252,9.2
2021-2-8T20:0:5,-62.15944,-58.47253,9.2
2021-2-8T20:0:16,-62.15944,-58.47253,9.6
2021-2-8T20:0:26,-62.15944,-58.47253,10.1
2021-2-8T20:0:37,-62.15944,-58.47252,10.2
2021-2-8T20:0:47,-62.15944,-58.47251,9.2
2021-2-8T20:0:58,-62.15943,-58.47251,8.4
2021-2-8T20:1:8,-62.15943,-58.47252,9.1
2021-2-8T20:1:19,-62.15943,-58.47253,9.3
2021-2-8T20:1:29,-62.15943,-58.47252,8.6
2021-2-8T20:1:40,-62.15944,-58.47251,8.9
2021-2-8T20:1:51,-62.15944,-58.47250,10.1
2021-2-8T20:2:1,-62.15943,-58.47250,10.9
2021-2-8T20:2:12,-62.15943,-58.47251,10.4
2021-2-8T20:2:22,-62.15943,-58.47251,9.6
2021-2-8T20:2:33,-62.15943,-58.47252,9.2
2021-2-8T20:2:43,-62.15943,-58.47251,8.7
2021-2-8T20:2:54,-62.15942,-58.47251,7.7
2021-2-8T20:3:4,-62.15942,-58.47251,7.2
2021-2-8T20:3:15,-62.15942,-58.47251,6.8
2021-2-8T20:3:26,-62.15942,-58.47251,7.7
2021-2-8T20:3:36,-62.15942,-58.47251,8.0
2021-2-8T20:3:47,-62.15942,-58.47250,8.7
2021-2-8T20:3:57,-62.15943,-58.47250,9.5
2021-2-8T20:4:8,-62.15943,-58.47251,9.0
2021-2-8T20:4:18,-62.15943,-58.47251,8.5
2021-2-8T20:4:29,-62.15943,-58.47252,7.9
2021-2-8T20:4:39,-62.15943,-58.47252,7.6
2021-2-8T20:4:50,-62.15943,-58.47252,7.9
2021-2-8T20:5:0,-62.15942,-58.47253,8.3
2021-2-8T20:5:11,-62.15942,-58.47253,8.9
2021-2-8T20:5:22,-62.15942,-58.47252,9.6
2021-2-8T20:5:32,-62.15943,-58.47252,10.1
2021-2-8T20:5:43,-62.15943,-58.47252,10.2
2021-2-8T20:5:53,-62.15943,-58.47253,10.1
2021-2-8T20:6:4,-62.15943,-58.47253,9.9
2021-2-8T20:6:14,-62.15943,-58.47254,9.6
2021-2-8T22:27:22,-62.16035,-58.47340,59.9
2021-2-8T22:27:32,-62.16037,-58.47341,64.9
2021-2-8T22:27:43,-62.16026,-58.47342,38.1
2021-2-8T22:27:54,-62.16021,-58.47364,0.1
2021-2-8T22:28:4,-62.16021,-58.47371,-12.6
2021-2-8T22:28:15,-62.16020,-58.47375,-21.7
2021-2-8T22:28:25,0.0,0.21667,-16.4
2021-2-8T22:28:36,-62.16033,-58.47397,-4.6
2021-2-8T22:28:46,0.0,0.23333,0.7
2021-2-8T22:28:57,-62.16037,-58.47417,-3.7
2021-2-8T22:29:7,-62.16028,-58.47408,-14.8
2021-2-8T22:29:18,-62.16028,-58.47384,-19.0
2021-2-8T22:29:29,-62.16029,-58.47383,-23.2
2021-2-8T22:29:39,-62.16026,-58.47368,-31.2
2021-2-8T22:29:50,-62.16020,-58.47363,-39.5
2021-2-8T22:30:0,-62.16021,-58.47394,-46.3
2021-2-8T22:30:11,-62.16018,-58.47399,-43.2
2021-2-8T22:30:21,-62.16010,-58.47389,-46.4
2021-2-8T22:30:32,-62.16005,-58.47396,-48.5
2021-2-8T22:30:43,-62.16003,-58.47400,-47.2
2021-2-8T22:30:53,-62.16002,-58.47375,-46.5
2021-2-8T22:31:4,-62.16003,-58.47395,-39.9
2021-2-8T22:31:14,-62.16006,-58.47412,-35.8
2021-2-8T22:31:25,-62.16005,-58.47417,-33.7
2021-2-8T22:31:35,-62.16004,-58.47433,-31.0
2021-2-8T22:31:46,-62.16016,-58.47493,-20.0
2021-2-8T22:31:57,-62.16020,-58.47479,-16.6
2021-2-8T22:32:7,-62.16013,-58.47457,-28.0
2021-2-8T22:32:18,-62.16010,-58.47461,-33.4
2021-2-8T22:32:28,-62.16013,-58.47471,-38.8
2021-2-8T22:32:39,-62.16007,-58.47475,-46.2
2021-2-8T22:32:49,-62.16003,-58.47451,-47.1
2021-2-8T22:33:0,-62.16002,-58.47451,-45.6
2021-2-8T22:33:11,-62.16003,-58.47498,-45.6
2021-2-8T22:33:21,0.0,-1.33929,-45.6
2021-2-8T22:33:32,-62.16002,-58.47487,-45.6
2021-2-8T22:33:42,-62.16008,-58.47478,-45.6
2021-2-8T22:33:53,-62.16007,-58.47411,-45.5
2021-2-8T22:34:3,-62.16019,-58.47433,-45.3
2021-2-8T22:34:14,-62.16040,-58.47458,-45.3
2021-2-8T22:34:24,-62.16041,-58.47459,-45.2
2021-2-8T22:34:35,-62.16043,-58.47481,-45.2
2021-2-8T22:34:46,-62.16041,-58.47442,-45.2
2021-2-8T22:34:56,-62.16032,-58.47424,-45.1
2021-2-8T22:35:7,-62.16027,-58.47414,-45.2
2021-2-8T22:35:17,-62.16021,-58.47433,-45.1
2021-2-8T22:35:28,-62.16016,-58.47437,-45.1
2021-2-8T22:35:39,-62.16016,-58.47436,-45.1
2021-2-8T22:35:49,-62.16014,-58.47469,-45.1
2021-2-8T22:36:21,-62.16014,-58.47452,-45.1
2021-2-8T22:36:42,0.0,-1.33929,-45.1
2021-2-8T22:36:52,-62.16051,-58.47414,-45.1
2021-2-8T22:37:3,-62.16044,-58.47409,-45.1
2021-2-8T22:37:13,-62.16039,-58.47430,-45.1
2021-2-8T22:37:24,-62.16047,-58.47437,-45.1
2021-2-8T22:37:34,-62.16050,-58.47424,-45.1
2021-2-8T22:37:45,-62.16029,-58.47405,-45.1
2021-2-8T22:37:56,0.0,-1.33929,-45.1
2021-2-8T22:38:17,-62.16007,-58.47387,-45.1
2021-2-8T22:38:27,-62.16007,-58.47496,-45.1
2021-2-8T22:38:38,-62.16012,-58.47498,-45.1
2021-2-8T22:38:48,-62.16007,-58.47595,-45.1
2021-2-8T22:38:59,-62.16003,-58.47641,-45.1
2021-2-8T22:39:9,-62.16021,-58.47693,-45.1
2021-2-8T22:39:20,-62.16010,-58.47471,-45.1
2021-2-8T22:39:30,-62.16006,-58.47454,-45.1
2021-2-8T22:39:41,-62.16000,-58.47458,-45.1
2021-2-8T22:39:52,-62.15995,-58.47460,-45.1
2021-2-8T22:40:2,-62.15994,-58.47469,-45.1
2021-2-8T22:40:13,-62.15992,-58.47436,-45.1
2021-2-8T22:40:23,-62.15990,-58.47500,-45.1
2021-2-8T22:40:34,0.0,-1.33929,-45.1
2021-2-8T22:40:44,-62.15997,-58.47458,-45.1
2021-2-8T22:40:55,-62.15988,-58.47441,-45.1
2021-2-8T22:41:6,-62.15982,-58.47443,-45.1
2021-2-8T22:41:16,-62.15979,-58.47465,-45.1
2021-2-8T22:41:47,-62.16008,-58.47528,-45.1
2021-2-8T22:41:58,-62.16005,-58.47673,-45.1
2021-2-8T22:42:8,-62.16013,-58.47621,-45.1
2021-2-8T22:42:19,-62.16023,-58.47571,-39.5
2021-2-8T22:42:30,-62.16031,-58.47484,-35.1
2021-2-8T22:42:40,-62.16023,-58.47480,-28.5
2021-2-8T22:44:14,-62.16007,-58.47338,-11.8
2021-2-8T22:45:16,-62.16020,-58.47403,2.6
2021-2-8T22:45:27,-62.16018,-58.47392,-9.3
2021-2-8T22:45:37,-62.16013,-58.47418,-27.4
2021-2-8T22:45:48,-62.16023,-58.47456,8.2
2021-2-8T22:46:9,-62.16018,-58.47521,8.1
2021-2-8T22:46:19,-62.16010,-58.47377,8.0
2021-2-8T22:46:40,-62.15994,-58.47417,8.0
2021-2-8T22:46:51,-62.15996,-58.47417,8.1
2021-2-8T22:47:2,-62.15999,-58.47412,8.3
2021-2-8T22:47:12,-62.15998,-58.47417,8.6
2021-2-8T22:47:23,-62.15997,-58.47447,9.0
2021-2-8T22:47:33,-62.15997,-58.47438,9.1
2021-2-8T22:47:44,-62.15998,-58.47466,9.3
2021-2-8T22:47:54,-62.15996,-58.47474,9.3
2021-2-8T22:48:5,-62.16002,-58.47447,9.3
2021-2-8T22:48:15,-62.15997,-58.47436,9.4
2021-2-8T22:48:26,-62.15991,-58.47422,9.4
2021-2-8T22:48:37,-62.15993,-58.47442,9.4
2021-2-8T22:50:21,-62.16027,-58.47451,18.4
2021-2-8T22:50:42,-62.16008,-58.47458,20.2
2021-2-8T22:51:3,-62.16012,-58.47436,21.3
2021-2-8T22:51:55,-62.15997,-58.47419,32.3
2021-2-8T22:52:26,-62.16012,-58.47408,32.4
2021-2-8T22:52:47,-62.16023,-58.47478,33.4
2021-2-8T22:52:58,-62.16027,-58.47495,42.3
2021-2-8T22:53:8,-62.16025,-58.47483,53.9
2021-2-8T22:53:19,-62.16025,-58.47477,76.9
2021-2-8T22:53:29,-62.15993,-58.47537,73.8
2021-2-8T22:53:40,-62.16017,-58.47464,63.7
2021-2-8T22:53:51,-62.16035,-58.47417,36.3
2021-2-8T22:54:22,-62.16061,-58.47373,61.0
2021-2-8T22:54:32,-62.16081,-58.47322,64.9
2021-2-8T22:54:43,-62.16072,-58.47339,71.8
2021-2-8T22:54:54,-62.16062,-58.47365,59.8
2021-2-8T22:55:14,-62.16071,-58.47390,45.1
2021-2-8T22:55:25,-62.16061,-58.47395,41.4
2021-2-8T22:55:36,-62.16054,-58.47331,43.0
2021-2-8T22:55:46,-62.16030,-58.47344,38.8
2021-2-8T22:55:57,-62.16012,-58.47392,5.0
2021-2-8T22:56:28,-62.16022,-58.47326,4.1
2021-2-8T22:56:39,-62.16023,-58.47305,4.1
2021-2-8T22:56:49,0.0,0.29464,4.0
2021-2-8T22:57:0,0.0,0.21131,4.0
2021-2-8T22:57:10,-62.16009,-58.47315,4.0
2021-2-8T22:57:21,-62.16013,-58.47307,4.0
2021-2-8T22:57:31,-62.16013,-58.47336,3.9
2021-2-8T22:57:42,-62.16013,-58.47360,3.7
2021-2-8T22:57:52,-62.16010,-58.47362,3.6
2021-2-8T22:59:16,-62.16087,-58.47563,12.9
2021-2-8T22:59:26,-62.16104,-58.47468,43.1
2021-2-8T22:59:37,0.0,-1.33929,43.2
2021-2-8T22:59:47,0.0,-1.33929,43.2
2021-2-8T22:59:58,0.0,-1.33929,43.2
2021-2-8T23:0:8,0.0,-1.33929,43.2
2021-2-8T23:0:19,0.0,-1.33929,43.2
2021-2-8T23:0:29,0.0,-1.33929,43.2
2021-2-8T23:0:40,0.0,-1.33929,43.2
2021-2-8T23:0:50,0.0,-1.33929,43.2
2021-2-8T23:1:1,0.0,-1.33929,43.2
2021-2-8T23:1:11,0.0,-1.33929,43.2
2021-2-8T23:1:22,0.0,-1.33929,43.2
2021-2-8T23:1:32,0.0,-1.33929,43.2
2021-2-8T23:1:43,0.0,-1.33929,43.2
2021-2-8T23:1:53,0.0,-1.33929,43.2
2021-2-8T23:2:4,0.0,0.6667,43.2
2021-2-8T23:2:25,-62.16040,-58.47280,39.5
2021-2-8T23:2:35,-62.16026,-58.47299,37.2
2021-2-8T23:2:46,-62.16005,-58.47317,38.2
2021-2-8T23:2:56,-62.16008,-58.47338,44.0
2021-2-8T23:3:7,-62.16013,-58.47321,39.7
2021-2-8T23:3:17,-62.16015,-58.47331,31.4
2021-2-8T23:3:28,-62.16035,-58.47302,34.7
2021-2-8T23:3:39,-62.16046,-58.47254,40.8
2021-2-8T23:3:49,-62.16053,-58.47248,41.0
2021-2-8T23:4:0,-62.16054,-58.47246,40.7
2021-2-8T23:4:10,-62.16039,-58.47280,40.2
2021-2-8T23:4:41,-62.16091,-58.47156,40.3
2021-2-8T23:4:52,-62.16068,-58.47196,40.4
2021-2-8T23:5:3,-62.16053,-58.47226,40.6
2021-2-8T23:5:13,-62.16045,-58.47236,40.5
2021-2-8T23:5:24,-62.16046,-58.47239,40.6
2021-2-8T23:5:35,-62.16047,-58.47236,40.6
2021-2-8T23:5:45,-62.16049,-58.47242,40.8
2021-2-8T23:5:56,-62.16033,-58.47294,40.7
2021-2-8T23:6:6,-62.16026,-58.47326,40.6
2021-2-8T23:6:17,-62.16040,-58.47312,40.8
2021-2-8T23:6:27,-62.16051,-58.47295,41.0
2021-2-8T23:6:38,-62.16012,-58.47378,40.2
2021-2-8T23:6:59,-62.16010,-58.47340,40.1
2021-2-8T23:7:9,-62.16019,-58.47328,40.2
2021-2-8T23:7:20,-62.16015,-58.47324,40.2
2021-2-8T23:7:30,-62.16023,-58.47283,40.2
2021-2-8T23:7:41,0.0,-1.33929,40.3
2021-2-8T23:7:51,-62.16036,-58.47246,40.3
2021-2-8T23:8:2,0.0,-1.33929,40.3
2021-2-8T23:8:13,-62.16068,-58.47190,40.2
2021-2-8T23:8:23,-62.16044,-58.47214,40.5
2021-2-8T23:8:34,-62.16032,-58.47243,40.3
2021-2-8T23:8:44,-62.15997,-58.47311,40.1
2021-2-8T23:8:55,-62.15999,-58.47306,40.0
2021-2-8T23:9:5,0.0,-1.33929,40.0
2021-2-8T23:9:16,0.0,-1.33929,40.0
2021-2-8T23:9:26,0.0,0.3334,40.0
2021-2-8T23:9:37,0.0,-1.33929,40.0
2021-2-8T23:10:8,-62.16068,-58.47305,47.5
2021-2-8T23:10:19,-62.16064,-58.47352,65.5
2021-2-8T23:10:29,-62.16068,-58.47359,86.8
2021-2-8T23:10:40,-62.16059,-58.47379,76.7
2021-2-8T23:10:50,-62.16046,-58.47430,75.7
2021-2-8T23:11:1,-62.16042,-58.47378,75.1
2021-2-8T23:11:11,-62.16044,-58.47350,75.0
2021-2-8T23:11:22,-62.16033,-58.47352,75.0
2021-2-8T23:11:32,-62.16019,-58.47329,75.0
2021-2-8T23:11:53,-62.16000,-58.47415,75.0
2021-2-8T23:12:4,-62.15982,-58.47451,75.0
2021-2-8T23:12:14,-62.15977,-58.47418,75.0
2021-2-8T23:12:25,-62.16007,-58.47396,75.0
2021-2-8T23:12:36,-62.16026,-58.47420,75.0
2021-2-8T23:12:46,-62.16035,-58.47448,75.0
2021-2-8T23:12:57,-62.16037,-58.47453,75.0
2021-2-8T23:13:18,-62.16045,-58.47386,75.0
2021-2-8T23:13:39,-62.16061,-58.47307,75.0
2021-2-8T23:13:49,-62.16059,-58.47318,75.0
2021-2-8T23:14:0,-62.16051,-58.47329,75.0
2021-2-8T23:14:10,-62.16027,-58.47340,75.0
2021-2-8T23:14:21,0.0,-1.33929,75.0
2021-2-8T23:14:31,-62.15929,-58.47382,75.1
2021-2-8T23:14:42,-62.15971,-58.47410,75.2
2021-2-8T23:15:44,-62.16045,-58.47399,75.2
2021-2-8T23:16:5,-62.16032,-58.47481,75.2
2021-2-8T23:16:16,-62.16029,-58.47487,75.2
2021-2-8T23:16:37,-62.16037,-58.47385,75.2
2021-2-8T23:16:47,-62.16028,-58.47344,75.1
2021-2-8T23:16:58,-62.16017,-58.47354,75.1
2021-2-8T23:17:9,-62.16013,-58.47364,75.1
2021-2-8T23:17:19,-62.16013,-58.47284,73.0
2021-2-8T23:18:11,-62.16040,-58.47299,71.3
2021-2-8T23:18:22,-62.16045,-58.47273,71.3
2021-2-8T23:18:32,-62.16051,-58.47269,71.3
2021-2-8T23:18:53,-62.16046,-58.47319,71.3
2021-2-8T23:19:4,-62.16044,-58.47319,71.1
2021-2-8T23:19:15,-62.16045,-58.47334,70.6
2021-2-8T23:19:25,-62.16040,-58.47347,70.6
2021-2-8T23:19:36,-62.16036,-58.47342,70.6
2021-2-8T23:19:46,-62.16024,-58.47364,70.6
2021-2-8T23:19:57,-62.16027,-58.47257,70.5
2021-2-8T23:20:7,-62.16030,-58.47247,70.2
2021-2-8T23:20:18,-62.16036,-58.47272,69.8
2021-2-8T23:20:29,-62.16038,-58.47316,69.8
2021-2-8T23:21:0,-62.16043,-58.47338,69.8
2021-2-8T23:21:11,0.0,-1.33929,69.8
2021-2-8T23:21:21,-62.16031,-58.47455,69.8
2021-2-8T23:21:31,-62.16040,-58.47460,69.8
2021-2-8T23:22:24,-62.16014,-58.47366,69.8
2021-2-8T23:22:34,-62.16027,-58.47367,69.8
2021-2-8T23:22:45,-62.16034,-58.47386,69.9
2021-2-8T23:22:55,-62.16029,-58.47386,69.9
2021-2-8T23:23:6,0.0,-1.33929,69.9
2021-2-8T23:23:16,-62.16034,-58.47474,69.9
2021-2-8T23:23:27,-62.16041,-58.47390,69.9
2021-2-8T23:23:37,0.0,-1.33929,69.9
2021-2-8T23:23:48,-62.16018,-58.47437,69.9
2021-2-8T23:24:9,-62.15972,-58.47410,69.3
2021-2-8T23:24:19,-62.15974,-58.47433,63.9
2021-2-8T23:24:30,-62.15977,-58.47290,59.8
2021-2-8T23:24:40,-62.15968,-58.47315,58.5
2021-2-8T23:24:51,-62.15989,-58.47375,29.1
2021-2-8T23:25:2,-62.15987,-58.47381,-18.9
2021-2-8T23:25:12,-62.15998,-58.47363,4.2
2021-2-8T23:25:54,-62.16025,-58.47185,5.5
2021-2-8T23:26:36,-62.16037,-58.47355,5.6
2021-2-8T23:26:46,-62.16016,-58.47413,5.6
2021-2-8T23:26:57,-62.16027,-58.47454,5.6
2021-2-8T23:27:7,-62.16034,-58.47471,5.7
2021-2-8T23:27:38,-62.16035,-58.47396,5.7
2021-2-8T23:27:49,-62.16027,-58.47378,5.7
2021-2-8T23:28:0,-62.16017,-58.47348,5.6
2021-2-8T23:28:10,-62.16013,-58.47314,5.6
2021-2-8T23:28:21,-62.16009,-58.47324,5.6
2021-2-8T23:28:42,-62.15996,-58.47404,5.6
2021-2-8T23:29:3,-62.15989,-58.47383,5.6
2021-2-8T23:29:13,0.0,-1.33929,5.6
2021-2-8T23:29:24,0.0,0.5000,5.6
2021-2-8T23:29:44,-62.16009,-58.47210,10.5
2021-2-8T23:29:55,-62.16051,-58.47294,8.0
2021-2-8T23:30:6,-62.16031,-58.47343,21.2
2021-2-8T23:30:16,-62.16032,-58.47312,13.9
2021-2-8T23:30:27,-62.16019,-58.47322,20.8
2021-2-8T23:30:37,-62.16007,-58.47354,24.9
2021-2-8T23:30:48,-62.16004,-58.47366,30.0
2021-2-8T23:30:58,-62.16008,-58.47380,34.4
2021-2-8T23:31:30,0.0,-1.33929,37.6
2021-2-8T23:31:40,0.0,-1.33929,37.6
2021-2-8T23:31:51,0.0,-1.33929,37.6
2021-2-8T23:32:1,0.0,-1.33929,37.6
2021-2-8T23:32:12,0.0,-1.33929,37.6
2021-2-8T23:32:22,-62.16029,-58.47354,37.6
2021-2-8T23:32:53,-62.16045,-58.47302,59.8
2021-2-8T23:33:4,0.0,-1.33929,55.3
2021-2-8T23:33:14,-62.16048,-58.47372,56.9
2021-2-8T23:33:25,-62.16011,-58.47497,59.1
2021-2-8T23:33:36,-62.15932,-58.47773,61.2
2021-2-8T23:34:17,-62.16017,-58.47428,76.8
2021-2-8T23:34:28,-62.16033,-58.47459,112.9
2021-2-8T23:34:39,-62.16026,-58.47502,136.3
2021-2-8T23:34:49,-62.16010,-58.47533,147.2
2021-2-8T23:35:0,-62.15977,-58.47279,98.8
2021-2-8T23:35:10,-62.15993,-58.47275,55.0
2021-2-8T23:35:21,-62.15987,-58.47295,29.0
2021-2-8T23:35:31,-62.15976,-58.47285,18.4
2021-2-8T23:35:42,-62.15967,-58.47265,10.3
2021-2-8T23:35:52,-62.15956,-58.47239,5.3
2021-2-8T23:36:3,-62.15944,-58.47209,1.6
2021-2-8T23:36:13,-62.15933,-58.47175,2.4
2021-2-8T23:36:24,-62.15919,-58.47145,2.0
2021-2-8T23:36:35,-62.15909,-58.47110,1.0
2021-2-8T23:36:45,-62.15919,-58.47096,2.3
2021-2-8T23:36:56,-62.15918,-58.47096,4.2
2021-2-8T23:37:6,0.0,-1.33929,4.2
2021-2-8T23:37:17,0.0,-1.33929,4.3
2021-2-8T20:6:25,-62.15943,-58.47254,8.8
2021-2-8T20:6:36,-62.15943,-58.47254,9.0
2021-2-8T20:6:46,-62.15944,-58.47252,9.4
2021-2-8T20:6:57,-62.15943,-58.47252,9.2
2021-2-8T20:7:7,-62.15943,-58.47252,9.5
2021-2-8T20:7:18,-62.15943,-58.47252,9.9
2021-2-8T20:7:28,-62.15943,-58.47252,9.5
2021-2-8T20:7:39,-62.15943,-58.47252,9.0
2021-2-8T20:7:49,-62.15943,-58.47252,9.2
2021-2-8T20:8:0,-62.15943,-58.47252,10.3
2021-2-8T20:8:11,-62.15943,-58.47252,10.8
2021-2-8T20:8:21,-62.15943,-58.47252,10.4
2021-2-8T20:8:32,-62.15943,-58.47253,10.7
2021-2-8T20:8:42,-62.15943,-58.47253,10.9
2021-2-8T20:8:53,-62.15943,-58.47254,10.7
2021-2-8T20:9:4,-62.15943,-58.47254,10.1
2021-2-8T20:9:14,-62.15943,-58.47254,10.2
2021-2-8T20:9:25,-62.15943,-58.47254,10.3
2021-2-8T20:9:35,-62.15943,-58.47253,9.9
2021-2-8T20:9:46,-62.15943,-58.47253,9.8
2021-2-8T20:9:56,-62.15943,-58.47252,9.6
2021-2-8T20:10:7,-62.15943,-58.47251,9.2
2021-2-8T20:10:18,-62.15943,-58.47251,8.8
2021-2-8T20:10:28,-62.15943,-58.47251,8.6
2021-2-8T20:10:39,-62.15943,-58.47251,8.4
2021-2-8T20:10:49,-62.15943,-58.47252,8.5
2021-2-8T20:11:0,-62.15940,-58.47257,8.4
2021-2-8T20:11:10,-62.15936,-58.47262,8.7
2021-2-8T20:11:21,-62.15936,-58.47261,9.1
2021-2-8T20:11:31,-62.15935,-58.47262,9.7
2021-2-8T20:11:42,-62.15923,-58.47269,9.6
2021-2-8T20:11:53,-62.15907,-58.47269,9.2
2021-2-8T20:12:3,-62.15895,-58.47287,9.1
2021-2-8T20:12:14,-62.15892,-58.47316,9.3
2021-2-8T20:12:24,-62.15898,-58.47331,9.0
2021-2-8T20:12:35,-62.15898,-58.47331,9.0
2021-2-8T20:12:45,-62.15898,-58.47332,8.3
2021-2-8T20:12:56,-62.15898,-58.47334,7.8
2021-2-8T20:13:6,-62.15898,-58.47335,7.4
2021-2-8T20:13:17,-62.15898,-58.47336,7.2
2021-2-8T20:13:27,-62.15895,-58.47333,6.6
2021-2-8T20:13:38,-62.15892,-58.47330,6.8
2021-2-8T20:13:49,-62.15892,-58.47329,7.3
2021-2-8T20:13:59,-62.15892,-58.47329,7.1
2021-2-8T20:14:10,-62.15885,-58.47325,6.6
2021-2-8T20:14:20,-62.15878,-58.47319,6.2
2021-2-8T20:14:31,-62.15868,-58.47310,6.6
2021-2-8T20:14:41,-62.15859,-58.47301,6.0
2021-2-8T20:14:52,-62.15857,-58.47299,6.1
2021-2-8T20:15:2,-62.15858,-58.47300,5.6
2021-2-8T20:15:13,-62.15858,-58.47298,6.2
2021-2-8T20:15:24,-62.15854,-58.47293,6.1
2021-2-8T20:15:34,-62.15854,-58.47293,6.3
2021-2-8T20:15:45,-62.15853,-58.47293,5.8
2021-2-8T20:15:55,-62.15853,-58.47293,5.5
2021-2-8T20:16:6,-62.15853,-58.47293,5.1
2021-2-8T20:16:16,-62.15851,-58.47290,5.2
2021-2-8T20:16:27,-62.15849,-58.47279,5.4
2021-2-8T20:16:37,-62.15846,-58.47273,4.4
2021-2-8T20:16:48,-62.15841,-58.47259,4.6
2021-2-8T20:16:59,-62.15834,-58.47244,4.6
2021-2-8T20:17:9,-62.15832,-58.47233,5.0
2021-2-8T20:17:20,-62.15832,-58.47226,4.8
2021-2-8T20:17:30,-62.15832,-58.47220,4.6
2021-2-8T20:17:41,-62.15829,-58.47207,4.8
2021-2-8T20:17:51,-62.15819,-58.47184,5.0
2021-2-8T20:18:2,-62.15803,-58.47158,5.1
2021-2-8T20:18:12,-62.15788,-58.47136,5.4
2021-2-8T20:18:23,-62.15770,-58.47108,5.6
2021-2-8T20:18:34,-62.15750,-58.47068,5.7
2021-2-8T20:18:44,-62.15729,-58.47029,5.9
2021-2-8T20:18:55,-62.15700,-58.46965,6.3
2021-2-8T20:19:5,-62.15657,-58.46858,6.4
2021-2-8T20:19:16,-62.15596,-58.46687,6.2
2021-2-8T20:19:26,-62.15536,-58.46515,5.8
2021-2-8T20:19:37,-62.15500,-58.46302,5.7
2021-2-8T20:19:48,-62.15509,-58.46079,5.9
2021-2-8T20:19:58,-62.15515,-58.45874,6.0
2021-2-8T20:20:9,-62.15529,-58.45660,6.0
2021-2-8T20:20:19,-62.15539,-58.45588,5.7
2021-2-8T20:20:30,-62.15555,-58.45551,5.1
2021-2-8T20:20:41,-62.15572,-58.45527,4.8
2021-2-8T20:20:51,-62.15599,-58.45438,5.4
2021-2-8T20:21:2,-62.15653,-58.45262,6.4
2021-2-8T20:21:12,-62.15697,-58.45073,6.5
2021-2-8T20:21:23,-62.15745,-58.44863,6.6
2021-2-8T20:21:33,-62.15791,-58.44675,6.9
2021-2-8T20:21:44,-62.15843,-58.44468,7.1
2021-2-8T20:21:54,-62.15892,-58.44283,6.3
2021-2-8T20:22:5,-62.15946,-58.44080,7.2
2021-2-8T20:22:16,-62.15997,-58.43875,6.9
2021-2-8T20:22:26,-62.16039,-58.43685,7.2
2021-2-8T20:22:37,-62.16087,-58.43480,7.1
2021-2-8T20:22:47,-62.16131,-58.43294,7.6
2021-2-8T20:22:58,-62.16180,-58.43092,6.7
2021-2-8T20:23:8,-62.16224,-58.42911,7.1
2021-2-8T20:23:19,-62.16268,-58.42704,6.8
2021-2-8T20:23:29,-62.16305,-58.42512,7.1
2021-2-8T20:23:40,-62.16350,-58.42304,6.7
2021-2-8T20:23:51,-62.16395,-58.42094,7.3
2021-2-8T20:24:1,-62.16439,-58.41904,7.0
2021-2-8T20:24:12,-62.16480,-58.41687,6.4
2021-2-8T20:24:22,-62.16515,-58.41486,8.1
2021-2-8T20:24:33,-62.16565,-58.41280,6.7
2021-2-8T20:24:44,-62.16619,-58.41083,7.1
2021-2-8T20:24:54,-62.16663,-58.40904,8.7
2021-2-8T20:25:5,-62.16711,-58.40713,9.6
2021-2-8T20:25:15,-62.16759,-58.40536,9.1
2021-2-8T20:25:26,-62.16809,-58.40335,7.1
2021-2-8T20:25:36,-62.16855,-58.40154,9.1
2021-2-8T20:25:47,-62.16909,-58.39959,6.3
2021-2-8T20:25:57,-62.16956,-58.39787,6.8
2021-2-8T20:26:8,-62.17008,-58.39587,7.0
2021-2-8T20:26:19,-62.17062,-58.39385,5.6
2021-2-8T20:26:29,-62.17102,-58.39194,7.6
2021-2-8T20:26:40,-62.17148,-58.38982,7.5
2021-2-8T20:26:50,-62.17190,-58.38788,10.1
2021-2-8T20:27:1,-62.17239,-58.38574,8.1
2021-2-8T20:27:11,-62.17284,-58.38380,7.8
2021-2-8T20:27:22,-62.17333,-58.38170,7.8
2021-2-8T20:27:32,-62.17373,-58.37972,9.6
2021-2-8T20:27:43,-62.17420,-58.37752,7.7
2021-2-8T20:27:54,-62.17462,-58.37536,9.5
2021-2-8T20:28:4,-62.17504,-58.37338,9.6
2021-2-8T20:28:15,-62.17551,-58.37125,9.0
2021-2-8T20:28:25,-62.17595,-58.36931,8.7
2021-2-8T20:28:36,-62.17642,-58.36715,8.2
2021-2-8T20:28:46,-62.17684,-58.36519,8.8
2021-2-8T20:28:57,-62.17734,-58.36306,9.3
2021-2-8T20:29:8,-62.17776,-58.36091,8.4
2021-2-8T20:29:18,-62.17824,-58.35902,8.9
2021-2-8T20:29:29,-62.17877,-58.35693,9.4
2021-2-8T20:29:39,-62.17920,-58.35498,9.0
2021-2-8T20:29:50,-62.17971,-58.35289,7.6
2021-2-8T20:30:0,-62.18015,-58.35095,7.1
2021-2-8T20:30:11,-62.18061,-58.34880,9.0
2021-2-8T20:30:22,-62.18109,-58.34667,8.9
2021-2-8T20:30:32,-62.18152,-58.34472,7.6
2021-2-8T20:30:43,-62.18200,-58.34257,7.8
2021-2-8T20:30:53,-62.18241,-58.34062,9.5
2021-2-8T20:31:4,-62.18285,-58.33841,9.8
2021-2-8T20:31:15,-62.18332,-58.33625,9.0
2021-2-8T20:31:25,-62.18372,-58.33428,9.4
2021-2-8T20:31:36,-62.18415,-58.33212,10.6
2021-2-8T20:31:46,-62.18454,-58.33015,10.3
2021-2-8T20:31:57,-62.18491,-58.32792,9.7
2021-2-8T20:32:7,-62.18536,-58.32602,8.2
2021-2-8T20:32:18,-62.18589,-58.32399,9.5
2021-2-8T20:32:28,-62.18638,-58.32214,8.5
2021-2-8T20:32:39,-62.18687,-58.32003,9.8
2021-2-8T20:32:50,-62.18735,-58.31792,10.6
2021-2-8T20:33:0,-62.18777,-58.31603,10.5
2021-2-8T20:33:11,-62.18830,-58.31399,8.7
2021-2-8T20:33:21,-62.18877,-58.31213,8.1
2021-2-8T20:33:32,-62.18929,-58.31010,8.3
2021-2-8T20:33:42,-62.18975,-58.30821,8.1
2021-2-8T20:33:53,-62.19023,-58.30609,8.6
2021-2-8T20:34:4,-62.19068,-58.30397,8.6
2021-2-8T20:34:14,-62.19117,-58.30214,7.9
2021-2-8T20:34:25,-62.19170,-58.30010,8.0
2021-2-8T20:34:35,-62.19217,-58.29825,7.3
2021-2-8T20:34:46,-62.19262,-58.29613,8.0
2021-2-8T20:34:56,-62.19308,-58.29424,8.7
2021-2-8T20:35:7,-62.19359,-58.29217,8.4
2021-2-8T20:35:17,-62.19409,-58.29034,8.9
2021-2-8T20:35:28,-62.19477,-58.28855,7.9
2021-2-8T20:35:39,-62.19558,-58.28703,8.8
2021-2-8T20:35:49,-62.19625,-58.28551,9.3
2021-2-8T20:36:0,-62.19693,-58.28369,8.0
2021-2-8T20:36:10,-62.19749,-58.28192,8.5
2021-2-8T20:36:21,-62.19801,-58.27987,8.3
2021-2-8T20:36:31,-62.19824,-58.27782,9.1
2021-2-8T20:36:42,-62.19835,-58.27549,7.9
2021-2-8T20:36:52,-62.19846,-58.27339,7.8
2021-2-8T20:37:3,-62.19850,-58.27110,8.7
2021-2-8T20:37:14,-62.19854,-58.26880,7.1
2021-2-8T20:37:24,-62.19852,-58.26668,7.3
2021-2-8T20:37:35,-62.19853,-58.26432,4.8
2021-2-8T20:37:45,-62.19857,-58.26219,6.0
2021-2-8T20:37:56,-62.19860,-58.25988,7.6
2021-2-8T20:38:6,-62.19854,-58.25773,7.5
2021-2-8T20:38:17,-62.19847,-58.25534,6.2
2021-2-8T20:38:28,-62.19846,-58.25295,5.6
2021-2-8T20:38:38,-62.19836,-58.25084,6.1
2021-2-8T20:38:49,-62.19820,-58.24848,6.4
2021-2-8T20:38:59,-62.19804,-58.24640,6.6
2021-2-8T20:39:10,-62.19787,-58.24410,5.1
2021-2-8T20:39:20,-62.19778,-58.24201,5.4
2021-2-8T20:39:31,-62.19767,-58.23970,6.9
2021-2-8T20:39:41,-62.19761,-58.23759,6.4
2021-2-8T20:39:52,-62.19760,-58.23530,7.5
2021-2-8T20:40:3,-62.19758,-58.23303,7.4
2021-2-8T20:40:13,-62.19738,-58.23101,6.5
2021-2-8T20:40:24,-62.19686,-58.22906,6.2
2021-2-8T20:40:34,-62.19637,-58.22735,6.3
2021-2-8T20:40:45,-62.19579,-58.22544,5.4
2021-2-8T20:40:56,-62.19527,-58.22353,5.9
2021-2-8T20:41:6,-62.19482,-58.22180,6.4
2021-2-8T20:41:17,-62.19428,-58.21979,6.7
2021-2-8T20:41:27,-62.19381,-58.21802,6.6
2021-2-8T20:41:38,-62.19333,-58.21609,6.6
2021-2-8T20:41:49,-62.19287,-58.21421,7.1
2021-2-8T20:41:59,-62.19242,-58.21248,7.9
2021-2-8T20:42:10,-62.19188,-58.21050,8.4
2021-2-8T20:42:20,-62.19139,-58.20870,8.5
2021-2-8T20:42:31,-62.19083,-58.20670,8.1
2021-2-8T20:42:41,-62.19028,-58.20489,7.1
2021-2-8T20:42:52,-62.18964,-58.20304,7.0
2021-2-8T20:43:3,-62.18895,-58.20119,7.1
2021-2-8T20:43:13,-62.18832,-58.19957,7.7
2021-2-8T20:43:24,-62.18760,-58.19780,8.6
2021-2-8T20:43:34,-62.18692,-58.19625,8.3
2021-2-8T20:43:45,-62.18621,-58.19452,8.9
2021-2-8T20:43:55,-62.18552,-58.19289,8.0
2021-2-8T20:44:6,-62.18478,-58.19111,7.1
2021-2-8T20:44:17,-62.18407,-58.18933,6.8
2021-2-8T20:44:27,-62.18340,-58.18775,6.8
2021-2-8T20:44:38,-62.18273,-58.18597,6.6
2021-2-8T20:44:48,-62.18209,-58.18432,6.8
2021-2-8T20:44:59,-62.18141,-58.18252,8.2
2021-2-8T20:45:9,-62.18078,-58.18086,7.5
2021-2-8T20:45:20,-62.18008,-58.17906,8.4
2021-2-8T20:45:30,-62.17942,-58.17743,9.1
2021-2-8T20:45:41,-62.17870,-58.17566,7.7
2021-2-8T20:45:52,-62.17798,-58.17386,8.9
2021-2-8T20:46:2,-62.17741,-58.17215,8.0
2021-2-8T20:46:13,-62.17678,-58.17023,7.2
2021-2-8T20:46:23,-62.17621,-58.16857,6.4
2021-2-8T20:46:34,-62.17557,-58.16668,7.3
2021-2-8T20:46:44,-62.17493,-58.16502,5.9
2021-2-8T20:46:55,-62.17426,-58.16311,6.2
2021-2-8T20:47:6,-62.17365,-58.16115,5.9
2021-2-8T20:47:16,-62.17304,-58.15943,5.5
2021-2-8T20:47:27,-62.17240,-58.15755,6.0
2021-2-8T20:47:37,-62.17178,-58.15590,6.9
2021-2-8T20:47:48,-62.17116,-58.15403,7.4
2021-2-8T20:47:58,-62.17059,-58.15230,7.5
2021-2-8T20:48:9,-62.16994,-58.15046,7.3
2021-2-8T20:48:20,-62.16938,-58.14859,8.1
2021-2-8T20:48:30,-62.16885,-58.14680,7.5
2021-2-8T20:48:41,-62.16830,-58.14483,6.9
2021-2-8T20:48:51,-62.16772,-58.14303,7.1
2021-2-8T20:49:2,-62.16706,-58.14114,7.0
2021-2-8T20:49:12,-62.16651,-58.13936,7.3
2021-2-8T20:49:23,-62.16585,-58.13745,6.7
2021-2-8T20:49:33,-62.16528,-58.13582,7.1
2021-2-8T20:49:44,-62.16465,-58.13398,7.1
2021-2-8T20:49:55,-62.16401,-58.13200,6.9
2021-2-8T20:50:5,-62.16353,-58.13009,5.7
2021-2-8T20:50:16,-62.16310,-58.12793,7.1
2021-2-8T20:50:26,-62.16277,-58.12592,6.3
2021-2-8T20:50:37,-62.16246,-58.12365,6.6
2021-2-8T20:50:47,-62.16220,-58.12158,6.5
2021-2-8T20:50:58,-62.16173,-58.11945,6.5
2021-2-8T20:51:9,-62.16110,-58.11748,5.6
2021-2-8T20:51:19,-62.16043,-58.11591,5.5
2021-2-8T20:51:30,-62.15959,-58.11429,6.5
2021-2-8T20:51:41,-62.15864,-58.11306,5.8
2021-2-8T20:51:51,-62.15771,-58.11228,5.0
2021-2-8T20:52:2,-62.15670,-58.11144,6.0
2021-2-8T20:52:12,-62.15574,-58.11069,5.4
2021-2-8T20:52:23,-62.15470,-58.10979,4.8
2021-2-8T20:52:33,-62.15378,-58.10910,5.5
2021-2-8T20:52:44,-62.15277,-58.10849,6.9
2021-2-8T20:52:55,-62.15174,-58.10779,6.1
2021-2-8T20:53:5,-62.15077,-58.10714,6.0
2021-2-8T20:53:16,-62.14967,-58.10661,5.2
2021-2-8T20:53:26,-62.14869,-58.10630,5.9
2021-2-8T20:53:37,-62.14760,-58.10627,5.6
2021-2-8T20:53:47,-62.14659,-58.10634,5.5
2021-2-8T20:53:58,-62.14548,-58.10615,3.9
2021-2-8T20:54:8,-62.14449,-58.10576,4.7
2021-2-8T20:54:19,-62.14339,-58.10535,5.0
2021-2-8T20:54:30,-62.14230,-58.10492,5.2
2021-2-8T20:54:40,-62.14135,-58.10460,4.3
2021-2-8T20:54:51,-62.14027,-58.10438,4.7
2021-2-8T20:55:1,-62.13927,-58.10431,5.3
2021-2-8T20:55:12,-62.13821,-58.10436,4.7
2021-2-8T20:55:22,-62.13725,-58.10452,4.5
2021-2-8T20:55:33,-62.13617,-58.10493,4.9
2021-2-8T20:55:44,-62.13512,-58.10555,5.7
2021-2-8T20:55:54,-62.13417,-58.10620,5.5
2021-2-8T20:56:5,-62.13311,-58.10684,6.3
2021-2-8T20:56:15,-62.13218,-58.10745,7.5
2021-2-8T20:56:26,-62.13116,-58.10824,8.3
2021-2-8T20:56:36,-62.13020,-58.10878,8.9
2021-2-8T20:56:47,-62.12921,-58.10982,8.8
2021-2-8T20:56:58,-62.12830,-58.11110,8.3
2021-2-8T20:57:8,-62.12761,-58.11256,8.7
2021-2-8T20:57:19,-62.12710,-58.11459,9.0
2021-2-8T20:57:29,-62.12669,-58.11652,8.6
2021-2-8T20:57:40,-62.12628,-58.11867,7.9
2021-2-8T20:57:50,-62.12603,-58.12064,7.8
2021-2-8T20:58:1,-62.12577,-58.12285,7.7
2021-2-8T20:58:11,-62.12559,-58.12496,7.6
2021-2-8T20:58:22,-62.12553,-58.12735,7.0
2021-2-8T20:58:33,-62.12542,-58.12966,6.3
2021-2-8T20:58:43,-62.12532,-58.13173,7.1
2021-2-8T20:58:54,-62.12519,-58.13401,7.0
2021-2-8T20:59:4,-62.12496,-58.13611,6.7
2021-2-8T20:59:15,-62.12474,-58.13841,6.3
2021-2-8T20:59:26,-62.12450,-58.14071,6.2
2021-2-8T20:59:36,-62.12425,-58.14278,6.7
2021-2-8T20:59:47,-62.12398,-58.14506,7.4
2021-2-8T20:59:57,-62.12390,-58.14716,7.3
2021-2-8T21:0:8,-62.12412,-58.14944,6.4
2021-2-8T21:0:18,-62.12451,-58.15135,6.8
2021-2-8T21:0:29,-62.12528,-58.15297,6.5
2021-2-8T21:0:39,-62.12612,-58.15388,6.1
2021-2-8T21:0:50,-62.12666,-58.15436,5.9
2021-2-8T21:1:1,-62.12696,-58.15452,5.8
2021-2-8T21:1:11,-62.12720,-58.15469,5.8
2021-2-8T21:1:22,-62.12739,-58.15483,6.0
2021-2-8T21:1:33,-62.12751,-58.15488,6.4
2021-2-8T21:1:43,-62.12761,-58.15497,6.1
2021-2-8T21:1:54,-62.12775,-58.15498,6.9
2021-2-8T21:2:4,-62.12781,-58.15493,6.8
2021-2-8T21:2:15,-62.12788,-58.15495,6.3
2021-2-8T21:2:25,-62.12799,-58.15498,6.3
2021-2-8T21:2:36,-62.12813,-58.15497,6.0
2021-2-8T21:2:47,-62.12827,-58.15491,5.0
2021-2-8T21:2:57,-62.12838,-58.15482,4.9
2021-2-8T21:3:8,-62.12848,-58.15478,5.0
2021-2-8T21:3:18,-62.12861,-58.15476,5.2
2021-2-8T21:3:29,-62.12867,-58.15465,4.9
2021-2-8T21:3:39,-62.12874,-58.15459,4.7
2021-2-8T21:3:50,-62.12874,-58.15458,5.6
2021-2-8T21:4:0,-62.12875,-58.15459,5.8
2021-2-8T21:4:11,-62.12874,-58.15457,5.9
2021-2-8T21:4:22,-62.12875,-58.15456,5.7
2021-2-8T21:4:32,-62.12874,-58.15455,5.5
2021-2-8T21:4:43,-62.12874,-58.15453,5.5
2021-2-8T21:4:53,-62.12874,-58.15451,5.0
2021-2-8T21:5:4,-62.12874,-58.15451,5.4
2021-2-8T21:5:14,-62.12875,-58.15452,5.4
2021-2-8T21:5:25,-62.12875,-58.15453,5.6
2021-2-8T21:5:36,-62.12875,-58.15452,5.7
2021-2-8T21:5:46,-62.12876,-58.15452,5.9
2021-2-8T21:5:57,-62.12876,-58.15453,5.9
2021-2-8T21:6:7,-62.12876,-58.15453,5.9
2021-2-8T21:6:18,-62.12876,-58.15452,5.9
2021-2-8T21:6:28,-62.12876,-58.15452,5.9
2021-2-8T21:6:39,-62.12876,-58.15452,6.0
2021-2-8T21:6:50,-62.12876,-58.15452,5.7
2021-2-8T21:7:0,-62.12875,-58.15456,5.7
2021-2-8T21:7:11,-62.12875,-58.15457,6.0
2021-2-8T21:7:21,-62.12874,-58.15460,6.1
2021-2-8T21:7:32,-62.12874,-58.15461,5.1
2021-2-8T21:7:42,-62.12874,-58.15462,5.5
2021-2-8T21:7:53,-62.12874,-58.15462,6.0
2021-2-8T21:8:3,-62.12873,-58.15462,6.1
2021-2-8T21:8:14,-62.12874,-58.15461,6.3
2021-2-8T21:8:25,-62.12873,-58.15462,6.9
2021-2-8T21:8:35,-62.12874,-58.15461,7.2
2021-2-8T21:8:46,-62.12872,-58.15461,7.0
2021-2-8T21:8:56,-62.12874,-58.15460,7.4
2021-2-8T21:9:7,-62.12874,-58.15461,7.2
2021-2-8T21:9:17,-62.12874,-58.15461,7.2
2021-2-8T21:9:28,-62.12874,-58.15461,6.9
2021-2-8T21:9:39,-62.12874,-58.15461,6.7
2021-2-8T21:9:49,-62.12874,-58.15461,6.6
2021-2-8T21:10:0,-62.12874,-58.15462,6.7
2021-2-8T21:10:10,-62.12874,-58.15462,6.8
2021-2-8T21:10:21,-62.12874,-58.15461,6.5
2021-2-8T21:10:31,-62.12874,-58.15462,6.9
2021-2-8T21:10:42,-62.12874,-58.15462,7.6
2021-2-8T21:10:52,-62.12874,-58.15463,7.9
2021-2-8T21:11:3,-62.12874,-58.15463,7.8
2021-2-8T21:11:14,-62.12874,-58.15463,7.4
2021-2-8T21:11:24,-62.12874,-58.15463,7.4
2021-2-8T21:11:35,-62.12874,-58.15463,7.4
2021-2-8T21:11:45,-62.12875,-58.15464,7.4
2021-2-8T21:11:56,-62.12875,-58.15465,7.4
2021-2-8T21:12:7,-62.12875,-58.15465,7.7
2021-2-8T21:12:17,-62.12874,-58.15466,7.5
2021-2-8T21:12:28,-62.12873,-58.15467,7.6
2021-2-8T21:12:38,-62.12873,-58.15468,7.5
2021-2-8T21:12:49,-62.12872,-58.15468,7.6
2021-2-8T21:13:0,-62.12871,-58.15470,7.7
2021-2-8T21:13:10,-62.12871,-58.15473,8.3
2021-2-8T21:13:21,-62.12872,-58.15471,8.3
2021-2-8T21:13:31,-62.12871,-58.15469,7.3
2021-2-8T21:13:42,-62.12872,-58.15469,7.3
2021-2-8T21:13:52,-62.12871,-58.15469,6.8
2021-2-8T21:14:3,-62.12871,-58.15469,7.2
2021-2-8T21:14:13,-62.12871,-58.15470,7.4
2021-2-8T21:14:24,-62.12869,-58.15474,7.8
2021-2-8T21:14:35,-62.12870,-58.15476,8.2
2021-2-8T21:14:45,-62.12872,-58.15478,8.2
2021-2-8T21:14:56,-62.12871,-58.15481,8.1
2021-2-8T21:15:6,-62.12870,-58.15484,8.6
2021-2-8T21:15:17,-62.12870,-58.15485,7.2
2021-2-8T21:15:27,-62.12872,-58.15486,5.9
2021-2-8T21:15:38,-62.12873,-58.15486,5.1
2021-2-8T21:15:49,-62.12873,-58.15487,4.3
2021-2-8T21:15:59,-62.12873,-58.15486,3.3
2021-2-8T21:16:10,-62.12873,-58.15488,3.4
2021-2-8T21:16:20,-62.12874,-58.15491,3.1
2021-2-8T21:16:31,-62.12874,-58.15491,1.8
2021-2-8T21:16:41,-62.12874,-58.15492,1.6
2021-2-8T21:16:52,-62.12875,-58.15491,1.6
2021-2-8T21:17:3,-62.12876,-58.15498,5.2
2021-2-8T21:17:13,-62.12876,-58.15497,5.8
2021-2-8T21:17:24,-62.12877,-58.15496,7.1
2021-2-8T21:17:34,-62.12877,-58.15495,6.3
2021-2-8T21:17:45,-62.12877,-58.15494,5.2
2021-2-8T21:17:56,-62.12877,-58.15491,3.0
2021-2-8T21:18:6,-62.12877,-58.15493,3.6
2021-2-8T21:18:17,-62.12876,-58.15494,8.2
2021-2-8T21:18:27,-62.12875,-58.15492,7.1
2021-2-8T21:18:38,-62.12875,-58.15493,6.9
2021-2-8T21:18:48,-62.12875,-58.15494,7.0
2021-2-8T21:18:59,-62.12875,-58.15496,7.9
2021-2-8T21:19:10,-62.12875,-58.15497,8.0
2021-2-8T21:19:20,-62.12875,-58.15495,8.6
2021-2-8T21:19:31,-62.12875,-58.15496,8.7
2021-2-8T21:19:41,-62.12875,-58.15497,9.6
2021-2-8T21:19:52,-62.12875,-58.15495,7.7
2021-2-8T21:20:2,-62.12875,-58.15495,8.8
2021-2-8T21:20:13,-62.12876,-58.15494,11.9
2021-2-8T21:20:23,-62.12876,-58.15491,11.3
2021-2-8T21:20:34,-62.12875,-58.15490,12.3
2021-2-8T21:20:45,-62.12875,-58.15492,12.2
2021-2-8T21:20:55,-62.12876,-58.15492,11.3
2021-2-8T21:21:6,-62.12875,-58.15493,10.9
2021-2-8T21:21:16,-62.12873,-58.15491,9.9
2021-2-8T21:21:27,-62.12873,-58.15493,9.7
2021-2-8T21:21:37,-62.12874,-58.15492,9.6
2021-2-8T21:21:48,-62.12874,-58.15492,9.6
2021-2-8T21:21:59,-62.12874,-58.15494,8.4
2021-2-8T21:22:9,-62.12872,-58.15493,8.1
2021-2-8T21:22:20,-62.12872,-58.15494,9.0
2021-2-8T21:22:31,-62.12872,-58.15493,8.6
2021-2-8T21:22:41,-62.12873,-58.15491,9.5
2021-2-8T21:22:52,-62.12874,-58.15490,9.6
2021-2-8T21:23:2,-62.12873,-58.15491,10.1
2021-2-8T21:23:13,-62.12872,-58.15490,9.6
2021-2-8T21:23:23,-62.12872,-58.15488,8.7
2021-2-8T21:23:34,-62.12873,-58.15488,8.8
2021-2-8T21:23:45,-62.12873,-58.15488,8.7
2021-2-8T21:23:55,-62.12872,-58.15486,8.9
2021-2-8T21:24:6,-62.12872,-58.15488,9.3
2021-2-8T21:24:16,-62.12872,-58.15487,7.7
2021-2-8T21:24:27,-62.12872,-58.15488,6.1
2021-2-8T21:24:37,-62.12872,-58.15489,6.6
2021-2-8T21:24:48,-62.12872,-58.15488,7.6
2021-2-8T21:24:58,-62.12872,-58.15489,7.7
2021-2-8T21:25:9,-62.12873,-58.15490,8.2
2021-2-8T21:25:20,-62.12873,-58.15491,8.4
2021-2-8T21:25:30,-62.12873,-58.15493,8.6
2021-2-8T21:25:41,-62.12874,-58.15495,8.7
2021-2-8T21:25:51,-62.12874,-58.15494,9.0
2021-2-8T21:26:2,-62.12874,-58.15495,9.7
2021-2-8T21:26:12,-62.12874,-58.15497,9.9
2021-2-8T21:26:23,-62.12873,-58.15495,9.8
2021-2-8T21:26:34,-62.12874,-58.15494,9.5
2021-2-8T21:26:44,-62.12874,-58.15493,9.5
2021-2-8T21:26:55,-62.12874,-58.15493,9.1
2021-2-8T21:27:5,-62.12875,-58.15493,9.4
2021-2-8T21:27:16,-62.12875,-58.15494,9.8
2021-2-8T21:27:26,-62.12873,-58.15489,9.7
2021-2-8T21:27:37,-62.12870,-58.15485,9.0
2021-2-8T21:27:48,-62.12862,-58.15484,8.4
2021-2-8T21:27:58,-62.12853,-58.15482,7.8
2021-2-8T21:28:9,-62.12848,-58.15483,8.1
2021-2-8T21:28:19,-62.12838,-58.15476,8.1
2021-2-8T21:28:30,-62.12822,-58.15477,7.7
2021-2-8T21:28:40,-62.12808,-58.15481,7.5
2021-2-8T21:28:51,-62.12794,-58.15492,7.7
2021-2-8T21:29:2,-62.12784,-58.15499,8.3
2021-2-8T21:29:12,-62.12781,-58.15495,8.3
2021-2-8T21:29:23,-62.12781,-58.15492,8.1
2021-2-8T21:29:33,-62.12781,-58.15490,8.0
2021-2-8T21:29:44,-62.12781,-58.15490,7.6
2021-2-8T21:29:54,-62.12782,-58.15489,6.9
2021-2-8T21:30:5,-62.12782,-58.15487,6.6
2021-2-8T21:30:16,-62.12782,-58.15485,6.7
2021-2-8T21:30:26,-62.12782,-58.15485,7.1
2021-2-8T21:30:37,-62.12782,-58.15484,8.0
2021-2-8T21:30:47,-62.12783,-58.15482,7.7
2021-2-8T21:30:58,-62.12782,-58.15480,6.9
2021-2-8T21:31:8,-62.12782,-58.15478,6.9
2021-2-8T21:31:19,-62.12782,-58.15477,7.2
2021-2-8T21:31:29,-62.12782,-58.15476,7.2
2021-2-8T21:31:40,-62.12781,-58.15475,7.4
2021-2-8T21:31:51,-62.12780,-58.15474,7.6
2021-2-8T21:32:1,-62.12780,-58.15473,7.5
2021-2-8T21:32:12,-62.12779,-58.15472,7.7
2021-2-8T21:32:22,-62.12779,-58.15471,7.6
2021-2-8T21:32:33,-62.12778,-58.15469,7.7
2021-2-8T21:32:43,-62.12777,-58.15468,7.5
2021-2-8T21:32:54,-62.12777,-58.15466,7.1
2021-2-8T21:33:5,-62.12777,-58.15465,6.5
2021-2-8T21:33:15,-62.12776,-58.15464,6.2
2021-2-8T21:33:26,-62.12775,-58.15463,6.6
2021-2-8T21:33:37,-62.12774,-58.15461,6.8
2021-2-8T21:33:47,-62.12773,-58.15461,7.2
2021-2-8T21:33:58,-62.12773,-58.15463,7.3
2021-2-8T21:34:8,-62.12772,-58.15461,7.6
2021-2-8T21:34:19,-62.12771,-58.15459,8.0
2021-2-8T21:34:29,-62.12760,-58.15442,8.5
2021-2-8T21:34:40,-62.12737,-58.15423,8.3
2021-2-8T21:34:51,-62.12709,-58.15403,8.4
2021-2-8T21:35:1,-62.12661,-58.15339,8.1
2021-2-8T21:35:12,-62.12613,-58.15184,8.0
2021-2-8T21:35:22,-62.12575,-58.15045,8.7
2021-2-8T21:35:33,-62.12548,-58.14864,8.0
2021-2-8T21:35:43,-62.12524,-58.14674,7.4
2021-2-8T21:35:54,-62.12496,-58.14463,6.9
2021-2-8T21:36:5,-62.12468,-58.14242,5.7
2021-2-8T21:36:15,-62.12442,-58.14028,5.9
2021-2-8T21:36:26,-62.12421,-58.13788,5.6
2021-2-8T21:36:36,-62.12401,-58.13573,6.9
2021-2-8T21:36:47,-62.12390,-58.13335,6.9
2021-2-8T21:36:57,-62.12390,-58.13118,6.2
2021-2-8T21:37:8,-62.12385,-58.12883,6.5
2021-2-8T21:37:19,-62.12385,-58.12649,6.1
2021-2-8T21:37:29,-62.12388,-58.12445,7.4
2021-2-8T21:37:40,-62.12402,-58.12215,6.4
2021-2-8T21:37:50,-62.12413,-58.12013,6.6
2021-2-8T21:38:1,-62.12445,-58.11806,7.8
2021-2-8T21:38:11,-62.12500,-58.11641,7.8
2021-2-8T21:38:22,-62.12570,-58.11482,7.9
2021-2-8T21:38:33,-62.12654,-58.11339,8.4
2021-2-8T21:38:43,-62.12732,-58.11221,8.4
2021-2-8T21:38:54,-62.12824,-58.11116,8.8
2021-2-8T21:39:4,-62.12901,-58.11031,10.3
2021-2-8T21:39:15,-62.12997,-58.10927,10.5
2021-2-8T21:39:25,-62.13091,-58.10853,9.4
2021-2-8T21:39:36,-62.13188,-58.10782,10.3
2021-2-8T21:39:46,-62.13284,-58.10711,9.3
2021-2-8T21:39:57,-62.13390,-58.10626,8.2
2021-2-8T21:40:8,-62.13496,-58.10553,8.2
2021-2-8T21:40:18,-62.13590,-58.10488,9.0
2021-2-8T21:40:29,-62.13694,-58.10431,10.0
2021-2-8T21:40:39,-62.13785,-58.10387,11.5
2021-2-8T21:40:50,-62.13886,-58.10353,10.6
2021-2-8T21:41:0,-62.13988,-58.10337,10.1
2021-2-8T21:41:11,-62.14096,-58.10313,8.6
2021-2-8T21:41:22,-62.14202,-58.10318,8.5
2021-2-8T21:41:32,-62.14304,-58.10350,8.9
2021-2-8T21:41:43,-62.14416,-58.10383,7.5
2021-2-8T21:41:53,-62.14518,-58.10415,6.2
2021-2-8T21:42:4,-62.14627,-58.10474,7.2
2021-2-8T21:42:14,-62.14725,-58.10532,6.8
2021-2-8T21:42:25,-62.14811,-58.10556,7.9
2021-2-8T21:42:36,-62.14818,-58.10547,7.8
2021-2-8T21:42:46,-62.14818,-58.10545,7.9
2021-2-8T21:42:57,-62.14816,-58.10545,8.0
2021-2-8T21:43:8,-62.14854,-58.10546,7.5
2021-2-8T21:43:18,-62.14956,-58.10543,7.2
2021-2-8T21:43:29,-62.15066,-58.10593,7.8
2021-2-8T21:43:39,-62.15167,-58.10650,8.7
2021-2-8T21:43:50,-62.15280,-58.10707,8.2
2021-2-8T21:44:0,-62.15375,-58.10792,10.0
2021-2-8T21:44:11,-62.15478,-58.10904,9.5
2021-2-8T21:44:22,-62.15575,-58.11035,9.8
2021-2-8T21:44:32,-62.15664,-58.11156,9.2
2021-2-8T21:44:43,-62.15761,-58.11287,9.0
2021-2-8T21:44:53,-62.15856,-58.11387,9.0
2021-2-8T21:45:4,-62.15971,-58.11429,8.4
2021-2-8T21:45:14,-62.16073,-58.11491,8.1
2021-2-8T21:45:25,-62.16177,-58.11604,8.7
2021-2-8T21:45:36,-62.16272,-58.11748,8.8
2021-2-8T21:45:46,-62.16356,-58.11896,8.1
2021-2-8T21:45:57,-62.16451,-58.12044,7.5
2021-2-8T21:46:7,-62.16541,-58.12172,8.2
2021-2-8T21:46:18,-62.16627,-58.12342,7.4
2021-2-8T21:46:28,-62.16704,-58.12498,7.2
2021-2-8T21:46:39,-62.16786,-58.12684,7.9
2021-2-8T21:46:49,-62.16861,-58.12832,8.7
2021-2-8T21:47:0,-62.16935,-58.12973,9.2
2021-2-8T21:47:11,-62.16987,-58.13050,8.2
2021-2-8T21:47:21,-62.17042,-58.13126,7.2
2021-2-8T21:47:32,-62.17115,-58.13296,7.8
2021-2-8T21:47:42,-62.17186,-58.13464,8.2
2021-2-8T21:47:53,-62.17238,-58.13693,8.2
2021-2-8T21:48:3,-62.17305,-58.13877,9.2
2021-2-8T21:48:14,-62.17383,-58.14071,9.2
2021-2-8T21:48:25,-62.17460,-58.14266,10.0
2021-2-8T21:48:35,-62.17525,-58.14450,8.4
2021-2-8T21:48:46,-62.17598,-58.14647,8.1
2021-2-8T21:48:56,-62.17662,-58.14831,7.7
2021-2-8T21:49:7,-62.17731,-58.15039,8.1
2021-2-8T21:49:17,-62.17791,-58.15234,8.9
2021-2-8T21:49:28,-62.17858,-58.15441,8.6
2021-2-8T21:49:39,-62.17930,-58.15637,9.2
2021-2-8T21:49:49,-62.17993,-58.15823,9.1
2021-2-8T21:50:0,-62.18068,-58.16018,8.0
2021-2-8T21:50:10,-62.18132,-58.16200,9.2
2021-2-8T21:50:21,-62.18198,-58.16407,10.1
2021-2-8T21:50:31,-62.18264,-58.16585,10.0
2021-2-8T21:50:42,-62.18341,-58.16780,10.0
2021-2-8T21:50:53,-62.18412,-58.16985,9.4
2021-2-8T21:51:3,-62.18473,-58.17175,10.6
2021-2-8T21:51:14,-62.18549,-58.17368,10.4
2021-2-8T21:51:24,-62.18616,-58.17545,9.6
2021-2-8T21:51:35,-62.18686,-58.17746,9.7
2021-2-8T21:51:45,-62.18748,-58.17939,9.6
2021-2-8T21:51:56,-62.18813,-58.18153,10.0
2021-2-8T21:52:7,-62.18875,-58.18362,9.6
2021-2-8T21:52:17,-62.18931,-58.18555,8.8
2021-2-8T21:52:28,-62.18994,-58.18758,8.9
2021-2-8T21:52:38,-62.19035,-58.18842,9.9
2021-2-8T21:52:49,-62.19081,-58.19054,10.6
2021-2-8T21:52:59,-62.19133,-58.19253,10.6
2021-2-8T21:53:10,-62.19192,-58.19473,9.1
2021-2-8T21:53:21,-62.19252,-58.19697,8.4
2021-2-8T21:53:31,-62.19306,-58.19903,8.1
2021-2-8T21:53:42,-62.19362,-58.20127,8.8
2021-2-8T21:53:53,-62.19413,-58.20361,10.1
2021-2-8T21:54:3,-62.19452,-58.20574,9.3
2021-2-8T21:54:14,-62.19497,-58.20811,9.3
2021-2-8T21:54:24,-62.19536,-58.21018,9.2
2021-2-8T21:54:35,-62.19571,-58.21180,8.4
2021-2-8T21:54:45,-62.19563,-58.21188,9.6
2021-2-8T21:54:56,-62.19601,-58.21324,11.0
2021-2-8T21:55:7,-62.19627,-58.21574,11.3
2021-2-8T21:55:17,-62.19658,-58.21797,10.5
2021-2-8T21:55:28,-62.19691,-58.22044,9.9
2021-2-8T21:55:38,-62.19731,-58.22257,10.7
2021-2-8T21:55:49,-62.19759,-58.22502,10.2
2021-2-8T21:55:59,-62.19776,-58.22729,10.7
2021-2-8T21:56:10,-62.19787,-58.22981,10.9
2021-2-8T21:56:21,-62.19788,-58.23240,11.1
2021-2-8T21:56:31,-62.19798,-58.23478,10.7
2021-2-8T21:56:42,-62.19805,-58.23734,10.0
2021-2-8T21:56:52,-62.19807,-58.23963,10.0
2021-2-8T21:57:3,-62.19811,-58.24220,8.9
2021-2-8T21:57:13,-62.19814,-58.24449,9.1
2021-2-8T21:57:24,-62.19823,-58.24703,8.8
2021-2-8T21:57:35,-62.19817,-58.24953,9.3
2021-2-8T21:57:45,-62.19821,-58.25188,8.9
2021-2-8T21:57:56,-62.19836,-58.25440,9.2
2021-2-8T21:58:6,-62.19851,-58.25670,9.3
2021-2-8T21:58:17,-62.19874,-58.25922,9.3
2021-2-8T21:58:27,-62.19900,-58.26150,10.1
2021-2-8T21:58:38,-62.19926,-58.26401,10.4
2021-2-8T21:58:49,-62.19953,-58.26650,9.5
2021-2-8T21:58:59,-62.19971,-58.26876,8.8
2021-2-8T21:59:10,-62.19993,-58.27127,9.4
2021-2-8T21:59:20,-62.20007,-58.27359,9.0
2021-2-8T21:59:31,-62.20003,-58.27612,10.1
2021-2-8T21:59:41,-62.19986,-58.27843,10.5
2021-2-8T21:59:52,-62.19962,-58.28094,10.0
2021-2-8T22:0:3,-62.19931,-58.28338,9.6
2021-2-8T22:0:13,-62.19897,-58.28559,9.6
2021-2-8T22:0:24,-62.19848,-58.28793,8.6
2021-2-8T22:0:34,-62.19799,-58.29009,8.3
2021-2-8T22:0:45,-62.19754,-58.29247,9.0
2021-2-8T22:0:55,-62.19706,-58.29458,9.5
2021-2-8T22:1:6,-62.19672,-58.29705,8.4
2021-2-8T22:1:17,-62.19633,-58.29945,8.5
2021-2-8T22:1:27,-62.19595,-58.30163,9.2
2021-2-8T22:1:38,-62.19552,-58.30402,9.2
2021-2-8T22:1:48,-62.19508,-58.30617,8.8
2021-2-8T22:1:59,-62.19456,-58.30845,9.6
2021-2-8T22:2:9,-62.19405,-58.31051,9.5
2021-2-8T22:2:20,-62.19345,-58.31278,8.8
2021-2-8T22:2:30,-62.19290,-58.31477,8.9
2021-2-8T22:2:41,-62.19234,-58.31701,9.4
2021-2-8T22:2:52,-62.19186,-58.31937,8.7
2021-2-8T22:3:2,-62.19138,-58.32149,10.1
2021-2-8T22:3:13,-62.19078,-58.32371,10.3
2021-2-8T22:3:23,-62.19024,-58.32572,9.1
2021-2-8T22:3:34,-62.18964,-58.32794,9.1
2021-2-8T22:3:44,-62.18909,-58.32997,9.7
2021-2-8T22:3:55,-62.18852,-58.33220,9.6
2021-2-8T22:4:6,-62.18792,-58.33445,9.2
2021-2-8T22:4:16,-62.18739,-58.33643,8.7
2021-2-8T22:4:27,-62.18676,-58.33857,9.9
2021-2-8T22:4:38,-62.18615,-58.34074,9.3
2021-2-8T22:4:48,-62.18561,-58.34276,10.2
2021-2-8T22:4:59,-62.18506,-58.34500,10.0
2021-2-8T22:5:9,-62.18457,-58.34703,9.5
2021-2-8T22:5:20,-62.18395,-58.34924,9.1
2021-2-8T22:5:30,-62.18340,-58.35122,9.9
2021-2-8T22:5:41,-62.18284,-58.35342,10.6
2021-2-8T22:5:52,-62.18220,-58.35549,9.5
2021-2-8T22:6:2,-62.18166,-58.35746,9.8
2021-2-8T22:6:13,-62.18109,-58.35965,10.4
2021-2-8T22:6:23,-62.18058,-58.36165,9.1
2021-2-8T22:6:34,-62.17998,-58.36372,9.6
2021-2-8T22:6:44,-62.17960,-58.36587,10.0
2021-2-8T22:6:55,-62.17935,-58.36835,10.2
2021-2-8T22:7:5,-62.17896,-58.37046,10.9
2021-2-8T22:7:16,-62.17847,-58.37276,9.2
2021-2-8T22:7:27,-62.17788,-58.37492,9.6
2021-2-8T22:7:37,-62.17729,-58.37684,9.7
2021-2-8T22:7:48,-62.17669,-58.37898,9.5
2021-2-8T22:7:58,-62.17615,-58.38096,10.5
2021-2-8T22:8:9,-62.17559,-58.38318,10.7
2021-2-8T22:8:19,-62.17503,-58.38514,10.1
2021-2-8T22:8:30,-62.17443,-58.38729,10.7
2021-2-8T22:8:41,-62.17386,-58.38949,10.3
2021-2-8T22:8:51,-62.17335,-58.39149,10.0
2021-2-8T22:9:2,-62.17281,-58.39368,10.4
2021-2-8T22:9:12,-62.17235,-58.39575,10.2
2021-2-8T22:9:23,-62.17174,-58.39787,9.9
2021-2-8T22:9:33,-62.17112,-58.39973,10.4
2021-2-8T22:9:44,-62.17050,-58.40190,11.8
2021-2-8T22:9:55,-62.16998,-58.40419,12.1
2021-2-8T22:10:5,-62.16953,-58.40633,11.7
2021-2-8T22:10:16,-62.16911,-58.40873,10.8
2021-2-8T22:10:26,-62.16866,-58.41089,10.4
2021-2-8T22:10:37,-62.16817,-58.41292,11.9
2021-2-8T22:10:48,-62.16764,-58.41495,12.5
2021-2-8T22:10:58,-62.16711,-58.41698,12.7
2021-2-8T22:11:9,-62.16655,-58.41910,11.2
2021-2-8T22:11:19,-62.16605,-58.42084,9.4
2021-2-8T22:11:30,-62.16543,-58.42277,9.9
2021-2-8T22:11:40,-62.16484,-58.42455,11.2
2021-2-8T22:11:51,-62.16422,-58.42655,9.2
2021-2-8T22:12:2,-62.16355,-58.42849,9.8
2021-2-8T22:12:12,-62.16289,-58.43023,10.6
2021-2-8T22:12:23,-62.16217,-58.43216,11.5
2021-2-8T22:12:33,-62.16151,-58.43389,11.5
2021-2-8T22:12:44,-62.16082,-58.43593,12.1
2021-2-8T22:12:54,-62.16025,-58.43784,13.0
2021-2-8T22:13:5,-62.15968,-58.44012,13.6
2021-2-8T22:13:16,-62.15913,-58.44240,13.4
2021-2-8T22:13:26,-62.15867,-58.44451,13.2
2021-2-8T22:13:37,-62.15823,-58.44685,12.9
2021-2-8T22:13:47,-62.15778,-58.44897,12.0
2021-2-8T22:13:58,-62.15736,-58.45138,10.6
2021-2-8T22:14:8,-62.15698,-58.45355,11.4
2021-2-8T22:14:19,-62.15663,-58.45597,11.9
2021-2-8T22:14:30,-62.15635,-58.45843,10.8
2021-2-8T22:14:40,-62.15611,-58.46057,11.4
2021-2-8T22:14:51,-62.15596,-58.46316,11.5
2021-2-8T22:15:2,-62.15611,-58.46574,11.1
2021-2-8T22:15:12,-62.15649,-58.46799,10.7
2021-2-8T22:15:23,-62.15699,-58.47031,10.9
2021-2-8T22:15:33,-62.15757,-58.47162,9.8
2021-2-8T22:15:44,-62.15780,-58.47194,8.2
2021-2-8T22:15:54,-62.15799,-58.47213,6.8
2021-2-8T22:16:5,-62.15809,-58.47222,5.8
2021-2-8T22:16:16,-62.15827,-58.47244,6.1
2021-2-8T22:16:26,-62.15842,-58.47267,6.7
2021-2-8T22:16:37,-62.15853,-58.47284,7.0
2021-2-8T22:16:47,-62.15858,-58.47293,7.5
2021-2-8T22:16:58,-62.15859,-58.47293,7.0
2021-2-8T22:17:8,-62.15858,-58.47292,7.0
2021-2-8T22:17:19,-62.15866,-58.47304,8.4
2021-2-8T22:17:30,-62.15881,-58.47322,9.8
2021-2-8T22:17:40,-62.15884,-58.47324,9.6
2021-2-8T22:17:51,-62.15884,-58.47323,9.3
2021-2-8T22:18:1,-62.15886,-58.47324,9.4
2021-2-8T22:18:12,-62.15904,-58.47318,9.3
2021-2-8T22:18:22,-62.15924,-58.47310,9.4
2021-2-8T22:18:33,-62.15950,-58.47308,9.2
2021-2-8T22:18:44,-62.15974,-58.47322,8.2
2021-2-8T22:18:54,-62.15988,-58.47356,8.6
2021-2-8T22:19:5,-62.16003,-58.47380,8.2
2021-2-8T22:19:15,-62.16004,-58.47390,12.4
2021-2-8T22:19:26,-62.16007,-58.47365,14.1
2021-2-8T22:19:36,-62.16007,-58.47365,16.2
2021-2-8T22:19:47,-62.16006,-58.47368,16.9
2021-2-8T22:19:58,-62.16013,-58.47354,17.7
2021-2-8T22:20:8,-62.16017,-58.47347,18.8
2021-2-8T22:20:19,-62.16017,-58.47345,20.1
2021-2-8T22:20:29,-62.16016,-58.47346,20.0
2021-2-8T22:20:40,-62.16016,-58.47347,19.0
2021-2-8T22:20:50,-62.16017,-58.47348,17.6
2021-2-8T22:21:1,-62.16018,-58.47346,18.6
2021-2-8T22:21:12,-62.16019,-58.47345,18.3
2021-2-8T22:21:22,-62.16018,-58.47345,18.0
2021-2-8T22:21:33,-62.16017,-58.47348,16.0
2021-2-8T22:21:43,-62.16016,-58.47349,17.2
2021-2-8T22:21:54,-62.16015,-58.47350,18.6
2021-2-8T22:22:4,-62.16015,-58.47352,17.5
2021-2-8T22:22:15,-62.16016,-58.47349,19.8
2021-2-8T22:22:25,-62.16018,-58.47345,22.1
2021-2-8T22:22:36,-62.16018,-58.47344,23.3
2021-2-8T22:22:47,-62.16017,-58.47345,23.4
2021-2-8T22:22:57,-62.16017,-58.47346,23.4
2021-2-8T22:23:8,-62.16018,-58.47346,24.1
2021-2-8T22:23:18,-62.16017,-58.47345,24.6
2021-2-8T22:23:29,-62.16014,-58.47345,26.8
2021-2-8T22:23:39,-62.16015,-58.47345,21.8
2021-2-8T22:23:50,-62.16016,-58.47346,22.5
2021-2-8T22:24:1,-62.16016,-58.47346,23.3
2021-2-8T22:24:11,-62.16016,-58.47346,23.0
2021-2-8T22:24:22,-62.16016,-58.47347,22.9
2021-2-8T22:24:32,-62.16016,-58.47348,22.3
2021-2-8T22:24:43,-62.16016,-58.47347,22.4
2021-2-8T22:24:53,-62.16016,-58.47346,23.5
2021-2-8T22:25:4,-62.16016,-58.47345,23.3
2021-2-8T22:25:15,-62.16016,-58.47346,22.0
2021-2-8T22:25:25,-62.16016,-58.47346,21.5
2021-2-8T22:25:36,-62.16016,-58.47347,21.9
2021-2-8T22:25:47,-62.16016,-58.47347,22.8
2021-2-8T22:25:57,-62.16016,-58.47346,22.4
2021-2-8T22:26:8,-62.16016,-58.47348,19.1
2021-2-8T22:26:18,-62.16015,-58.47347,15.9
2021-2-8T22:26:29,-62.16018,-58.47344,15.9
2021-2-8T22:26:39,-62.16018,-58.47338,16.8
2021-2-8T22:26:50,-62.16013,-58.47327,17.7
2021-2-8T22:27:1,-62.16021,-58.47353,34.8
2021-2-8T22:27:11,-62.16030,-58.47351,51.7
