2021-1-29T14:51:6,-62.16174,-58.48706,126.4
2021-1-29T14:51:17,-62.16182,-58.48727,127.0
2021-1-29T14:51:27,-62.16188,-58.48750,127.9
2021-1-29T14:51:38,-62.16196,-58.48773,129.0
2021-1-29T14:51:48,-62.16204,-58.48793,130.2
2021-1-29T14:51:59,-62.16212,-58.48815,132.2
2021-1-29T14:52:9,-62.16218,-58.48828,133.3
2021-1-29T14:52:20,-62.16226,-58.48848,134.8
2021-1-29T14:52:30,-62.16233,-58.48868,136.0
2021-1-29T14:52:41,-62.16239,-58.48889,138.7
2021-1-29T14:52:51,-62.16245,-58.48910,141.7
2021-1-29T14:53:2,-62.16248,-58.48918,143.2
2021-1-29T14:53:12,-62.16256,-58.48929,145.2
2021-1-29T14:53:23,-62.16264,-58.48944,147.1
2021-1-29T14:53:33,-62.16269,-58.48957,148.3
2021-1-29T14:53:44,-62.16271,-58.48962,149.0
2021-1-29T14:53:54,-62.16279,-58.48978,150.9
2021-1-29T14:54:5,-62.16287,-58.48994,152.6
2021-1-29T14:54:15,-62.16295,-58.49008,154.6
2021-1-29T14:54:26,-62.16301,-58.49027,156.4
2021-1-29T14:54:36,-62.16306,-58.49039,158.0
2021-1-29T14:54:47,-62.16310,-58.49047,159.8
2021-1-29T14:54:57,-62.16315,-58.49067,162.4
2021-1-29T14:55:8,-62.16321,-58.49091,164.4
2021-1-29T14:55:18,-62.16330,-58.49104,166.8
2021-1-29T14:55:29,-62.16340,-58.49118,169.1
2021-1-29T14:55:39,-62.16350,-58.49132,171.2
2021-1-29T14:55:50,-62.16355,-58.49139,170.8
2021-1-29T14:56:0,-62.16364,-58.49150,172.0
2021-1-29T14:56:11,-62.16375,-58.49163,173.6
2021-1-29T14:56:21,-62.16384,-58.49177,175.3
2021-1-29T14:56:32,-62.16392,-58.49198,176.5
2021-1-29T14:56:42,-62.16399,-58.49216,177.2
2021-1-29T14:56:53,-62.16408,-58.49237,177.0
2021-1-29T14:57:3,-62.16416,-58.49258,176.8
2021-1-29T14:57:14,-62.16423,-58.49282,176.3
2021-1-29T14:57:25,-62.16432,-58.49304,176.7
2021-1-29T14:57:35,-62.16439,-58.49325,177.3
2021-1-29T14:57:46,-62.16448,-58.49348,177.2
2021-1-29T14:57:56,-62.16456,-58.49365,177.8
2021-1-29T14:58:7,-62.16465,-58.49385,178.1
2021-1-29T14:58:17,-62.16475,-58.49402,178.0
2021-1-29T14:58:28,-62.16485,-58.49419,178.2
2021-1-29T14:58:38,-62.16494,-58.49434,178.0
2021-1-29T14:58:49,-62.16505,-58.49453,178.9
2021-1-29T14:58:59,-62.16514,-58.49471,178.6
2021-1-29T14:59:10,-62.16524,-58.49487,179.7
2021-1-29T14:59:20,-62.16534,-58.49501,180.8
2021-1-29T14:59:31,-62.16545,-58.49517,181.9
2021-1-29T14:59:41,-62.16553,-58.49533,182.7
2021-1-29T14:59:52,-62.16563,-58.49548,184.5
2021-1-29T15:0:2,-62.16571,-58.49559,186.6
2021-1-29T15:0:13,-62.16574,-58.49562,186.9
2021-1-29T15:0:23,-62.16582,-58.49570,188.4
2021-1-29T15:0:34,-62.16593,-58.49574,190.3
2021-1-29T15:0:44,-62.16601,-58.49586,192.4
2021-1-29T15:0:55,-62.16605,-58.49593,194.1
2021-1-29T15:1:5,-62.16606,-58.49595,194.3
2021-1-29T15:1:16,-62.16613,-58.49607,195.7
2021-1-29T15:1:26,-62.16618,-58.49620,197.9
2021-1-29T15:1:37,-62.16623,-58.49633,200.9
2021-1-29T15:1:47,-62.16621,-58.49650,203.5
2021-1-29T15:1:58,-62.16623,-58.49667,206.8
2021-1-29T15:2:8,-62.16625,-58.49673,207.7
2021-1-29T15:2:19,-62.16627,-58.49675,208.1
2021-1-29T15:2:29,-62.16631,-58.49685,210.4
2021-1-29T15:2:40,-62.16635,-58.49696,213.4
2021-1-29T15:2:50,-62.16637,-58.49702,214.5
2021-1-29T15:3:1,-62.16637,-58.49718,216.6
2021-1-29T15:3:12,-62.16641,-58.49731,218.7
2021-1-29T15:3:22,-62.16643,-58.49739,220.4
2021-1-29T15:3:33,-62.16645,-58.49749,222.2
2021-1-29T15:3:43,-62.16648,-58.49759,224.3
2021-1-29T15:3:54,-62.16648,-58.49759,224.3
2021-1-29T15:4:4,-62.16651,-58.49765,225.8
2021-1-29T15:4:15,-62.16655,-58.49776,229.2
2021-1-29T15:4:25,-62.16657,-58.49783,231.9
2021-1-29T15:4:36,-62.16659,-58.49788,234.8
2021-1-29T15:4:46,-62.16659,-58.49793,235.9
2021-1-29T15:4:57,-62.16662,-58.49796,238.6
2021-1-29T15:5:7,-62.16664,-58.49800,241.1
2021-1-29T15:5:18,-62.16666,-58.49810,244.0
2021-1-29T15:5:28,-62.16665,-58.49815,244.3
2021-1-29T15:5:39,-62.16664,-58.49819,244.9
2021-1-29T15:5:49,-62.16663,-58.49824,245.9
2021-1-29T15:6:0,-62.16664,-58.49829,248.8
2021-1-29T15:6:10,-62.16665,-58.49831,250.2
2021-1-29T15:6:21,-62.16666,-58.49834,251.6
2021-1-29T15:6:31,-62.16668,-58.49839,255.6
2021-1-29T15:6:42,-62.16670,-58.49842,255.8
2021-1-29T15:6:52,-62.16674,-58.49847,259.8
2021-1-29T15:7:3,-62.16676,-58.49854,262.3
2021-1-29T15:7:13,-62.16676,-58.49854,261.3
2021-1-29T15:7:24,-62.16677,-58.49863,263.9
2021-1-29T15:7:34,-62.16680,-58.49873,267.6
2021-1-29T15:7:45,-62.16684,-58.49880,270.1
2021-1-29T15:7:55,-62.16689,-58.49886,270.7
2021-1-29T15:8:6,-62.16690,-58.49887,270.1
2021-1-29T15:8:16,-62.16690,-58.49887,269.9
2021-1-29T15:8:27,-62.16686,-58.49886,271.3
