2021-1-28T22:1:37,-62.16022,-58.47280,27.6
2021-1-28T22:36:37,-62.15877,-58.47309,7.4
2021-1-28T22:36:47,-62.15877,-58.47309,7.5
2021-1-28T22:36:58,-62.15877,-58.47309,8.0
2021-1-28T22:37:8,-62.15876,-58.47307,8.2
2021-1-28T22:37:19,-62.15876,-58.47308,8.4
2021-1-28T22:37:29,-62.15876,-58.47309,7.4
2021-1-28T22:37:40,-62.15876,-58.47306,6.3
2021-1-28T22:37:50,-62.15876,-58.47306,7.4
2021-1-28T22:38:1,-62.15876,-58.47308,7.7
2021-1-28T22:38:11,-62.15876,-58.47309,8.4
2021-1-28T22:38:22,-62.15876,-58.47309,7.9
2021-1-28T22:38:33,-62.15876,-58.47309,7.4
2021-1-28T22:38:43,-62.15877,-58.47309,7.1
2021-1-28T22:38:54,-62.15877,-58.47309,6.5
2021-1-28T22:39:4,-62.15877,-58.47307,6.6
2021-1-28T22:39:15,-62.15872,-58.47302,7.0
2021-1-28T22:39:25,-62.15864,-58.47294,5.6
2021-1-28T22:39:36,-62.15861,-58.47292,5.4
2021-1-28T22:39:46,-62.15862,-58.47293,5.3
2021-1-28T22:39:57,-62.15862,-58.47293,5.0
2021-1-28T22:40:8,-62.15861,-58.47293,5.3
2021-1-28T22:40:18,-62.15858,-58.47287,6.1
2021-1-28T22:40:29,-62.15853,-58.47279,5.5
2021-1-28T22:40:40,-62.15837,-58.47265,4.8
2021-1-28T22:40:50,-62.15825,-58.47240,5.1
2021-1-28T22:41:1,-62.15816,-58.47213,5.1
2021-1-28T22:41:8,-62.15811,-58.47201,5.3
2021-1-28T22:41:19,-62.15807,-58.47191,5.4
2021-1-28T22:41:29,-62.15804,-58.47184,5.9
2021-1-28T22:41:40,-62.15786,-58.47135,5.1
2021-1-28T22:41:50,-62.15726,-58.47008,5.4
2021-1-28T22:42:1,-62.15661,-58.46877,5.4
2021-1-28T22:42:12,-62.15607,-58.46747,6.3
2021-1-28T22:42:22,-62.15590,-58.46680,6.7
2021-1-28T22:42:33,-62.15551,-58.46490,6.9
2021-1-28T22:42:44,-62.15547,-58.46284,7.1
2021-1-28T22:42:55,-62.15570,-58.46095,5.9
2021-1-28T22:43:5,-62.15602,-58.45934,5.1
2021-1-28T22:43:16,-62.15636,-58.45825,5.4
2021-1-28T22:43:27,-62.15672,-58.45748,5.1
2021-1-28T22:43:37,-62.15695,-58.45719,4.7
2021-1-28T22:43:48,-62.15722,-58.45706,5.3
2021-1-28T22:43:59,-62.15754,-58.45685,5.5
2021-1-28T22:44:10,-62.15783,-58.45657,5.4
2021-1-28T22:44:20,-62.15803,-58.45661,5.3
2021-1-28T22:44:31,-62.15800,-58.45703,5.7
2021-1-28T22:44:41,-62.15796,-58.45719,6.9
2021-1-28T22:44:52,-62.15792,-58.45724,6.9
2021-1-28T22:45:3,-62.15789,-58.45725,7.6
2021-1-28T22:45:13,-62.15786,-58.45725,7.8
2021-1-28T22:45:24,-62.15784,-58.45727,6.4
2021-1-28T22:45:34,-62.15781,-58.45727,6.7
2021-1-28T22:45:45,-62.15778,-58.45727,6.9
2021-1-28T22:45:55,-62.15776,-58.45728,6.9
2021-1-28T22:46:6,-62.15773,-58.45729,7.2
2021-1-28T22:46:17,-62.15771,-58.45729,7.1
2021-1-28T22:46:27,-62.15770,-58.45731,7.6
200-0-0T22:51:14,-62.15728,-58.45737,4.2
200-0-0T22:51:25,-62.15727,-58.45739,4.9
200-0-0T22:51:36,-62.15725,-58.45739,6.1
200-0-0T22:51:46,-62.15724,-58.45739,6.5
200-0-0T22:51:57,-62.15723,-58.45739,7.0
200-0-0T22:52:8,-62.15722,-58.45738,7.3
200-0-0T22:52:19,-62.15721,-58.45739,6.5
200-0-0T22:52:30,-62.15719,-58.45739,6.0
200-0-0T22:52:40,-62.15718,-58.45738,6.7
200-0-0T22:52:51,-62.15717,-58.45738,7.0
200-0-0T22:53:2,-62.15716,-58.45737,6.5
200-0-0T22:53:12,-62.15715,-58.45735,7.1
200-0-0T22:53:23,-62.15714,-58.45735,7.1
200-0-0T22:53:33,-62.15713,-58.45734,6.8
200-0-0T22:53:44,-62.15712,-58.45734,6.3
200-0-0T22:53:55,-62.15710,-58.45733,6.4
200-0-0T22:54:5,-62.15709,-58.45732,6.8
200-0-0T22:54:16,-62.15708,-58.45732,6.2
200-0-0T22:54:27,-62.15707,-58.45731,6.3
200-0-0T22:54:37,-62.15706,-58.45732,6.7
200-0-0T22:54:48,-62.15704,-58.45732,6.1
200-0-0T22:54:59,-62.15702,-58.45734,6.1
200-0-0T22:55:10,-62.15699,-58.45734,6.0
200-0-0T22:55:20,-62.15697,-58.45734,6.2
200-0-0T22:55:31,-62.15695,-58.45734,4.5
200-0-0T22:55:42,-62.15693,-58.45734,4.4
200-0-0T22:55:52,-62.15692,-58.45735,6.0
200-0-0T22:56:3,-62.15689,-58.45733,6.5
200-0-0T22:56:14,-62.15683,-58.45717,6.6
200-0-0T22:56:24,-62.15706,-58.45610,7.5
200-0-0T22:56:35,-62.15777,-58.45447,7.8
200-0-0T22:56:45,-62.15853,-58.45310,7.9
200-0-0T22:56:56,-62.15933,-58.45169,9.2
200-0-0T22:57:6,-62.16001,-58.45048,10.6
200-0-0T22:57:17,-62.16080,-58.44926,10.3
200-0-0T22:57:27,-62.16157,-58.44834,9.0
200-0-0T22:57:38,-62.16242,-58.44765,10.0
200-0-0T22:57:48,-62.16323,-58.44800,9.0
200-0-0T22:57:59,-62.16410,-58.44779,7.9
200-0-0T22:58:10,-62.16492,-58.44686,7.9
200-0-0T22:58:20,-62.16562,-58.44569,7.8
200-0-0T22:58:31,-62.16640,-58.44442,7.5
200-0-0T22:58:41,-62.16708,-58.44326,8.7
200-0-0T22:58:52,-62.16779,-58.44194,7.9
200-0-0T22:59:2,-62.16843,-58.44081,6.3
200-0-0T22:59:13,-62.16924,-58.43979,7.9
200-0-0T22:59:24,-62.17000,-58.43873,7.1
200-0-0T22:59:34,-62.17076,-58.43771,7.7
200-0-0T22:59:45,-62.17156,-58.43680,7.5
200-0-0T22:59:55,-62.17215,-58.43615,7.5
200-0-0T23:0:6,-62.17264,-58.43568,7.0
200-0-0T23:0:16,-62.17351,-58.43491,6.9
200-0-0T23:0:27,-62.17452,-58.43405,7.8
200-0-0T23:0:38,-62.17519,-58.43345,7.1
200-0-0T23:0:48,-62.17534,-58.43338,6.8
200-0-0T23:0:59,-62.17538,-58.43341,6.9
200-0-0T23:1:10,-62.17538,-58.43342,6.7
200-0-0T23:1:20,-62.17536,-58.43341,6.5
200-0-0T23:1:31,-62.17533,-58.43340,6.5
200-0-0T23:1:41,-62.17529,-58.43338,6.5
200-0-0T23:1:52,-62.17525,-58.43336,7.1
200-0-0T23:2:3,-62.17520,-58.43335,7.8
200-0-0T23:2:13,-62.17516,-58.43335,8.0
200-0-0T23:2:24,-62.17511,-58.43335,7.1
200-0-0T23:2:34,-62.17507,-58.43336,7.1
200-0-0T23:2:45,-62.17502,-58.43336,6.3
200-0-0T23:2:56,-62.17496,-58.43336,5.7
200-0-0T23:3:6,-62.17491,-58.43336,5.5
200-0-0T23:3:17,-62.17486,-58.43338,5.4
200-0-0T23:3:28,-62.17481,-58.43339,5.4
200-0-0T23:3:38,-62.17476,-58.43340,4.9
200-0-0T23:3:49,-62.17472,-58.43342,5.2
200-0-0T23:3:59,-62.17468,-58.43345,6.3
200-0-0T23:4:10,-62.17463,-58.43346,6.2
200-0-0T23:4:21,-62.17458,-58.43349,6.4
200-0-0T23:4:31,-62.17452,-58.43353,5.7
200-0-0T23:4:42,-62.17454,-58.43329,6.1
200-0-0T23:4:53,-62.17506,-58.43274,5.1
200-0-0T23:5:3,-62.17571,-58.43216,5.7
200-0-0T23:5:14,-62.17645,-58.43156,6.0
200-0-0T23:5:24,-62.17713,-58.43107,4.6
200-0-0T23:5:35,-62.17789,-58.43056,5.6
200-0-0T23:5:45,-62.17859,-58.43013,6.4
200-0-0T23:5:56,-62.17935,-58.42956,4.9
200-0-0T23:6:7,-62.18011,-58.42901,4.8
200-0-0T23:6:18,-62.18087,-58.42857,5.8
200-0-0T23:6:28,-62.18154,-58.42811,5.9
200-0-0T23:6:39,-62.18228,-58.42769,5.4
200-0-0T23:6:50,-62.18300,-58.42721,6.7
200-0-0T23:7:1,-62.18375,-58.42683,7.4
200-0-0T23:7:11,-62.18444,-58.42641,7.2
200-0-0T23:7:22,-62.18519,-58.42600,6.7
200-0-0T23:7:33,-62.18594,-58.42568,5.8
200-0-0T23:7:43,-62.18658,-58.42522,6.3
200-0-0T23:7:54,-62.18733,-58.42480,5.3
200-0-0T23:8:4,-62.18798,-58.42449,6.0
200-0-0T23:8:15,-62.18872,-58.42394,6.7
200-0-0T23:8:26,-62.18950,-58.42341,5.8
200-0-0T23:8:36,-62.19022,-58.42290,5.7
200-0-0T23:8:47,-62.19097,-58.42235,5.1
2021-1-29T14:45:6,-62.21648,-58.44037,11.2
2021-1-29T14:45:17,-62.21648,-58.44033,14.3
2021-1-29T14:45:27,-62.21647,-58.44031,13.5
2021-1-29T14:45:38,-62.21648,-58.44027,13.4
2021-1-29T14:45:49,-62.21648,-58.44031,11.9
2021-1-29T14:45:59,-62.21648,-58.44028,13.2
2021-1-29T14:46:10,-62.21648,-58.44029,10.7
2021-1-29T14:46:20,-62.21648,-58.44029,10.7
2021-1-29T14:46:31,-62.21647,-58.44029,9.8
2021-1-29T14:46:41,-62.21648,-58.44024,12.4
2021-1-29T14:46:52,-62.21647,-58.44024,11.3
2021-1-29T14:47:2,-62.21647,-58.44026,9.9
2021-1-29T14:47:13,-62.21646,-58.44026,9.8
2021-1-29T14:47:23,-62.21647,-58.44025,10.6
2021-1-29T14:47:34,-62.21647,-58.44026,10.0
2021-1-29T14:47:45,-62.21648,-58.44026,9.7
2021-1-29T14:47:55,-62.21648,-58.44027,10.7
2021-1-29T14:48:6,-62.21650,-58.44023,14.8
2021-1-29T14:48:16,-62.21647,-58.44032,8.5
2021-1-29T14:48:27,-62.21646,-58.44036,4.7
2021-1-29T14:48:37,-62.21645,-58.44041,2.1
2021-1-29T14:48:48,-62.21645,-58.44039,2.8
2021-1-29T14:48:58,-62.21645,-58.44036,4.3
2021-1-29T14:49:9,-62.21645,-58.44035,4.6
2021-1-29T14:49:19,-62.21645,-58.44034,4.8
2021-1-29T14:49:30,-62.21645,-58.44033,5.6
2021-1-29T14:49:41,-62.21646,-58.44031,6.5
2021-1-29T14:49:51,-62.21646,-58.44031,7.1
2021-1-29T14:50:2,-62.21647,-58.44029,7.8
2021-1-29T14:50:12,-62.21647,-58.44029,8.2
2021-1-29T14:50:23,-62.21647,-58.44028,9.4
2021-1-29T14:50:33,-62.21647,-58.44027,9.8
2021-1-29T14:50:44,-62.21647,-58.44028,9.6
2021-1-29T14:50:54,-62.21647,-58.44028,8.8
2021-1-29T14:51:5,-62.21647,-58.44028,8.5
2021-1-29T14:51:15,-62.21646,-58.44029,8.5
2021-1-29T14:51:26,-62.21646,-58.44028,8.9
2021-1-29T14:51:37,-62.21646,-58.44029,8.3
2021-1-29T14:51:47,-62.21646,-58.44030,8.0
2021-1-29T14:51:58,-62.21646,-58.44031,8.8
2021-1-29T14:52:8,-62.21646,-58.44031,9.7
2021-1-29T14:52:19,-62.21646,-58.44033,9.2
2021-1-29T14:52:30,-62.21646,-58.44033,9.1
2021-1-29T14:52:40,-62.21646,-58.44033,8.6
2021-1-29T14:52:51,-62.21646,-58.44034,8.3
2021-1-29T14:53:2,-62.21646,-58.44033,8.9
2021-1-29T14:53:12,-62.21647,-58.44030,10.2
2021-1-29T14:53:23,-62.21647,-58.44029,10.4
2021-1-29T14:53:34,-62.21647,-58.44029,10.1
2021-1-29T14:53:44,-62.21647,-58.44029,10.5
2021-1-29T14:53:55,-62.21647,-58.44028,10.4
2021-1-29T14:54:5,-62.21647,-58.44028,9.7
2021-1-29T14:54:16,-62.21647,-58.44028,10.5
2021-1-29T14:54:27,-62.21647,-58.44026,11.3
2021-1-29T14:54:37,-62.21647,-58.44028,10.6
2021-1-29T14:54:48,-62.21647,-58.44029,10.3
2021-1-29T14:54:58,-62.21647,-58.44029,10.8
2021-1-29T14:55:9,-62.21647,-58.44029,11.2
2021-1-29T14:55:20,-62.21647,-58.44029,10.6
2021-1-29T14:55:30,-62.21646,-58.44027,10.4
200-0-0T15:19:20,-62.21614,-58.44051,12.6
200-0-0T15:19:31,-62.21612,-58.44069,11.1
200-0-0T15:19:41,-62.21613,-58.44075,13.3
200-0-0T15:19:52,-62.21608,-58.44089,15.6
200-0-0T15:20:3,-62.21602,-58.44108,20.5
200-0-0T15:20:13,-62.21594,-58.44116,22.7
200-0-0T15:20:24,-62.21592,-58.44125,19.7
200-0-0T15:20:34,-62.21590,-58.44131,17.9
200-0-0T15:20:45,-62.21588,-58.44135,17.7
200-0-0T15:20:56,-62.21585,-58.44147,23.3
200-0-0T15:21:6,-62.21588,-58.44158,27.8
200-0-0T15:21:14,-62.21586,-58.44172,28.9
200-0-0T15:21:25,-62.21584,-58.44188,29.5
200-0-0T15:21:35,-62.21582,-58.44195,28.9
200-0-0T15:21:46,-62.21579,-58.44210,27.8
200-0-0T15:21:56,-62.21575,-58.44212,29.2
200-0-0T15:22:7,-62.21567,-58.44214,30.7
200-0-0T15:22:18,-62.21560,-58.44217,33.6
200-0-0T15:22:28,-62.21555,-58.44219,35.8
200-0-0T15:22:39,-62.21549,-58.44223,37.3
200-0-0T15:22:49,-62.21543,-58.44234,37.7
200-0-0T15:23:0,-62.21536,-58.44240,38.5
200-0-0T15:23:11,-62.21529,-58.44253,40.2
200-0-0T15:23:21,-62.21523,-58.44262,42.0
200-0-0T15:23:32,-62.21517,-58.44271,43.1
200-0-0T15:23:43,-62.21511,-58.44279,45.6
200-0-0T15:23:53,-62.21507,-58.44288,46.8
200-0-0T15:24:4,-62.21501,-58.44297,48.5
200-0-0T15:24:14,-62.21498,-58.44299,48.4
200-0-0T15:24:25,-62.21496,-58.44304,49.6
200-0-0T15:24:36,-62.21492,-58.44315,50.7
200-0-0T15:24:46,-62.21489,-58.44323,52.7
200-0-0T15:24:57,-62.21488,-58.44331,55.4
200-0-0T15:25:8,-62.21482,-58.44333,57.5
200-0-0T15:25:18,-62.21478,-58.44336,59.0
200-0-0T15:25:29,-62.21474,-58.44342,61.3
200-0-0T15:25:39,-62.21471,-58.44344,61.8
200-0-0T15:25:50,-62.21467,-58.44346,65.3
200-0-0T15:26:1,-62.21460,-58.44342,65.9
200-0-0T15:26:11,-62.21455,-58.44343,66.3
200-0-0T15:26:22,-62.21449,-58.44341,67.4
200-0-0T15:26:32,-62.21447,-58.44341,67.4
200-0-0T15:26:43,-62.21442,-58.44341,68.0
200-0-0T15:26:54,-62.21442,-58.44350,69.8
200-0-0T15:27:4,-62.21443,-58.44354,71.0
200-0-0T15:27:15,-62.21436,-58.44360,69.6
200-0-0T15:27:26,-62.21424,-58.44360,69.8
200-0-0T15:27:36,-62.21418,-58.44365,70.2
200-0-0T15:27:47,-62.21409,-58.44368,72.1
200-0-0T15:27:58,-62.21405,-58.44378,73.9
200-0-0T15:28:8,-62.21401,-58.44384,75.3
200-0-0T15:28:19,-62.21398,-58.44391,77.2
200-0-0T15:28:30,-62.21396,-58.44395,78.9
200-0-0T15:28:40,-62.21395,-58.44405,80.9
200-0-0T15:28:51,-62.21393,-58.44414,82.1
200-0-0T15:29:1,-62.21389,-58.44410,84.3
200-0-0T15:29:12,-62.21388,-58.44420,86.8
200-0-0T15:29:23,-62.21383,-58.44422,88.3
200-0-0T15:29:33,-62.21381,-58.44422,88.2
200-0-0T15:29:44,-62.21380,-58.44432,90.2
200-0-0T15:29:55,-62.21378,-58.44442,92.8
200-0-0T15:30:5,-62.21373,-58.44444,94.5
200-0-0T15:30:16,-62.21369,-58.44452,94.8
200-0-0T15:30:26,-62.21362,-58.44463,95.0
200-0-0T15:30:37,-62.21357,-58.44477,96.0
200-0-0T15:30:48,-62.21351,-58.44490,97.2
200-0-0T15:30:58,-62.21344,-58.44502,98.8
200-0-0T15:31:9,-62.21340,-58.44515,99.8
200-0-0T15:31:20,-62.21332,-58.44529,100.9
200-0-0T15:31:30,-62.21327,-58.44545,100.8
200-0-0T15:31:41,-62.21321,-58.44555,101.6
200-0-0T15:31:51,-62.21315,-58.44569,102.4
200-0-0T15:32:2,-62.21311,-58.44582,104.1
200-0-0T15:32:13,-62.21305,-58.44597,104.3
200-0-0T15:32:23,-62.21299,-58.44613,104.1
200-0-0T15:32:34,-62.21291,-58.44631,103.7
200-0-0T15:32:45,-62.21285,-58.44642,103.9
200-0-0T15:32:55,-62.21279,-58.44652,103.8
200-0-0T15:33:6,-62.21273,-58.44663,104.7
200-0-0T15:33:16,-62.21268,-58.44673,105.7
200-0-0T15:33:27,-62.21263,-58.44687,106.4
200-0-0T15:33:38,-62.21257,-58.44699,106.4
200-0-0T15:33:48,-62.21251,-58.44709,108.4
200-0-0T15:33:59,-62.21248,-58.44723,110.5
200-0-0T15:34:9,-62.21242,-58.44735,111.6
200-0-0T15:34:20,-62.21236,-58.44747,112.2
200-0-0T15:34:31,-62.21228,-58.44757,113.2
200-0-0T15:34:41,-62.21220,-58.44765,113.2
200-0-0T15:34:52,-62.21213,-58.44774,112.8
200-0-0T15:35:3,-62.21211,-58.44775,112.7
200-0-0T15:35:13,-62.21209,-58.44777,112.5
200-0-0T15:35:24,-62.21205,-58.44784,111.0
200-0-0T15:35:34,-62.21195,-58.44797,109.3
200-0-0T15:35:45,-62.21189,-58.44800,108.5
200-0-0T15:35:56,-62.21183,-58.44804,106.6
200-0-0T15:36:6,-62.21173,-58.44812,104.0
200-0-0T15:36:17,-62.21164,-58.44822,101.7
200-0-0T15:36:28,-62.21156,-58.44833,98.9
200-0-0T15:36:38,-62.21148,-58.44843,96.4
200-0-0T15:36:49,-62.21139,-58.44849,94.1
200-0-0T23:8:57,-62.19167,-58.42215,6.2
200-0-0T23:9:8,-62.19243,-58.42205,6.0
200-0-0T23:9:19,-62.19319,-58.42224,6.2
200-0-0T23:9:29,-62.19385,-58.42262,7.2
200-0-0T23:9:40,-62.19456,-58.42307,6.0
200-0-0T23:9:50,-62.19517,-58.42355,5.8
200-0-0T23:10:1,-62.19587,-58.42396,6.6
200-0-0T23:10:11,-62.19652,-58.42428,6.3
200-0-0T23:10:22,-62.19723,-58.42448,6.6
200-0-0T23:10:32,-62.19786,-58.42465,6.0
200-0-0T23:10:43,-62.19850,-58.42484,5.4
200-0-0T23:10:54,-62.19908,-58.42496,5.3
200-0-0T23:11:4,-62.19933,-58.42492,5.0
200-0-0T23:11:15,-62.19959,-58.42479,6.0
200-0-0T23:11:25,-62.20003,-58.42479,6.2
200-0-0T23:11:36,-62.20094,-58.42496,6.5
200-0-0T23:11:46,-62.20169,-58.42555,6.6
200-0-0T23:11:57,-62.20251,-58.42633,6.8
200-0-0T23:12:7,-62.20321,-58.42705,7.1
200-0-0T23:12:18,-62.20386,-58.42763,6.7
200-0-0T23:12:29,-62.20462,-58.42839,5.6
200-0-0T23:12:39,-62.20502,-58.42909,6.0
200-0-0T23:12:50,-62.20511,-58.42937,6.3
200-0-0T23:13:0,-62.20512,-58.42947,6.0
200-0-0T23:13:11,-62.20510,-58.42951,5.8
200-0-0T23:13:21,-62.20508,-58.42953,6.5
200-0-0T23:13:32,-62.20505,-58.42951,5.6
200-0-0T23:13:42,-62.20504,-58.42950,4.9
200-0-0T23:13:53,-62.20502,-58.42948,4.7
200-0-0T23:14:3,-62.20500,-58.42946,4.8
200-0-0T23:14:14,-62.20499,-58.42943,5.1
200-0-0T23:14:25,-62.20497,-58.42939,5.9
200-0-0T23:14:35,-62.20495,-58.42936,6.6
200-0-0T23:14:46,-62.20491,-58.42931,6.3
200-0-0T23:14:56,-62.20490,-58.42954,7.5
200-0-0T23:15:7,-62.20505,-58.42992,6.7
200-0-0T23:15:17,-62.20518,-58.43026,6.4
200-0-0T23:15:28,-62.20533,-58.43059,6.5
200-0-0T23:15:38,-62.20547,-58.43092,7.0
200-0-0T23:15:49,-62.20560,-58.43130,6.2
200-0-0T23:16:0,-62.20570,-58.43171,6.4
200-0-0T23:16:10,-62.20579,-58.43208,6.8
200-0-0T23:16:21,-62.20593,-58.43244,6.5
200-0-0T23:16:31,-62.20604,-58.43277,6.9
200-0-0T23:16:42,-62.20615,-58.43312,6.6
200-0-0T23:16:53,-62.20623,-58.43347,6.9
200-0-0T23:17:3,-62.20629,-58.43376,8.1
200-0-0T23:17:14,-62.20633,-58.43399,7.2
200-0-0T23:17:24,-62.20633,-58.43404,5.3
200-0-0T23:17:35,-62.20634,-58.43421,5.3
200-0-0T23:17:45,-62.20638,-58.43446,5.5
200-0-0T23:17:56,-62.20641,-58.43474,5.5
200-0-0T23:18:6,-62.20642,-58.43500,4.5
200-0-0T23:18:17,-62.20647,-58.43522,6.3
200-0-0T23:18:28,-62.20648,-58.43541,7.5
200-0-0T23:18:38,-62.20646,-58.43558,6.6
200-0-0T23:18:49,-62.20644,-58.43578,6.7
200-0-0T23:18:59,-62.20642,-58.43587,6.4
200-0-0T23:19:10,-62.20641,-58.43590,7.0
200-0-0T23:19:20,-62.20641,-58.43590,7.5
200-0-0T23:19:31,-62.20635,-58.43586,6.2
200-0-0T23:19:41,-62.20632,-58.43561,6.0
200-0-0T23:19:52,-62.20629,-58.43526,6.1
200-0-0T23:20:3,-62.20624,-58.43493,6.8
200-0-0T23:20:13,-62.20619,-58.43464,6.5
200-0-0T23:20:24,-62.20612,-58.43407,6.6
200-0-0T23:20:34,-62.20604,-58.43300,7.7
200-0-0T23:20:45,-62.20599,-58.43127,7.4
200-0-0T23:20:55,-62.20604,-58.42974,8.6
200-0-0T23:21:6,-62.20612,-58.42809,7.4
200-0-0T23:21:16,-62.20625,-58.42656,7.6
200-0-0T23:21:27,-62.20649,-58.42490,7.9
200-0-0T23:21:37,-62.20674,-58.42343,7.4
200-0-0T23:21:48,-62.20703,-58.42176,6.3
200-0-0T23:21:59,-62.20741,-58.42016,7.1
200-0-0T23:22:9,-62.20785,-58.41884,6.3
200-0-0T23:22:20,-62.20843,-58.41765,5.1
200-0-0T23:22:30,-62.20902,-58.41669,5.7
200-0-0T23:22:41,-62.20971,-58.41571,7.1
200-0-0T23:22:51,-62.21039,-58.41490,6.7
200-0-0T23:23:2,-62.21122,-58.41471,7.6
200-0-0T23:23:12,-62.21201,-58.41477,5.7
200-0-0T23:23:23,-62.21279,-58.41514,7.5
200-0-0T23:23:34,-62.21341,-58.41576,6.5
200-0-0T23:23:44,-62.21392,-58.41658,4.9
200-0-0T23:23:55,-62.21451,-58.41762,7.3
200-0-0T23:24:5,-62.21500,-58.41868,6.6
200-0-0T23:24:16,-62.21548,-58.41989,8.4
200-0-0T23:24:26,-62.21586,-58.42111,8.3
200-0-0T23:24:37,-62.21625,-58.42269,7.2
200-0-0T23:24:47,-62.21666,-58.42394,6.7
200-0-0T23:24:58,-62.21689,-58.42568,6.5
200-0-0T23:25:9,-62.21696,-58.42737,4.7
200-0-0T23:25:19,-62.21680,-58.42883,6.2
200-0-0T23:25:30,-62.21661,-58.43062,4.9
200-0-0T23:25:40,-62.21635,-58.43217,6.9
200-0-0T23:25:51,-62.21606,-58.43369,6.8
200-0-0T23:26:1,-62.21588,-58.43503,5.7
200-0-0T23:26:12,-62.21571,-58.43639,7.1
200-0-0T23:26:22,-62.21568,-58.43732,6.0
200-0-0T15:36:59,-62.21135,-58.44852,93.5
200-0-0T15:37:10,-62.21128,-58.44861,90.7
200-0-0T15:37:21,-62.21121,-58.44867,88.4
200-0-0T15:37:31,-62.21116,-58.44874,86.1
200-0-0T15:37:42,-62.21110,-58.44879,84.3
200-0-0T15:37:53,-62.21105,-58.44887,83.2
200-0-0T15:38:3,-62.21100,-58.44880,81.7
200-0-0T15:38:14,-62.21097,-58.44869,79.5
200-0-0T15:38:24,-62.21097,-58.44867,79.7
200-0-0T15:38:35,-62.21097,-58.44866,79.1
200-0-0T15:38:45,-62.21096,-58.44867,77.6
200-0-0T15:38:56,-62.21093,-58.44865,75.9
200-0-0T15:39:6,-62.21092,-58.44860,75.1
200-0-0T15:39:17,-62.21089,-58.44856,72.9
200-0-0T15:39:28,-62.21087,-58.44853,71.6
200-0-0T15:39:38,-62.21086,-58.44851,71.9
200-0-0T15:39:49,-62.21084,-58.44852,70.4
200-0-0T15:39:59,-62.21083,-58.44848,69.5
200-0-0T15:40:10,-62.21078,-58.44844,68.6
200-0-0T15:40:20,-62.21075,-58.44845,67.9
200-0-0T15:40:31,-62.21070,-58.44844,66.4
200-0-0T15:40:41,-62.21065,-58.44838,64.9
200-0-0T15:40:52,-62.21060,-58.44821,62.3
200-0-0T15:41:3,-62.21052,-58.44807,63.0
200-0-0T15:41:13,-62.21048,-58.44795,59.9
200-0-0T15:41:24,-62.21045,-58.44775,63.0
200-0-0T15:41:34,-62.21046,-58.44767,67.6
200-0-0T15:41:45,-62.21043,-58.44755,64.2
200-0-0T15:41:55,-62.21039,-58.44739,64.6
200-0-0T15:42:6,-62.21037,-58.44727,61.5
200-0-0T15:42:16,-62.21037,-58.44717,63.6
200-0-0T15:42:27,-62.21032,-58.44706,62.6
200-0-0T15:42:38,-62.21030,-58.44698,62.2
200-0-0T15:42:48,-62.21029,-58.44692,64.2
200-0-0T15:42:59,-62.21029,-58.44689,64.7
200-0-0T15:43:9,-62.21027,-58.44686,64.3
200-0-0T15:43:20,-62.21028,-58.44678,64.6
200-0-0T15:43:30,-62.21027,-58.44674,64.6
200-0-0T15:43:41,-62.21028,-58.44673,65.1
200-0-0T15:43:51,-62.21028,-58.44671,66.1
200-0-0T15:44:2,-62.21027,-58.44666,66.2
200-0-0T15:44:13,-62.21024,-58.44665,66.7
200-0-0T15:44:23,-62.21022,-58.44659,68.2
200-0-0T15:44:34,-62.21018,-58.44648,67.0
200-0-0T15:44:44,-62.21012,-58.44637,66.9
200-0-0T15:44:55,-62.21009,-58.44631,64.8
200-0-0T15:45:5,-62.21003,-58.44617,60.0
200-0-0T15:45:16,-62.20993,-58.44601,60.5
200-0-0T15:45:26,-62.20984,-58.44584,57.2
200-0-0T15:45:37,-62.20978,-58.44582,54.6
200-0-0T15:45:48,-62.20973,-58.44572,53.1
200-0-0T15:45:58,-62.20968,-58.44547,52.9
200-0-0T15:46:9,-62.20956,-58.44529,52.1
200-0-0T15:46:19,-62.20949,-58.44525,51.2
200-0-0T15:46:30,-62.20940,-58.44515,47.5
200-0-0T15:46:40,-62.20931,-58.44496,47.9
200-0-0T15:46:51,-62.20929,-58.44496,44.9
200-0-0T15:47:1,-62.20930,-58.44497,44.7
200-0-0T15:47:12,-62.20930,-58.44497,45.5
200-0-0T15:47:22,-62.20929,-58.44497,44.8
200-0-0T15:47:33,-62.20929,-58.44498,45.4
200-0-0T15:47:44,-62.20929,-58.44499,45.5
200-0-0T15:47:54,-62.20929,-58.44499,45.2
200-0-0T15:48:5,-62.20929,-58.44499,44.7
200-0-0T15:48:16,-62.20929,-58.44499,44.4
200-0-0T15:48:26,-62.20929,-58.44499,43.9
200-0-0T15:48:37,-62.20929,-58.44499,43.6
200-0-0T15:48:47,-62.20929,-58.44499,44.0
200-0-0T15:48:58,-62.20929,-58.44499,44.1
200-0-0T15:49:8,-62.20929,-58.44498,44.3
200-0-0T15:49:19,-62.20929,-58.44499,44.6
200-0-0T15:49:29,-62.20929,-58.44499,44.3
200-0-0T15:49:40,-62.20929,-58.44499,43.9
200-0-0T15:49:51,-62.20929,-58.44499,43.6
200-0-0T15:50:1,-62.20929,-58.44499,43.1
200-0-0T15:50:12,-62.20929,-58.44498,42.9
200-0-0T15:50:22,-62.20929,-58.44498,43.1
200-0-0T15:50:33,-62.20929,-58.44498,43.1
200-0-0T15:50:43,-62.20929,-58.44499,43.8
200-0-0T15:50:54,-62.20929,-58.44498,43.3
200-0-0T15:51:4,-62.20929,-58.44497,42.7
200-0-0T15:51:15,-62.20930,-58.44499,43.6
200-0-0T15:51:26,-62.20930,-58.44498,43.9
200-0-0T15:51:36,-62.20929,-58.44498,42.7
200-0-0T15:51:47,-62.20929,-58.44500,42.2
200-0-0T15:51:57,-62.20929,-58.44500,42.9
200-0-0T15:52:8,-62.20930,-58.44500,44.7
200-0-0T15:52:18,-62.20931,-58.44499,45.4
200-0-0T15:52:29,-62.20930,-58.44500,45.3
200-0-0T15:52:39,-62.20930,-58.44501,45.8
200-0-0T15:52:50,-62.20931,-58.44502,46.5
200-0-0T15:53:1,-62.20931,-58.44502,46.5
200-0-0T15:53:11,-62.20931,-58.44502,46.4
200-0-0T15:53:22,-62.20931,-58.44498,46.1
200-0-0T15:53:32,-62.20926,-58.44497,43.7
200-0-0T15:53:43,-62.20920,-58.44492,40.7
200-0-0T15:53:53,-62.20915,-58.44493,37.8
200-0-0T15:54:4,-62.20908,-58.44496,35.9
200-0-0T15:54:14,-62.20900,-58.44495,34.0
200-0-0T15:54:25,-62.20889,-58.44487,32.2
200-0-0T23:26:33,-62.21570,-58.43788,6.3
200-0-0T23:26:44,-62.21573,-58.43813,4.9
200-0-0T23:26:54,-62.21578,-58.43841,6.1
200-0-0T23:27:5,-62.21581,-58.43875,6.2
200-0-0T23:27:16,-62.21585,-58.43906,6.0
200-0-0T23:27:26,-62.21588,-58.43926,6.0
200-0-0T23:27:37,-62.21586,-58.43936,7.4
200-0-0T23:27:47,-62.21586,-58.43943,8.5
200-0-0T23:27:58,-62.21585,-58.43945,6.4
200-0-0T23:28:8,-62.21586,-58.43942,10.0
200-0-0T23:28:19,-62.21584,-58.43945,7.6
200-0-0T23:28:29,-62.21584,-58.43948,6.4
200-0-0T23:28:40,-62.21584,-58.43947,7.2
200-0-0T23:28:51,-62.21582,-58.43947,9.9
200-0-0T23:29:1,-62.21582,-58.43948,8.1
200-0-0T23:29:12,-62.21582,-58.43950,5.7
200-0-0T23:29:22,-62.21582,-58.43948,4.8
200-0-0T23:29:33,-62.21582,-58.43949,5.0
200-0-0T23:29:43,-62.21584,-58.43950,5.6
200-0-0T23:29:54,-62.21584,-58.43952,5.9
200-0-0T23:30:4,-62.21584,-58.43953,7.0
200-0-0T23:30:15,-62.21583,-58.43952,6.7
200-0-0T23:30:25,-62.21583,-58.43954,5.4
200-0-0T23:30:36,-62.21584,-58.43951,7.3
200-0-0T23:30:47,-62.21583,-58.43952,7.2
200-0-0T23:30:57,-62.21584,-58.43964,7.4
200-0-0T23:31:8,-62.21583,-58.43970,6.6
200-0-0T23:31:18,-62.21584,-58.43969,7.4
200-0-0T23:31:29,-62.21584,-58.43969,8.4
200-0-0T23:31:39,-62.21583,-58.43970,8.1
200-0-0T23:31:50,-62.21582,-58.43971,5.7
200-0-0T23:32:0,-62.21582,-58.43971,7.0
200-0-0T23:32:11,-62.21582,-58.43970,7.0
200-0-0T23:32:22,-62.21582,-58.43969,7.6
200-0-0T23:32:32,-62.21583,-58.43969,7.8
200-0-0T23:32:43,-62.21583,-58.43969,7.8
200-0-0T23:32:53,-62.21583,-58.43969,8.0
200-0-0T23:33:4,-62.21583,-58.43968,8.0
200-0-0T23:33:14,-62.21583,-58.43968,8.2
200-0-0T23:33:25,-62.21583,-58.43969,7.5
200-0-0T23:33:35,-62.21582,-58.43971,7.0
200-0-0T23:33:46,-62.21582,-58.43970,6.4
200-0-0T23:33:57,-62.21582,-58.43971,6.0
200-0-0T23:34:7,-62.21582,-58.43970,6.9
200-0-0T23:34:18,-62.21582,-58.43970,7.1
200-0-0T23:34:28,-62.21582,-58.43969,7.3
200-0-0T23:34:39,-62.21582,-58.43970,7.2
200-0-0T23:34:49,-62.21583,-58.43969,7.4
200-0-0T23:35:0,-62.21583,-58.43970,7.1
200-0-0T23:35:10,-62.21583,-58.43970,6.9
200-0-0T23:35:21,-62.21582,-58.43970,7.1
200-0-0T23:35:32,-62.21583,-58.43970,6.7
200-0-0T23:35:42,-62.21582,-58.43970,7.2
200-0-0T23:35:53,-62.21583,-58.43969,6.6
200-0-0T23:36:3,-62.21583,-58.43970,7.4
200-0-0T23:36:14,-62.21582,-58.43971,6.6
200-0-0T23:36:24,-62.21582,-58.43970,7.0
200-0-0T23:36:35,-62.21582,-58.43970,6.8
200-0-0T23:36:45,-62.21583,-58.43970,6.5
200-0-0T23:36:56,-62.21582,-58.43970,6.3
200-0-0T23:37:6,-62.21582,-58.43970,6.3
200-0-0T23:37:17,-62.21583,-58.43970,6.6
200-0-0T23:37:28,-62.21586,-58.43968,8.7
200-0-0T23:37:38,-62.21594,-58.43977,9.0
200-0-0T23:37:49,-62.21604,-58.43982,6.8
200-0-0T23:37:59,-62.21614,-58.43992,8.7
200-0-0T23:38:10,-62.21624,-58.43999,8.1
200-0-0T23:38:21,-62.21635,-58.44011,6.2
200-0-0T23:38:31,-62.21643,-58.44025,6.5
200-0-0T23:38:42,-62.21645,-58.44029,7.3
200-0-0T23:38:52,-62.21644,-58.44029,7.7
200-0-0T23:39:3,-62.21644,-58.44028,8.3
200-0-0T23:39:13,-62.21644,-58.44029,8.5
200-0-0T23:39:24,-62.21644,-58.44028,9.1
200-0-0T23:39:34,-62.21644,-58.44028,8.8
200-0-0T23:39:45,-62.21644,-58.44029,9.1
200-0-0T23:39:56,-62.21644,-58.44029,8.9
200-0-0T23:40:6,-62.21644,-58.44029,9.2
200-0-0T23:40:17,-62.21644,-58.44028,9.9
200-0-0T23:40:27,-62.21644,-58.44028,10.4
200-0-0T23:40:38,-62.21644,-58.44028,10.2
200-0-0T23:40:48,-62.21644,-58.44029,10.1
200-0-0T23:40:59,-62.21644,-58.44029,10.2
200-0-0T23:41:9,-62.21644,-58.44029,10.0
200-0-0T23:41:20,-62.21644,-58.44029,10.1
200-0-0T23:41:31,-62.21644,-58.44029,10.4
200-0-0T23:41:41,-62.21644,-58.44029,10.8
200-0-0T23:41:52,-62.21645,-58.44029,10.5
200-0-0T23:42:2,-62.21645,-58.44028,10.8
200-0-0T23:42:13,-62.21645,-58.44027,10.1
200-0-0T23:42:23,-62.21645,-58.44025,10.0
200-0-0T23:42:34,-62.21645,-58.44024,9.8
200-0-0T23:42:44,-62.21645,-58.44022,10.1
200-0-0T23:42:55,-62.21645,-58.44022,10.6
200-0-0T23:43:6,-62.21645,-58.44020,11.1
200-0-0T23:43:16,-62.21645,-58.44021,10.5
200-0-0T23:43:27,-62.21645,-58.44020,10.3
200-0-0T23:43:37,-62.21645,-58.44019,10.5
200-0-0T23:43:48,-62.21645,-58.44020,10.5
200-0-0T23:43:58,-62.21645,-58.44020,10.5
200-0-0T15:54:36,-62.20878,-58.44480,30.0
200-0-0T15:54:46,-62.20871,-58.44477,27.7
200-0-0T15:54:57,-62.20861,-58.44467,26.2
200-0-0T15:55:7,-62.20851,-58.44465,24.9
200-0-0T15:55:18,-62.20840,-58.44469,23.7
200-0-0T15:55:28,-62.20830,-58.44465,22.8
200-0-0T15:55:39,-62.20819,-58.44452,22.3
200-0-0T15:55:50,-62.20812,-58.44438,21.8
200-0-0T15:56:0,-62.20812,-58.44437,21.9
200-0-0T15:56:11,-62.20812,-58.44437,21.1
200-0-0T15:56:21,-62.20812,-58.44434,21.2
200-0-0T15:56:32,-62.20812,-58.44435,21.8
200-0-0T15:56:42,-62.20812,-58.44434,21.9
200-0-0T15:56:53,-62.20811,-58.44433,21.0
200-0-0T15:57:3,-62.20811,-58.44432,20.4
200-0-0T15:57:14,-62.20811,-58.44433,20.7
200-0-0T15:57:25,-62.20811,-58.44432,21.8
200-0-0T15:57:35,-62.20812,-58.44433,22.4
200-0-0T15:57:46,-62.20812,-58.44433,22.7
200-0-0T15:57:56,-62.20812,-58.44433,22.8
200-0-0T15:58:7,-62.20812,-58.44433,21.8
200-0-0T15:58:17,-62.20812,-58.44433,21.5
200-0-0T15:58:28,-62.20812,-58.44433,21.0
200-0-0T15:58:38,-62.20813,-58.44432,21.2
200-0-0T15:58:49,-62.20813,-58.44432,21.0
200-0-0T15:59:0,-62.20812,-58.44433,21.3
200-0-0T15:59:10,-62.20813,-58.44433,21.4
200-0-0T15:59:21,-62.20813,-58.44433,21.6
200-0-0T15:59:31,-62.20813,-58.44432,22.3
200-0-0T15:59:42,-62.20813,-58.44432,23.3
200-0-0T15:59:53,-62.20813,-58.44433,24.1
200-0-0T16:0:3,-62.20813,-58.44432,24.3
200-0-0T16:0:14,-62.20813,-58.44433,23.9
200-0-0T16:0:24,-62.20813,-58.44433,23.2
200-0-0T16:0:35,-62.20813,-58.44433,23.3
200-0-0T16:0:45,-62.20813,-58.44433,21.0
200-0-0T16:0:56,-62.20812,-58.44432,19.8
200-0-0T16:1:6,-62.20813,-58.44432,19.2
200-0-0T16:1:17,-62.20813,-58.44433,19.8
200-0-0T16:1:28,-62.20812,-58.44433,20.2
200-0-0T16:1:38,-62.20812,-58.44433,21.2
200-0-0T16:1:49,-62.20812,-58.44432,21.8
200-0-0T16:1:59,-62.20812,-58.44432,21.9
200-0-0T16:2:10,-62.20812,-58.44432,22.0
200-0-0T16:2:20,-62.20813,-58.44432,22.8
200-0-0T16:2:31,-62.20813,-58.44432,24.3
200-0-0T16:2:41,-62.20813,-58.44432,24.2
200-0-0T16:2:52,-62.20812,-58.44432,24.2
200-0-0T16:3:2,-62.20812,-58.44433,23.8
200-0-0T16:3:13,-62.20813,-58.44433,24.1
200-0-0T16:3:24,-62.20813,-58.44434,23.8
200-0-0T16:3:34,-62.20813,-58.44435,23.0
200-0-0T16:3:45,-62.20813,-58.44434,23.2
200-0-0T16:3:55,-62.20813,-58.44435,23.6
200-0-0T16:4:6,-62.20813,-58.44435,23.3
200-0-0T16:4:16,-62.20814,-58.44435,22.9
200-0-0T16:4:27,-62.20813,-58.44435,23.6
200-0-0T16:4:37,-62.20813,-58.44434,22.9
200-0-0T16:4:48,-62.20813,-58.44433,22.3
200-0-0T16:4:59,-62.20813,-58.44432,22.2
200-0-0T16:5:9,-62.20813,-58.44432,21.8
200-0-0T16:5:20,-62.20812,-58.44432,22.2
200-0-0T16:5:30,-62.20812,-58.44431,22.9
200-0-0T16:5:41,-62.20812,-58.44432,22.8
200-0-0T16:5:51,-62.20813,-58.44432,23.3
200-0-0T16:6:2,-62.20813,-58.44432,24.1
200-0-0T16:6:12,-62.20813,-58.44433,23.1
200-0-0T16:6:23,-62.20813,-58.44432,22.4
200-0-0T16:6:33,-62.20814,-58.44432,22.2
200-0-0T16:6:44,-62.20814,-58.44432,21.0
200-0-0T16:6:55,-62.20814,-58.44432,21.6
200-0-0T16:7:5,-62.20814,-58.44431,20.3
200-0-0T16:7:16,-62.20814,-58.44431,20.5
200-0-0T16:7:26,-62.20814,-58.44431,20.5
200-0-0T16:7:37,-62.20814,-58.44431,21.0
200-0-0T16:7:47,-62.20814,-58.44431,21.4
200-0-0T16:7:58,-62.20813,-58.44431,21.8
200-0-0T16:8:8,-62.20813,-58.44431,22.4
200-0-0T16:8:19,-62.20813,-58.44431,22.4
200-0-0T16:8:30,-62.20813,-58.44432,22.1
200-0-0T16:8:40,-62.20813,-58.44432,22.0
200-0-0T16:8:51,-62.20814,-58.44433,21.8
200-0-0T16:9:1,-62.20814,-58.44434,21.6
200-0-0T16:9:12,-62.20814,-58.44435,21.9
200-0-0T16:9:23,-62.20814,-58.44434,21.3
200-0-0T16:9:33,-62.20814,-58.44433,21.2
200-0-0T16:9:44,-62.20814,-58.44434,21.0
200-0-0T16:9:54,-62.20814,-58.44433,20.2
200-0-0T16:10:5,-62.20814,-58.44432,19.9
200-0-0T16:10:15,-62.20814,-58.44432,20.3
200-0-0T16:10:26,-62.20814,-58.44432,19.8
200-0-0T16:10:36,-62.20814,-58.44431,19.5
200-0-0T16:10:47,-62.20814,-58.44432,20.6
200-0-0T16:10:58,-62.20813,-58.44432,21.2
200-0-0T16:11:8,-62.20814,-58.44433,21.2
200-0-0T16:11:19,-62.20814,-58.44433,21.5
200-0-0T16:11:29,-62.20814,-58.44433,22.0
200-0-0T16:11:40,-62.20813,-58.44433,22.9
200-0-0T16:11:50,-62.20814,-58.44433,23.4
200-0-0T16:12:1,-62.20814,-58.44433,23.4
200-0-0T23:44:9,-62.21645,-58.44020,10.9
200-0-0T23:44:20,-62.21645,-58.44020,10.8
200-0-0T23:44:30,-62.21645,-58.44021,10.4
200-0-0T23:44:41,-62.21645,-58.44022,10.5
200-0-0T23:44:51,-62.21645,-58.44022,10.7
200-0-0T23:45:2,-62.21645,-58.44023,10.4
200-0-0T23:45:12,-62.21645,-58.44024,10.4
200-0-0T23:45:23,-62.21645,-58.44023,10.7
200-0-0T23:45:33,-62.21645,-58.44023,10.5
200-0-0T23:45:44,-62.21645,-58.44023,10.6
200-0-0T23:45:55,-62.21645,-58.44025,10.6
200-0-0T23:46:5,-62.21645,-58.44025,10.6
200-0-0T23:46:16,-62.21645,-58.44026,10.2
200-0-0T23:46:26,-62.21645,-58.44026,10.0
200-0-0T23:46:37,-62.21645,-58.44026,10.2
200-0-0T23:46:47,-62.21645,-58.44026,10.3
200-0-0T23:46:58,-62.21645,-58.44026,10.9
200-0-0T23:47:8,-62.21645,-58.44025,11.5
200-0-0T23:47:19,-62.21645,-58.44025,11.1
200-0-0T23:47:30,-62.21645,-58.44025,10.7
200-0-0T23:47:40,-62.21645,-58.44026,10.5
200-0-0T23:47:51,-62.21645,-58.44027,10.0
200-0-0T23:48:1,-62.21645,-58.44027,9.6
200-0-0T23:48:12,-62.21645,-58.44027,10.0
200-0-0T23:48:23,-62.21645,-58.44027,9.2
200-0-0T23:48:33,-62.21646,-58.44027,9.6
200-0-0T23:48:44,-62.21645,-58.44027,10.5
200-0-0T23:48:54,-62.21645,-58.44027,10.5
200-0-0T23:49:5,-62.21645,-58.44027,10.0
200-0-0T23:49:15,-62.21645,-58.44028,10.1
200-0-0T23:49:26,-62.21644,-58.44028,8.9
200-0-0T23:49:36,-62.21644,-58.44027,9.0
200-0-0T23:49:47,-62.21645,-58.44026,8.7
200-0-0T16:12:11,-62.20814,-58.44433,23.0
200-0-0T16:12:22,-62.20814,-58.44432,22.4
200-0-0T16:12:33,-62.20814,-58.44432,21.6
200-0-0T16:12:43,-62.20814,-58.44431,20.3
200-0-0T16:12:54,-62.20814,-58.44431,19.2
200-0-0T16:13:4,-62.20814,-58.44431,18.5
200-0-0T16:13:15,-62.20814,-58.44431,19.2
200-0-0T16:13:25,-62.20814,-58.44432,19.5
200-0-0T16:13:36,-62.20814,-58.44434,19.5
200-0-0T16:13:46,-62.20814,-58.44433,20.0
200-0-0T16:13:57,-62.20813,-58.44434,20.8
200-0-0T16:14:8,-62.20813,-58.44434,21.9
200-0-0T16:14:18,-62.20813,-58.44434,22.1
200-0-0T16:14:29,-62.20813,-58.44433,21.6
200-0-0T16:14:39,-62.20814,-58.44432,22.1
200-0-0T16:14:50,-62.20813,-58.44433,22.2
200-0-0T16:15:0,-62.20813,-58.44434,22.5
200-0-0T16:15:11,-62.20814,-58.44433,22.3
200-0-0T16:15:21,-62.20814,-58.44433,22.8
200-0-0T16:15:32,-62.20814,-58.44432,21.6
200-0-0T16:15:43,-62.20814,-58.44433,21.7
200-0-0T16:15:53,-62.20813,-58.44433,21.6
200-0-0T16:16:4,-62.20814,-58.44433,21.8
200-0-0T16:16:14,-62.20814,-58.44432,21.2
200-0-0T16:16:25,-62.20814,-58.44432,21.3
200-0-0T16:16:35,-62.20814,-58.44432,21.2
200-0-0T16:16:46,-62.20814,-58.44432,21.1
200-0-0T16:16:56,-62.20813,-58.44431,21.6
200-0-0T16:17:7,-62.20812,-58.44432,23.0
200-0-0T16:17:17,-62.20813,-58.44433,21.9
200-0-0T16:17:28,-62.20813,-58.44431,21.5
200-0-0T16:17:39,-62.20813,-58.44432,22.1
200-0-0T16:17:49,-62.20813,-58.44432,22.1
200-0-0T16:18:0,-62.20813,-58.44432,22.7
200-0-0T16:18:10,-62.20813,-58.44432,22.6
200-0-0T16:18:21,-62.20813,-58.44432,21.8
200-0-0T16:18:31,-62.20814,-58.44431,21.7
200-0-0T16:18:42,-62.20814,-58.44431,21.2
200-0-0T16:18:52,-62.20814,-58.44432,21.2
200-0-0T16:19:3,-62.20813,-58.44432,20.9
200-0-0T16:19:13,-62.20813,-58.44432,20.5
200-0-0T16:19:24,-62.20813,-58.44432,20.8
200-0-0T16:19:35,-62.20813,-58.44432,19.6
200-0-0T16:19:45,-62.20812,-58.44432,19.7
200-0-0T16:19:56,-62.20812,-58.44432,19.1
200-0-0T16:20:7,-62.20812,-58.44432,17.8
200-0-0T16:20:17,-62.20812,-58.44432,18.0
200-0-0T16:20:28,-62.20812,-58.44432,18.2
200-0-0T16:20:38,-62.20812,-58.44432,18.9
200-0-0T16:20:49,-62.20813,-58.44432,19.7
200-0-0T16:20:59,-62.20813,-58.44431,20.5
200-0-0T16:21:10,-62.20813,-58.44431,22.0
200-0-0T16:21:20,-62.20814,-58.44431,22.5
200-0-0T16:21:31,-62.20814,-58.44431,22.5
200-0-0T16:21:41,-62.20814,-58.44433,23.8
200-0-0T16:21:52,-62.20814,-58.44433,23.8
200-0-0T16:22:3,-62.20814,-58.44433,22.9
200-0-0T16:22:13,-62.20814,-58.44433,21.9
200-0-0T16:22:24,-62.20814,-58.44434,22.2
200-0-0T16:22:34,-62.20814,-58.44434,22.5
200-0-0T16:22:45,-62.20814,-58.44434,22.3
200-0-0T16:22:55,-62.20814,-58.44434,23.8
200-0-0T16:23:6,-62.20814,-58.44435,23.4
200-0-0T16:23:16,-62.20814,-58.44435,23.8
200-0-0T16:23:27,-62.20814,-58.44434,23.8
200-0-0T16:23:37,-62.20814,-58.44434,23.5
200-0-0T16:23:48,-62.20814,-58.44433,22.4
200-0-0T16:23:59,-62.20814,-58.44433,21.2
200-0-0T16:24:9,-62.20814,-58.44432,20.2
200-0-0T16:24:20,-62.20813,-58.44433,19.6
200-0-0T16:24:30,-62.20813,-58.44433,19.8
200-0-0T16:24:41,-62.20813,-58.44433,19.2
200-0-0T16:24:51,-62.20813,-58.44433,18.6
200-0-0T16:25:2,-62.20813,-58.44432,18.9
200-0-0T16:25:12,-62.20813,-58.44432,18.1
200-0-0T16:25:23,-62.20812,-58.44433,18.0
200-0-0T16:25:34,-62.20812,-58.44433,18.4
200-0-0T16:25:44,-62.20812,-58.44433,18.0
200-0-0T16:25:55,-62.20812,-58.44432,17.5
200-0-0T16:26:5,-62.20812,-58.44432,17.9
200-0-0T16:26:16,-62.20812,-58.44431,17.6
200-0-0T16:26:26,-62.20812,-58.44431,18.7
200-0-0T16:26:37,-62.20813,-58.44431,19.4
200-0-0T16:26:47,-62.20812,-58.44431,18.8
200-0-0T16:26:58,-62.20812,-58.44431,19.6
200-0-0T16:27:8,-62.20812,-58.44432,19.8
200-0-0T16:27:19,-62.20812,-58.44432,20.6
200-0-0T16:27:30,-62.20812,-58.44433,19.9
200-0-0T16:27:40,-62.20812,-58.44434,19.9
200-0-0T16:27:51,-62.20812,-58.44434,19.2
200-0-0T16:28:1,-62.20812,-58.44435,19.4
200-0-0T16:28:12,-62.20812,-58.44435,21.8
200-0-0T16:28:22,-62.20813,-58.44436,21.8
200-0-0T16:28:33,-62.20813,-58.44436,21.5
200-0-0T16:28:43,-62.20814,-58.44436,20.9
200-0-0T16:28:54,-62.20814,-58.44435,20.2
200-0-0T16:29:4,-62.20814,-58.44435,20.5
200-0-0T16:29:15,-62.20814,-58.44434,20.6
200-0-0T16:29:26,-62.20814,-58.44433,21.6
200-0-0T16:29:36,-62.20814,-58.44432,22.4
200-0-0T16:29:47,-62.20814,-58.44432,23.4
200-0-0T16:29:58,-62.20813,-58.44433,23.3
200-0-0T16:30:8,-62.20813,-58.44433,23.0
200-0-0T16:30:19,-62.20813,-58.44432,23.2
200-0-0T16:30:29,-62.20813,-58.44432,23.0
200-0-0T16:30:40,-62.20813,-58.44432,23.1
200-0-0T16:30:50,-62.20812,-58.44432,22.7
200-0-0T16:31:1,-62.20813,-58.44432,22.2
200-0-0T16:31:11,-62.20812,-58.44432,22.5
200-0-0T16:31:22,-62.20812,-58.44433,21.9
200-0-0T16:31:33,-62.20812,-58.44433,21.5
200-0-0T16:31:43,-62.20813,-58.44433,21.2
200-0-0T16:31:54,-62.20813,-58.44434,20.9
200-0-0T16:32:4,-62.20813,-58.44433,21.5
200-0-0T16:32:15,-62.20813,-58.44433,21.2
200-0-0T16:32:25,-62.20813,-58.44433,21.6
200-0-0T16:32:36,-62.20812,-58.44433,21.9
200-0-0T16:32:46,-62.20811,-58.44433,23.0
200-0-0T16:32:57,-62.20812,-58.44433,22.3
200-0-0T16:33:7,-62.20812,-58.44433,22.5
200-0-0T16:33:18,-62.20812,-58.44434,22.5
200-0-0T16:33:29,-62.20813,-58.44435,22.2
200-0-0T16:33:39,-62.20813,-58.44434,22.3
200-0-0T16:33:50,-62.20814,-58.44433,22.9
200-0-0T16:34:0,-62.20814,-58.44434,21.4
200-0-0T16:34:11,-62.20814,-58.44434,21.1
200-0-0T16:34:21,-62.20814,-58.44434,21.5
2021-1-29T16:34:32,-62.20815,-58.44434,20.8
2021-1-29T16:34:42,-62.20814,-58.44432,20.9
2021-1-29T16:34:53,-62.20814,-58.44432,20.8
2021-1-29T16:35:4,-62.20813,-58.44433,21.4
2021-1-29T16:35:14,-62.20814,-58.44432,22.0
2021-1-29T16:35:25,-62.20814,-58.44432,22.2
2021-1-29T16:35:35,-62.20813,-58.44432,22.2
2021-1-29T16:35:46,-62.20813,-58.44431,22.7
2021-1-29T16:35:56,-62.20813,-58.44432,22.9
2021-1-29T16:36:7,-62.20813,-58.44432,22.7
2021-1-29T16:36:17,-62.20814,-58.44432,22.7
2021-1-29T16:36:28,-62.20814,-58.44433,22.5
2021-1-29T16:36:39,-62.20813,-58.44434,23.2
2021-1-29T16:36:49,-62.20813,-58.44435,23.8
2021-1-29T16:37:0,-62.20814,-58.44436,24.0
2021-1-29T16:37:10,-62.20813,-58.44436,23.8
2021-1-29T16:37:21,-62.20813,-58.44435,24.0
2021-1-29T16:37:31,-62.20813,-58.44435,24.1
2021-1-29T16:37:42,-62.20813,-58.44434,24.1
2021-1-29T16:37:52,-62.20813,-58.44433,23.6
2021-1-29T16:38:3,-62.20813,-58.44434,23.4
2021-1-29T16:38:14,-62.20813,-58.44433,23.2
2021-1-29T16:38:24,-62.20813,-58.44432,22.7
2021-1-29T16:38:35,-62.20814,-58.44433,22.1
2021-1-29T16:38:45,-62.20814,-58.44434,22.0
2021-1-29T16:38:56,-62.20813,-58.44433,22.1
2021-1-29T16:39:6,-62.20814,-58.44433,22.7
2021-1-29T16:39:17,-62.20813,-58.44431,22.2
2021-1-29T16:39:27,-62.20813,-58.44431,22.5
2021-1-29T16:39:38,-62.20810,-58.44414,22.1
2021-1-29T16:39:48,-62.20805,-58.44396,21.6
2021-1-29T16:39:59,-62.20798,-58.44381,20.9
2021-1-29T16:40:10,-62.20794,-58.44362,20.7
2021-1-29T16:40:20,-62.20787,-58.44345,20.3
2021-1-29T16:40:31,-62.20781,-58.44326,20.2
2021-1-29T16:40:42,-62.20776,-58.44306,20.6
2021-1-29T16:40:52,-62.20770,-58.44287,20.6
2021-1-29T16:41:3,-62.20765,-58.44263,19.9
2021-1-29T16:41:13,-62.20760,-58.44243,19.8
2021-1-29T16:41:24,-62.20756,-58.44215,20.1
2021-1-29T16:41:34,-62.20752,-58.44198,19.5
2021-1-29T16:41:45,-62.20749,-58.44180,18.7
2021-1-29T16:41:55,-62.20742,-58.44162,18.0
2021-1-29T16:42:6,-62.20735,-58.44142,18.0
2021-1-29T16:42:16,-62.20728,-58.44127,17.5
2021-1-29T16:42:27,-62.20719,-58.44114,17.0
2021-1-29T16:42:38,-62.20709,-58.44102,16.5
2021-1-29T16:42:48,-62.20700,-58.44092,16.3
2021-1-29T16:42:59,-62.20689,-58.44081,16.4
2021-1-29T16:43:9,-62.20681,-58.44070,15.7
2021-1-29T16:43:20,-62.20672,-58.44058,15.0
2021-1-29T16:43:30,-62.20662,-58.44049,14.8
2021-1-29T16:43:41,-62.20651,-58.44043,14.5
2021-1-29T16:43:51,-62.20641,-58.44042,14.1
2021-1-29T16:44:2,-62.20632,-58.44033,13.7
2021-1-29T16:44:13,-62.20621,-58.44034,13.3
2021-1-29T16:44:23,-62.20617,-58.44018,13.8
2021-1-29T16:44:34,-62.20617,-58.43998,13.6
2021-1-29T16:44:44,-62.20615,-58.43982,12.9
2021-1-29T16:44:55,-62.20611,-58.43969,11.3
2021-1-29T16:45:5,-62.20607,-58.43957,11.2
2021-1-29T16:45:16,-62.20603,-58.43945,10.7
2021-1-29T16:45:26,-62.20599,-58.43933,11.2
2021-1-29T16:45:37,-62.20592,-58.43922,10.7
2021-1-29T16:45:47,-62.20585,-58.43919,10.0
2021-1-29T16:45:58,-62.20583,-58.43916,9.0
2021-1-29T16:46:9,-62.20584,-58.43916,8.6
2021-1-29T16:46:19,-62.20584,-58.43915,8.2
2021-1-29T16:46:30,-62.20584,-58.43915,9.0
2021-1-29T16:46:40,-62.20584,-58.43915,8.5
2021-1-29T16:46:51,-62.20584,-58.43915,8.6
2021-1-29T16:47:1,-62.20584,-58.43915,8.3
2021-1-29T16:47:12,-62.20584,-58.43916,7.9
2021-1-29T16:47:22,-62.20583,-58.43916,8.2
2021-1-29T16:47:33,-62.20583,-58.43916,8.0
2021-1-29T16:47:44,-62.20580,-58.43918,8.1
2021-1-29T16:47:54,-62.20579,-58.43920,8.5
2021-1-29T16:48:5,-62.20579,-58.43920,8.7
2021-1-29T16:48:15,-62.20579,-58.43919,9.0
2021-1-29T16:48:26,-62.20580,-58.43915,8.6
2021-1-29T16:48:36,-62.20581,-58.43918,8.1
2021-1-29T16:48:47,-62.20582,-58.43919,8.3
2021-1-29T16:48:58,-62.20582,-58.43920,7.9
2021-1-29T16:49:8,-62.20582,-58.43920,8.0
2021-1-29T16:49:19,-62.20581,-58.43920,8.2
2021-1-29T16:49:29,-62.20582,-58.43920,8.2
2021-1-29T16:49:40,-62.20581,-58.43920,8.1
2021-1-29T16:49:50,-62.20581,-58.43920,8.4
2021-1-29T16:50:1,-62.20581,-58.43920,8.6
2021-1-29T16:50:11,-62.20581,-58.43920,8.4
2021-1-29T16:50:22,-62.20581,-58.43920,8.3
2021-1-29T16:50:33,-62.20581,-58.43921,8.1
2021-1-29T16:50:43,-62.20581,-58.43921,8.0
2021-1-29T16:50:54,-62.20581,-58.43921,7.7
2021-1-29T16:51:4,-62.20581,-58.43921,6.9
2021-1-29T16:51:15,-62.20581,-58.43921,6.9
2021-1-29T16:51:26,-62.20582,-58.43921,7.2
2021-1-29T16:51:36,-62.20582,-58.43921,7.2
2021-1-29T16:51:47,-62.20582,-58.43921,7.1
2021-1-29T16:51:57,-62.20582,-58.43921,6.8
2021-1-29T16:52:8,-62.20582,-58.43921,7.0
2021-1-29T16:52:18,-62.20582,-58.43921,7.1
2021-1-29T16:52:29,-62.20582,-58.43921,7.0
2021-1-29T16:52:39,-62.20582,-58.43920,7.0
2021-1-29T16:52:50,-62.20582,-58.43920,6.8
2021-1-29T16:53:1,-62.20582,-58.43920,7.0
2021-1-29T16:53:11,-62.20582,-58.43920,7.2
2021-1-29T16:53:22,-62.20582,-58.43920,7.2
2021-1-29T16:53:32,-62.20582,-58.43920,7.2
2021-1-29T16:53:43,-62.20582,-58.43920,7.0
2021-1-29T16:53:53,-62.20582,-58.43920,6.9
2021-1-29T16:54:4,-62.20582,-58.43920,6.6
2021-1-29T16:54:14,-62.20582,-58.43920,6.6
2021-1-29T16:54:25,-62.20581,-58.43920,6.9
2021-1-29T16:54:36,-62.20581,-58.43920,7.0
2021-1-29T16:54:46,-62.20582,-58.43920,7.2
2021-1-29T16:54:57,-62.20581,-58.43920,7.1
2021-1-29T16:55:7,-62.20581,-58.43920,7.3
2021-1-29T16:55:18,-62.20582,-58.43920,7.2
2021-1-29T16:55:28,-62.20582,-58.43920,7.3
2021-1-29T16:55:39,-62.20582,-58.43920,7.5
2021-1-29T16:55:49,-62.20582,-58.43920,7.5
2021-1-29T16:56:0,-62.20582,-58.43920,7.6
2021-1-29T16:56:11,-62.20582,-58.43920,7.8
2021-1-29T16:56:21,-62.20582,-58.43920,7.9
2021-1-29T16:56:32,-62.20582,-58.43920,7.9
2021-1-29T16:56:42,-62.20582,-58.43920,7.7
2021-1-29T16:56:53,-62.20582,-58.43920,7.8
2021-1-29T16:57:3,-62.20582,-58.43920,7.8
2021-1-29T16:57:14,-62.20581,-58.43920,7.8
2021-1-29T16:57:24,-62.20581,-58.43920,7.7
2021-1-29T16:57:35,-62.20581,-58.43920,7.7
2021-1-29T16:57:45,-62.20581,-58.43920,7.6
2021-1-29T16:57:56,-62.20581,-58.43920,7.7
2021-1-29T16:58:7,-62.20581,-58.43921,7.9
2021-1-29T16:58:17,-62.20581,-58.43921,7.9
2021-1-29T16:58:28,-62.20581,-58.43920,7.8
2021-1-29T16:58:38,-62.20581,-58.43920,7.7
2021-1-29T16:58:49,-62.20581,-58.43920,7.6
2021-1-29T16:58:59,-62.20581,-58.43920,7.7
2021-1-29T16:59:10,-62.20581,-58.43921,7.8
2021-1-29T16:59:20,-62.20581,-58.43921,7.9
2021-1-29T16:59:31,-62.20581,-58.43920,8.0
2021-1-29T16:59:42,-62.20581,-58.43920,8.1
2021-1-29T16:59:52,-62.20581,-58.43921,8.2
2021-1-29T17:0:3,-62.20581,-58.43921,8.2
2021-1-29T17:0:13,-62.20581,-58.43921,7.9
2021-1-29T17:0:24,-62.20581,-58.43921,7.9
2021-1-29T17:0:34,-62.20581,-58.43921,7.9
2021-1-29T17:0:45,-62.20581,-58.43921,7.7
2021-1-29T17:0:55,-62.20581,-58.43921,7.8
2021-1-29T17:1:6,-62.20581,-58.43921,7.7
2021-1-29T17:1:17,-62.20581,-58.43921,7.5
2021-1-29T17:1:27,-62.20581,-58.43921,7.7
2021-1-29T17:1:38,-62.20581,-58.43920,7.1
2021-1-29T17:1:48,-62.20581,-58.43920,7.4
2021-1-29T17:1:59,-62.20581,-58.43920,7.6
2021-1-29T17:2:10,-62.20581,-58.43920,7.8
2021-1-29T17:2:20,-62.20581,-58.43920,7.8
2021-1-29T17:2:31,-62.20581,-58.43920,8.0
2021-1-29T17:2:41,-62.20581,-58.43920,8.0
2021-1-29T17:2:52,-62.20581,-58.43920,8.1
2021-1-29T17:3:2,-62.20581,-58.43920,8.2
2021-1-29T17:3:13,-62.20581,-58.43920,8.3
2021-1-29T17:3:23,-62.20581,-58.43920,8.3
2021-1-29T17:3:34,-62.20581,-58.43920,8.3
2021-1-29T17:3:45,-62.20581,-58.43921,8.2
2021-1-29T17:3:55,-62.20581,-58.43921,8.2
2021-1-29T17:4:6,-62.20581,-58.43921,8.0
2021-1-29T17:4:16,-62.20581,-58.43921,8.2
2021-1-29T17:4:27,-62.20581,-58.43921,8.3
2021-1-29T17:4:37,-62.20581,-58.43921,8.3
2021-1-29T17:4:48,-62.20581,-58.43921,8.3
2021-1-29T17:4:58,-62.20581,-58.43921,8.2
2021-1-29T17:5:9,-62.20581,-58.43921,8.2
2021-1-29T17:5:20,-62.20581,-58.43921,8.1
2021-1-29T17:5:30,-62.20581,-58.43921,8.0
2021-1-29T17:5:41,-62.20581,-58.43921,8.0
2021-1-29T17:5:51,-62.20581,-58.43921,8.1
2021-1-29T17:6:2,-62.20581,-58.43921,7.9
2021-1-29T17:6:12,-62.20581,-58.43921,8.0
2021-1-29T17:6:23,-62.20581,-58.43921,8.1
2021-1-29T17:6:33,-62.20581,-58.43921,8.2
2021-1-29T17:6:44,-62.20581,-58.43921,8.2
2021-1-29T17:6:55,-62.20581,-58.43921,8.2
2021-1-29T17:7:5,-62.20581,-58.43921,8.2
2021-1-29T17:7:16,-62.20581,-58.43921,8.1
2021-1-29T17:7:26,-62.20581,-58.43921,7.9
2021-1-29T17:7:37,-62.20581,-58.43920,7.9
2021-1-29T17:7:47,-62.20581,-58.43921,7.9
2021-1-29T17:7:58,-62.20581,-58.43921,7.8
2021-1-29T17:8:8,-62.20581,-58.43921,7.8
2021-1-29T17:8:19,-62.20581,-58.43921,7.9
2021-1-29T17:8:30,-62.20581,-58.43921,8.0
2021-1-29T17:8:40,-62.20581,-58.43921,8.3
2021-1-29T17:8:51,-62.20582,-58.43921,8.4
2021-1-29T17:9:1,-62.20582,-58.43921,8.5
2021-1-29T17:9:12,-62.20582,-58.43921,8.6
2021-1-29T17:9:22,-62.20582,-58.43921,8.6
2021-1-29T17:9:33,-62.20581,-58.43921,8.7
2021-1-29T17:9:43,-62.20581,-58.43921,8.7
2021-1-29T17:9:54,-62.20581,-58.43921,8.9
2021-1-29T17:10:4,-62.20582,-58.43921,8.9
2021-1-29T17:10:15,-62.20582,-58.43921,8.8
2021-1-29T17:10:26,-62.20582,-58.43921,8.7
2021-1-29T17:10:36,-62.20582,-58.43922,9.1
2021-1-29T17:10:47,-62.20581,-58.43922,9.2
2021-1-29T17:10:57,-62.20581,-58.43921,9.0
2021-1-29T17:11:8,-62.20581,-58.43921,9.1
2021-1-29T17:11:18,-62.20581,-58.43921,9.3
2021-1-29T17:11:29,-62.20581,-58.43921,9.4
2021-1-29T17:11:39,-62.20581,-58.43922,9.2
2021-1-29T17:11:50,-62.20582,-58.43922,9.2
2021-1-29T17:12:1,-62.20582,-58.43922,8.9
2021-1-29T17:12:11,-62.20582,-58.43922,9.0
2021-1-29T17:12:22,-62.20582,-58.43922,9.2
2021-1-29T17:12:32,-62.20582,-58.43921,8.8
2021-1-29T17:12:43,-62.20582,-58.43921,9.0
2021-1-29T17:12:54,-62.20582,-58.43921,8.8
2021-1-29T17:13:4,-62.20582,-58.43921,8.7
2021-1-29T17:13:15,-62.20582,-58.43921,8.7
2021-1-29T17:13:25,-62.20582,-58.43921,8.5
2021-1-29T17:13:36,-62.20582,-58.43921,8.4
2021-1-29T17:13:46,-62.20583,-58.43921,8.6
2021-1-29T17:13:57,-62.20582,-58.43921,8.6
2021-1-29T17:14:7,-62.20582,-58.43921,8.7
2021-1-29T17:14:18,-62.20582,-58.43921,8.8
2021-1-29T17:14:29,-62.20582,-58.43921,8.8
2021-1-29T17:14:39,-62.20582,-58.43921,8.9
2021-1-29T17:14:50,-62.20582,-58.43922,9.0
2021-1-29T17:15:0,-62.20582,-58.43922,8.7
2021-1-29T17:15:11,-62.20582,-58.43922,8.8
2021-1-29T17:15:21,-62.20583,-58.43922,9.1
2021-1-29T17:15:32,-62.20583,-58.43922,9.5
2021-1-29T17:15:42,-62.20583,-58.43922,9.8
2021-1-29T17:15:53,-62.20584,-58.43923,10.3
2021-1-29T17:16:3,-62.20584,-58.43923,10.5
2021-1-29T17:16:14,-62.20584,-58.43923,10.4
2021-1-29T17:16:25,-62.20584,-58.43923,10.2
2021-1-29T17:16:35,-62.20585,-58.43923,10.5
2021-1-29T17:16:46,-62.20584,-58.43923,10.1
2021-1-29T17:16:56,-62.20584,-58.43922,9.9
2021-1-29T17:17:7,-62.20584,-58.43922,9.7
2021-1-29T17:17:17,-62.20584,-58.43922,9.4
2021-1-29T17:17:28,-62.20584,-58.43922,9.3
2021-1-29T17:17:38,-62.20583,-58.43922,9.2
2021-1-29T17:17:49,-62.20583,-58.43922,9.2
2021-1-29T17:17:59,-62.20583,-58.43922,9.2
2021-1-29T17:18:10,-62.20583,-58.43922,9.0
2021-1-29T17:18:21,-62.20582,-58.43922,9.0
2021-1-29T17:18:31,-62.20582,-58.43922,9.0
2021-1-29T17:18:42,-62.20582,-58.43922,8.8
2021-1-29T17:18:52,-62.20582,-58.43922,8.8
2021-1-29T17:19:3,-62.20582,-58.43922,8.8
2021-1-29T17:19:13,-62.20582,-58.43921,8.8
2021-1-29T17:19:24,-62.20582,-58.43921,8.8
2021-1-29T17:19:34,-62.20582,-58.43921,8.8
2021-1-29T17:19:45,-62.20582,-58.43921,8.9
2021-1-29T17:19:56,-62.20582,-58.43921,8.7
2021-1-29T17:20:6,-62.20583,-58.43921,8.7
2021-1-29T17:20:17,-62.20583,-58.43920,8.8
2021-1-29T17:20:27,-62.20583,-58.43920,9.0
2021-1-29T17:20:38,-62.20582,-58.43920,9.1
2021-1-29T17:20:48,-62.20582,-58.43920,9.0
2021-1-29T17:20:59,-62.20582,-58.43920,9.2
2021-1-29T17:21:9,-62.20582,-58.43920,9.3
2021-1-29T17:21:20,-62.20582,-58.43920,9.4
2021-1-29T17:21:30,-62.20582,-58.43920,9.5
2021-1-29T17:21:41,-62.20582,-58.43920,9.4
2021-1-29T17:21:52,-62.20582,-58.43920,9.4
2021-1-29T17:22:2,-62.20582,-58.43920,9.5
2021-1-29T17:22:13,-62.20582,-58.43920,8.9
2021-1-29T17:22:24,-62.20582,-58.43920,8.6
2021-1-29T17:22:34,-62.20581,-58.43920,8.4
2021-1-29T17:22:45,-62.20582,-58.43920,8.8
2021-1-29T17:22:55,-62.20582,-58.43921,9.3
2021-1-29T17:23:6,-62.20582,-58.43921,9.9
2021-1-29T17:23:16,-62.20582,-58.43921,10.1
2021-1-29T17:23:27,-62.20582,-58.43921,9.5
2021-1-29T17:23:37,-62.20582,-58.43920,9.1
2021-1-29T17:23:48,-62.20581,-58.43920,8.9
2021-1-29T17:23:59,-62.20581,-58.43920,8.9
2021-1-29T17:24:9,-62.20581,-58.43920,9.1
2021-1-29T17:24:20,-62.20581,-58.43920,9.7
2021-1-29T17:24:30,-62.20581,-58.43920,10.0
2021-1-29T17:24:41,-62.20582,-58.43921,10.5
2021-1-29T17:24:51,-62.20581,-58.43921,10.5
2021-1-29T17:25:2,-62.20581,-58.43921,9.8
2021-1-29T17:25:12,-62.20581,-58.43920,9.6
2021-1-29T17:25:23,-62.20581,-58.43920,9.4
2021-1-29T17:25:34,-62.20581,-58.43920,9.3
2021-1-29T17:25:44,-62.20581,-58.43920,9.1
2021-1-29T17:25:55,-62.20581,-58.43920,9.4
2021-1-29T17:26:5,-62.20581,-58.43921,9.7
2021-1-29T17:26:16,-62.20581,-58.43920,9.7
2021-1-29T17:26:26,-62.20581,-58.43920,9.6
2021-1-29T17:26:37,-62.20581,-58.43920,9.4
2021-1-29T17:26:47,-62.20581,-58.43920,9.4
2021-1-29T17:26:58,-62.20581,-58.43920,9.3
2021-1-29T17:27:8,-62.20581,-58.43920,9.3
2021-1-29T17:27:19,-62.20581,-58.43920,9.3
2021-1-29T17:27:30,-62.20581,-58.43920,9.2
2021-1-29T17:27:40,-62.20581,-58.43920,9.2
2021-1-29T17:27:51,-62.20581,-58.43920,9.2
2021-1-29T17:28:1,-62.20581,-58.43919,9.1
2021-1-29T17:28:12,-62.20581,-58.43919,9.1
2021-1-29T17:28:22,-62.20581,-58.43920,9.2
2021-1-29T17:28:33,-62.20581,-58.43920,9.3
2021-1-29T17:28:43,-62.20581,-58.43920,9.4
2021-1-29T17:28:54,-62.20581,-58.43919,9.0
2021-1-29T17:29:5,-62.20581,-58.43919,8.8
2021-1-29T17:29:15,-62.20581,-58.43919,8.8
2021-1-29T17:29:26,-62.20581,-58.43919,8.8
2021-1-29T17:29:36,-62.20581,-58.43919,8.8
2021-1-29T17:29:47,-62.20581,-58.43919,8.5
2021-1-29T17:29:57,-62.20581,-58.43919,8.5
2021-1-29T17:30:8,-62.20581,-58.43919,8.6
2021-1-29T17:30:18,-62.20582,-58.43919,8.6
2021-1-29T17:30:29,-62.20582,-58.43919,8.8
2021-1-29T17:30:39,-62.20582,-58.43919,8.7
2021-1-29T17:30:50,-62.20582,-58.43919,8.9
2021-1-29T17:31:1,-62.20581,-58.43919,8.9
2021-1-29T17:31:11,-62.20581,-58.43920,9.1
2021-1-29T17:31:22,-62.20581,-58.43920,9.2
2021-1-29T17:31:32,-62.20581,-58.43920,9.3
2021-1-29T17:31:43,-62.20581,-58.43920,9.5
2021-1-29T17:31:53,-62.20581,-58.43920,9.7
2021-1-29T17:32:4,-62.20581,-58.43920,9.8
2021-1-29T17:32:14,-62.20581,-58.43920,9.9
2021-1-29T17:32:25,-62.20581,-58.43921,10.2
2021-1-29T17:32:35,-62.20581,-58.43921,10.6
2021-1-29T17:32:46,-62.20581,-58.43921,11.0
2021-1-29T17:32:57,-62.20581,-58.43921,11.1
2021-1-29T17:33:7,-62.20581,-58.43921,11.1
2021-1-29T17:33:18,-62.20581,-58.43921,11.2
2021-1-29T17:33:29,-62.20581,-58.43921,11.5
2021-1-29T17:33:39,-62.20581,-58.43921,11.5
2021-1-29T17:33:50,-62.20581,-58.43921,11.4
2021-1-29T17:34:0,-62.20581,-58.43921,11.6
2021-1-29T17:34:11,-62.20581,-58.43921,11.8
2021-1-29T17:34:21,-62.20581,-58.43921,11.9
2021-1-29T17:34:32,-62.20581,-58.43921,11.5
2021-1-29T17:34:42,-62.20581,-58.43921,11.7
2021-1-29T17:34:53,-62.20582,-58.43922,12.1
2021-1-29T17:35:3,-62.20582,-58.43922,12.2
2021-1-29T17:35:14,-62.20581,-58.43921,11.7
2021-1-29T17:35:25,-62.20581,-58.43921,11.6
2021-1-29T17:35:35,-62.20581,-58.43921,11.6
2021-1-29T17:35:46,-62.20581,-58.43921,11.3
2021-1-29T17:35:56,-62.20581,-58.43921,11.2
2021-1-29T17:36:7,-62.20581,-58.43921,11.0
2021-1-29T17:36:17,-62.20581,-58.43921,11.1
2021-1-29T17:36:28,-62.20581,-58.43921,11.1
2021-1-29T17:36:38,-62.20581,-58.43921,11.0
2021-1-29T17:36:49,-62.20581,-58.43921,11.1
2021-1-29T17:37:0,-62.20581,-58.43921,11.2
2021-1-29T17:37:10,-62.20581,-58.43921,11.0
2021-1-29T17:37:21,-62.20581,-58.43920,10.9
2021-1-29T17:37:31,-62.20581,-58.43920,11.0
2021-1-29T17:37:42,-62.20581,-58.43919,11.3
2021-1-29T17:37:52,-62.20581,-58.43919,11.2
2021-1-29T17:38:3,-62.20581,-58.43918,11.1
2021-1-29T17:38:13,-62.20581,-58.43918,10.7
2021-1-29T17:38:24,-62.20581,-58.43918,10.2
2021-1-29T17:38:35,-62.20581,-58.43918,10.9
2021-1-29T17:38:45,-62.20581,-58.43918,11.1
2021-1-29T17:38:56,-62.20581,-58.43918,10.9
2021-1-29T17:39:6,-62.20581,-58.43918,11.0
2021-1-29T17:39:17,-62.20581,-58.43919,11.4
2021-1-29T17:39:27,-62.20581,-58.43918,11.5
2021-1-29T17:39:38,-62.20581,-58.43918,11.5
2021-1-29T17:39:48,-62.20581,-58.43919,11.5
2021-1-29T17:39:59,-62.20581,-58.43919,11.5
2021-1-29T17:40:9,-62.20581,-58.43919,11.5
2021-1-29T17:40:20,-62.20581,-58.43919,11.6
2021-1-29T17:40:31,-62.20581,-58.43919,11.3
2021-1-29T17:40:41,-62.20581,-58.43919,11.5
2021-1-29T17:40:52,-62.20581,-58.43918,11.5
2021-1-29T17:41:2,-62.20581,-58.43918,11.5
2021-1-29T17:41:13,-62.20581,-58.43918,11.4
2021-1-29T17:41:23,-62.20581,-58.43917,11.5
2021-1-29T17:41:34,-62.20581,-58.43917,11.5
2021-1-29T17:41:44,-62.20581,-58.43918,11.7
2021-1-29T17:41:55,-62.20581,-58.43918,11.8
2021-1-29T17:42:6,-62.20581,-58.43918,11.6
2021-1-29T17:42:16,-62.20581,-58.43918,11.5
2021-1-29T17:42:27,-62.20581,-58.43917,11.5
2021-1-29T17:42:37,-62.20581,-58.43917,11.3
2021-1-29T17:42:48,-62.20581,-58.43917,11.1
2021-1-29T17:42:58,-62.20581,-58.43917,11.2
2021-1-29T17:43:9,-62.20581,-58.43918,11.3
2021-1-29T17:43:20,-62.20581,-58.43918,11.4
2021-1-29T17:43:30,-62.20581,-58.43918,11.4
2021-1-29T17:43:41,-62.20581,-58.43918,11.8
2021-1-29T17:43:51,-62.20581,-58.43918,11.8
2021-1-29T17:44:2,-62.20581,-58.43918,12.2
2021-1-29T17:44:12,-62.20581,-58.43918,12.3
2021-1-29T17:44:23,-62.20581,-58.43918,12.5
2021-1-29T17:44:34,-62.20581,-58.43918,12.3
2021-1-29T17:44:44,-62.20581,-58.43918,12.6
2021-1-29T17:44:55,-62.20581,-58.43918,12.6
2021-1-29T17:45:5,-62.20581,-58.43918,12.4
2021-1-29T17:45:16,-62.20581,-58.43918,12.2
2021-1-29T17:45:26,-62.20581,-58.43918,12.4
2021-1-29T17:45:37,-62.20581,-58.43918,11.8
2021-1-29T17:45:47,-62.20581,-58.43918,12.1
2021-1-29T17:45:58,-62.20581,-58.43918,12.4
2021-1-29T17:46:9,-62.20581,-58.43918,12.6
2021-1-29T17:46:19,-62.20581,-58.43918,12.6
2021-1-29T17:46:30,-62.20581,-58.43918,12.8
2021-1-29T17:46:40,-62.20581,-58.43918,12.6
2021-1-29T17:46:51,-62.20581,-58.43918,12.6
2021-1-29T17:47:1,-62.20581,-58.43918,12.7
2021-1-29T17:47:12,-62.20581,-58.43918,12.8
2021-1-29T17:47:22,-62.20581,-58.43918,13.0
2021-1-29T17:47:33,-62.20581,-58.43919,13.2
2021-1-29T17:47:44,-62.20581,-58.43919,12.8
2021-1-29T17:47:54,-62.20580,-58.43918,13.0
2021-1-29T17:48:5,-62.20578,-58.43921,11.4
2021-1-29T17:48:15,-62.20574,-58.43925,10.2
2021-1-29T17:48:26,-62.20566,-58.43927,9.1
2021-1-29T17:48:36,-62.20560,-58.43938,8.5
2021-1-29T17:48:47,-62.20550,-58.43955,8.4
2021-1-29T17:48:57,-62.20540,-58.43967,7.1
2021-1-29T17:49:8,-62.20530,-58.43974,7.2
2021-1-29T17:49:18,-62.20520,-58.43977,7.2
2021-1-29T17:49:29,-62.20509,-58.43982,7.5
2021-1-29T17:49:40,-62.20498,-58.43987,7.2
2021-1-29T17:49:50,-62.20488,-58.43991,7.6
2021-1-29T17:50:1,-62.20483,-58.43999,6.8
2021-1-29T17:50:11,-62.20482,-58.43998,5.9
2021-1-29T17:50:22,-62.20479,-58.44004,6.6
2021-1-29T17:50:32,-62.20473,-58.44017,7.4
2021-1-29T17:50:43,-62.20467,-58.44023,7.7
2021-1-29T17:50:53,-62.20464,-58.44026,8.2
2021-1-29T17:51:4,-62.20459,-58.44037,7.9
2021-1-29T17:51:15,-62.20455,-58.44056,8.4
2021-1-29T17:51:25,-62.20448,-58.44070,7.2
2021-1-29T17:51:36,-62.20441,-58.44089,7.6
2021-1-29T17:51:46,-62.20435,-58.44108,8.0
2021-1-29T17:51:57,-62.20428,-58.44126,8.4
2021-1-29T17:52:7,-62.20420,-58.44139,7.1
2021-1-29T17:52:18,-62.20411,-58.44153,7.1
2021-1-29T17:52:28,-62.20402,-58.44165,7.6
2021-1-29T17:52:39,-62.20393,-58.44180,8.7
2021-1-29T17:52:50,-62.20385,-58.44201,8.5
2021-1-29T17:53:0,-62.20378,-58.44222,9.4
2021-1-29T17:53:11,-62.20372,-58.44231,9.0
2021-1-29T17:53:21,-62.20363,-58.44240,8.3
2021-1-29T17:53:32,-62.20355,-58.44255,8.2
2021-1-29T17:53:43,-62.20351,-58.44274,8.6
2021-1-29T17:53:53,-62.20348,-58.44293,8.9
2021-1-29T17:54:4,-62.20343,-58.44315,8.7
2021-1-29T17:54:14,-62.20338,-58.44329,9.0
2021-1-29T17:54:25,-62.20334,-58.44339,8.6
2021-1-29T17:54:35,-62.20331,-58.44339,8.7
2021-1-29T17:54:46,-62.20327,-58.44341,10.1
2021-1-29T17:54:56,-62.20326,-58.44342,9.5
2021-1-29T17:55:7,-62.20326,-58.44343,9.4
2021-1-29T17:55:18,-62.20326,-58.44345,9.1
2021-1-29T17:55:28,-62.20326,-58.44345,9.1
2021-1-29T17:55:39,-62.20326,-58.44347,8.6
2021-1-29T17:55:49,-62.20326,-58.44347,8.8
2021-1-29T17:56:0,-62.20326,-58.44347,8.4
2021-1-29T17:56:10,-62.20326,-58.44347,9.0
2021-1-29T17:56:21,-62.20327,-58.44347,9.5
2021-1-29T17:56:31,-62.20327,-58.44348,9.2
2021-1-29T17:56:42,-62.20327,-58.44348,8.9
2021-1-29T17:56:53,-62.20327,-58.44348,8.6
2021-1-29T17:57:3,-62.20327,-58.44347,8.6
2021-1-29T17:57:14,-62.20327,-58.44347,9.1
2021-1-29T17:57:24,-62.20327,-58.44347,9.3
2021-1-29T17:57:35,-62.20327,-58.44347,9.2
2021-1-29T17:57:45,-62.20327,-58.44347,8.9
2021-1-29T17:57:56,-62.20327,-58.44347,8.8
2021-1-29T17:58:6,-62.20327,-58.44347,8.9
2021-1-29T17:58:17,-62.20327,-58.44347,8.8
2021-1-29T17:58:28,-62.20327,-58.44347,8.4
2021-1-29T17:58:38,-62.20327,-58.44347,8.1
2021-1-29T17:58:49,-62.20327,-58.44347,8.2
2021-1-29T17:58:59,-62.20327,-58.44347,8.3
2021-1-29T17:59:10,-62.20327,-58.44347,7.9
2021-1-29T17:59:20,-62.20327,-58.44347,7.8
2021-1-29T17:59:31,-62.20327,-58.44347,8.3
2021-1-29T17:59:41,-62.20327,-58.44347,8.6
2021-1-29T17:59:52,-62.20327,-58.44347,8.9
2021-1-29T18:0:3,-62.20327,-58.44347,8.8
2021-1-29T18:0:13,-62.20326,-58.44346,8.5
2021-1-29T18:0:24,-62.20327,-58.44346,8.8
2021-1-29T18:0:34,-62.20327,-58.44346,8.6
2021-1-29T18:0:45,-62.20327,-58.44346,8.8
2021-1-29T18:0:55,-62.20327,-58.44346,8.9
2021-1-29T18:1:6,-62.20327,-58.44346,8.8
2021-1-29T18:1:16,-62.20326,-58.44346,8.3
2021-1-29T18:1:27,-62.20326,-58.44345,8.9
2021-1-29T18:1:37,-62.20323,-58.44330,9.0
2021-1-29T18:1:48,-62.20317,-58.44313,8.8
2021-1-29T18:1:59,-62.20310,-58.44295,8.2
2021-1-29T18:2:9,-62.20307,-58.44280,7.4
2021-1-29T18:2:20,-62.20301,-58.44263,6.9
2021-1-29T18:2:30,-62.20299,-58.44253,7.4
2021-1-29T18:2:41,-62.20298,-58.44255,7.5
2021-1-29T18:2:51,-62.20298,-58.44255,7.9
2021-1-29T18:3:2,-62.20298,-58.44255,7.2
2021-1-29T18:3:12,-62.20298,-58.44255,7.5
2021-1-29T18:3:23,-62.20298,-58.44254,7.5
2021-1-29T18:3:33,-62.20298,-58.44255,7.3
2021-1-29T18:3:44,-62.20300,-58.44261,7.6
2021-1-29T18:3:55,-62.20307,-58.44278,8.6
2021-1-29T18:4:5,-62.20310,-58.44292,7.4
2021-1-29T18:4:16,-62.20316,-58.44311,6.9
2021-1-29T18:4:27,-62.20321,-58.44332,7.7
2021-1-29T18:4:37,-62.20325,-58.44342,7.2
2021-1-29T18:4:48,-62.20325,-58.44342,7.1
2021-1-29T18:4:58,-62.20325,-58.44344,6.6
2021-1-29T18:5:9,-62.20325,-58.44346,6.6
2021-1-29T18:5:19,-62.20326,-58.44345,7.8
2021-1-29T18:5:30,-62.20326,-58.44346,8.1
2021-1-29T18:5:40,-62.20326,-58.44346,8.2
2021-1-29T18:5:51,-62.20325,-58.44346,8.2
2021-1-29T18:6:1,-62.20326,-58.44346,8.1
2021-1-29T18:6:12,-62.20326,-58.44346,8.2
2021-1-29T18:6:23,-62.20326,-58.44346,8.3
2021-1-29T18:6:33,-62.20326,-58.44346,8.2
2021-1-29T18:6:44,-62.20326,-58.44346,8.1
2021-1-29T18:6:54,-62.20326,-58.44346,8.3
2021-1-29T18:7:5,-62.20326,-58.44346,8.7
2021-1-29T18:7:15,-62.20326,-58.44346,8.7
2021-1-29T18:7:26,-62.20326,-58.44346,8.5
2021-1-29T18:7:36,-62.20325,-58.44346,8.2
2021-1-29T18:7:47,-62.20325,-58.44346,8.1
2021-1-29T18:7:57,-62.20325,-58.44346,8.0
2021-1-29T18:8:8,-62.20325,-58.44346,7.5
2021-1-29T18:8:19,-62.20325,-58.44346,7.3
2021-1-29T18:8:29,-62.20325,-58.44346,7.7
2021-1-29T18:8:40,-62.20325,-58.44346,7.9
2021-1-29T18:8:50,-62.20325,-58.44346,8.0
2021-1-29T18:9:1,-62.20325,-58.44347,8.0
2021-1-29T18:9:11,-62.20325,-58.44347,7.7
2021-1-29T18:9:22,-62.20325,-58.44347,7.4
2021-1-29T18:9:32,-62.20325,-58.44347,7.2
2021-1-29T18:9:43,-62.20325,-58.44347,7.0
2021-1-29T18:9:53,-62.20325,-58.44347,6.9
2021-1-29T18:10:4,-62.20325,-58.44347,7.3
2021-1-29T18:10:15,-62.20325,-58.44347,7.4
2021-1-29T18:10:25,-62.20325,-58.44347,7.4
2021-1-29T18:10:36,-62.20325,-58.44347,7.5
2021-1-29T18:10:46,-62.20325,-58.44347,7.5
2021-1-29T18:10:57,-62.20325,-58.44347,7.5
2021-1-29T18:11:7,-62.20325,-58.44347,7.6
2021-1-29T18:11:18,-62.20325,-58.44347,7.4
2021-1-29T18:11:28,-62.20325,-58.44347,7.1
2021-1-29T18:11:39,-62.20325,-58.44347,6.9
2021-1-29T18:11:49,-62.20325,-58.44347,6.9
2021-1-29T18:12:0,-62.20325,-58.44347,6.8
2021-1-29T18:12:11,-62.20325,-58.44347,6.9
2021-1-29T18:12:21,-62.20325,-58.44347,6.8
2021-1-29T18:12:32,-62.20325,-58.44347,6.8
2021-1-29T18:12:42,-62.20325,-58.44347,6.8
2021-1-29T18:12:53,-62.20325,-58.44347,6.7
2021-1-29T18:13:3,-62.20325,-58.44347,6.9
2021-1-29T18:13:14,-62.20325,-58.44347,6.7
2021-1-29T18:13:24,-62.20325,-58.44346,6.8
2021-1-29T18:13:35,-62.20325,-58.44346,7.0
2021-1-29T18:13:45,-62.20325,-58.44347,7.1
2021-1-29T18:13:56,-62.20325,-58.44347,7.0
2021-1-29T18:14:7,-62.20325,-58.44346,6.7
2021-1-29T18:14:17,-62.20325,-58.44347,6.4
2021-1-29T18:14:28,-62.20325,-58.44347,6.1
2021-1-29T18:14:38,-62.20325,-58.44345,6.0
2021-1-29T18:14:49,-62.20325,-58.44345,6.6
2021-1-29T18:15:0,-62.20325,-58.44345,6.9
2021-1-29T18:15:10,-62.20325,-58.44345,7.4
2021-1-29T18:15:21,-62.20324,-58.44345,8.1
2021-1-29T18:15:31,-62.20324,-58.44345,8.4
2021-1-29T18:15:42,-62.20324,-58.44345,8.5
2021-1-29T18:15:52,-62.20324,-58.44345,8.3
2021-1-29T18:16:3,-62.20324,-58.44345,8.5
2021-1-29T18:16:14,-62.20325,-58.44345,8.4
2021-1-29T18:16:24,-62.20325,-58.44345,8.5
2021-1-29T18:16:35,-62.20324,-58.44345,8.4
2021-1-29T18:16:45,-62.20324,-58.44345,8.4
2021-1-29T18:16:56,-62.20324,-58.44345,8.2
2021-1-29T18:17:6,-62.20324,-58.44345,8.4
2021-1-29T18:17:17,-62.20324,-58.44345,8.3
2021-1-29T18:17:27,-62.20324,-58.44345,8.4
2021-1-29T18:17:38,-62.20324,-58.44345,8.4
2021-1-29T18:17:48,-62.20324,-58.44345,8.5
2021-1-29T18:17:59,-62.20324,-58.44345,8.4
2021-1-29T18:18:10,-62.20324,-58.44345,8.4
2021-1-29T18:18:20,-62.20324,-58.44345,8.3
2021-1-29T18:18:31,-62.20324,-58.44345,8.3
2021-1-29T18:18:41,-62.20324,-58.44345,8.3
2021-1-29T18:18:52,-62.20324,-58.44345,8.1
2021-1-29T18:19:2,-62.20324,-58.44345,7.8
2021-1-29T18:19:13,-62.20324,-58.44345,7.6
2021-1-29T18:19:23,-62.20324,-58.44345,7.6
2021-1-29T18:19:34,-62.20324,-58.44345,7.8
2021-1-29T18:19:45,-62.20324,-58.44345,8.0
2021-1-29T18:19:55,-62.20324,-58.44345,8.1
2021-1-29T18:20:6,-62.20324,-58.44345,8.0
2021-1-29T18:20:16,-62.20324,-58.44345,7.9
2021-1-29T18:20:27,-62.20324,-58.44345,7.8
2021-1-29T18:20:37,-62.20324,-58.44345,7.9
2021-1-29T18:20:48,-62.20324,-58.44345,7.8
2021-1-29T18:20:58,-62.20324,-58.44346,7.6
2021-1-29T18:21:9,-62.20324,-58.44346,6.0
2021-1-29T18:21:19,-62.20324,-58.44346,6.2
2021-1-29T18:21:30,-62.20325,-58.44346,6.3
2021-1-29T18:21:41,-62.20325,-58.44346,6.0
2021-1-29T18:21:51,-62.20325,-58.44347,5.8
2021-1-29T18:22:2,-62.20326,-58.44347,4.9
2021-1-29T18:22:12,-62.20326,-58.44347,4.2
2021-1-29T18:22:23,-62.20326,-58.44347,3.9
2021-1-29T18:22:33,-62.20326,-58.44347,3.6
2021-1-29T18:22:44,-62.20326,-58.44347,3.6
2021-1-29T18:22:54,-62.20326,-58.44347,3.4
2021-1-29T18:23:5,-62.20326,-58.44347,3.4
2021-1-29T18:23:15,-62.20326,-58.44347,3.9
2021-1-29T18:23:26,-62.20326,-58.44347,4.0
2021-1-29T18:23:37,-62.20326,-58.44347,4.4
2021-1-29T18:23:47,-62.20326,-58.44347,4.4
2021-1-29T18:23:58,-62.20326,-58.44347,4.8
2021-1-29T18:24:8,-62.20326,-58.44347,4.6
2021-1-29T18:24:19,-62.20326,-58.44347,4.6
2021-1-29T18:24:29,-62.20326,-58.44347,5.2
2021-1-29T18:24:40,-62.20326,-58.44347,5.6
2021-1-29T18:24:50,-62.20326,-58.44348,5.7
2021-1-29T18:25:1,-62.20326,-58.44348,5.6
2021-1-29T18:25:12,-62.20326,-58.44348,5.6
2021-1-29T18:25:22,-62.20326,-58.44348,5.5
2021-1-29T18:25:33,-62.20326,-58.44348,5.3
2021-1-29T18:25:43,-62.20327,-58.44347,5.4
2021-1-29T18:25:54,-62.20326,-58.44347,5.7
2021-1-29T18:26:5,-62.20327,-58.44348,5.7
2021-1-29T18:26:15,-62.20327,-58.44348,5.5
2021-1-29T18:26:26,-62.20327,-58.44348,5.3
2021-1-29T18:26:36,-62.20327,-58.44347,5.5
2021-1-29T18:26:47,-62.20327,-58.44348,5.6
2021-1-29T18:26:57,-62.20326,-58.44348,5.9
2021-1-29T18:27:8,-62.20326,-58.44347,5.9
2021-1-29T18:27:18,-62.20327,-58.44348,5.9
2021-1-29T18:27:29,-62.20327,-58.44348,5.8
2021-1-29T18:27:39,-62.20327,-58.44347,5.8
2021-1-29T18:27:50,-62.20327,-58.44348,5.7
2021-1-29T18:28:1,-62.20327,-58.44347,5.6
2021-1-29T18:28:11,-62.20327,-58.44347,5.8
2021-1-29T18:28:22,-62.20327,-58.44347,6.0
2021-1-29T18:28:32,-62.20326,-58.44347,6.3
2021-1-29T18:28:43,-62.20326,-58.44347,6.5
2021-1-29T18:28:53,-62.20326,-58.44347,6.7
2021-1-29T18:29:4,-62.20326,-58.44347,7.0
2021-1-29T18:29:14,-62.20326,-58.44347,7.1
2021-1-29T18:29:25,-62.20326,-58.44347,6.7
2021-1-29T18:29:35,-62.20326,-58.44347,6.3
2021-1-29T18:29:46,-62.20326,-58.44347,6.1
2021-1-29T18:29:57,-62.20326,-58.44347,6.3
2021-1-29T18:30:7,-62.20326,-58.44347,6.4
2021-1-29T18:30:18,-62.20327,-58.44347,6.6
2021-1-29T18:30:28,-62.20327,-58.44347,6.7
2021-1-29T18:30:39,-62.20326,-58.44347,6.6
2021-1-29T18:30:49,-62.20326,-58.44347,6.9
2021-1-29T18:31:0,-62.20326,-58.44347,6.8
2021-1-29T18:31:10,-62.20327,-58.44347,7.1
2021-1-29T18:31:21,-62.20327,-58.44347,7.1
2021-1-29T18:31:31,-62.20327,-58.44347,6.9
2021-1-29T18:31:42,-62.20327,-58.44347,6.6
2021-1-29T18:31:53,-62.20327,-58.44347,6.6
2021-1-29T18:32:3,-62.20327,-58.44347,7.0
2021-1-29T18:32:14,-62.20327,-58.44347,6.9
2021-1-29T18:32:24,-62.20327,-58.44347,7.0
2021-1-29T18:32:35,-62.20327,-58.44347,6.9
2021-1-29T18:32:45,-62.20327,-58.44347,7.3
2021-1-29T18:32:56,-62.20327,-58.44347,7.7
2021-1-29T18:33:7,-62.20327,-58.44347,7.3
2021-1-29T18:33:17,-62.20327,-58.44347,7.3
2021-1-29T18:33:28,-62.20327,-58.44347,7.2
2021-1-29T18:33:38,-62.20327,-58.44347,7.2
2021-1-29T18:33:49,-62.20327,-58.44347,7.3
2021-1-29T18:33:59,-62.20326,-58.44347,7.1
2021-1-29T18:34:10,-62.20326,-58.44348,7.2
2021-1-29T18:34:20,-62.20327,-58.44348,7.5
2021-1-29T18:34:31,-62.20326,-58.44348,8.3
2021-1-29T18:34:41,-62.20326,-58.44348,7.8
2021-1-29T18:34:52,-62.20326,-58.44348,8.9
2021-1-29T18:35:3,-62.20327,-58.44363,8.5
2021-1-29T18:35:13,-62.20328,-58.44379,8.2
2021-1-29T18:35:24,-62.20330,-58.44396,9.2
2021-1-29T18:35:34,-62.20333,-58.44416,8.9
2021-1-29T18:35:45,-62.20334,-58.44439,9.7
2021-1-29T18:35:56,-62.20337,-58.44461,10.6
2021-1-29T18:36:6,-62.20341,-58.44474,11.1
2021-1-29T18:36:17,-62.20348,-58.44485,10.9
2021-1-29T18:36:27,-62.20352,-58.44492,10.4
2021-1-29T18:36:38,-62.20356,-58.44499,10.2
2021-1-29T18:36:48,-62.20357,-58.44501,9.6
2021-1-29T18:36:59,-62.20357,-58.44500,9.7
2021-1-29T18:37:9,-62.20357,-58.44500,9.9
2021-1-29T18:37:20,-62.20357,-58.44500,10.2
2021-1-29T18:37:31,-62.20357,-58.44500,10.2
2021-1-29T18:37:41,-62.20357,-58.44500,10.3
2021-1-29T18:37:52,-62.20357,-58.44500,10.3
2021-1-29T18:38:2,-62.20357,-58.44500,10.4
2021-1-29T18:38:13,-62.20357,-58.44500,10.3
2021-1-29T18:38:23,-62.20357,-58.44500,10.3
2021-1-29T18:38:34,-62.20357,-58.44500,10.3
2021-1-29T18:38:44,-62.20357,-58.44500,10.4
2021-1-29T18:38:55,-62.20357,-58.44500,10.3
2021-1-29T18:39:5,-62.20357,-58.44500,10.4
2021-1-29T18:39:16,-62.20357,-58.44500,10.0
2021-1-29T18:39:27,-62.20357,-58.44500,9.9
2021-1-29T18:39:37,-62.20357,-58.44500,10.0
2021-1-29T18:39:48,-62.20357,-58.44500,9.8
2021-1-29T18:39:58,-62.20357,-58.44500,9.4
2021-1-29T18:40:9,-62.20357,-58.44500,9.3
2021-1-29T18:40:19,-62.20357,-58.44500,9.3
2021-1-29T18:40:30,-62.20356,-58.44499,9.6
2021-1-29T18:40:40,-62.20356,-58.44499,9.8
2021-1-29T18:40:51,-62.20357,-58.44500,10.0
2021-1-29T18:41:1,-62.20357,-58.44499,10.1
2021-1-29T18:41:12,-62.20357,-58.44499,10.0
2021-1-29T18:41:23,-62.20357,-58.44499,10.0
2021-1-29T18:41:33,-62.20357,-58.44499,9.6
2021-1-29T18:41:44,-62.20357,-58.44500,9.5
2021-1-29T18:41:54,-62.20357,-58.44500,9.4
2021-1-29T18:42:5,-62.20357,-58.44500,9.6
2021-1-29T18:42:15,-62.20357,-58.44500,9.7
2021-1-29T18:42:26,-62.20357,-58.44500,10.0
2021-1-29T18:42:36,-62.20356,-58.44500,10.1
2021-1-29T18:42:47,-62.20356,-58.44500,10.0
2021-1-29T18:42:58,-62.20356,-58.44500,10.0
2021-1-29T18:43:8,-62.20356,-58.44500,9.9
2021-1-29T18:43:19,-62.20356,-58.44500,9.8
2021-1-29T18:43:29,-62.20356,-58.44500,9.7
2021-1-29T18:43:40,-62.20356,-58.44500,9.8
2021-1-29T18:43:50,-62.20356,-58.44500,9.9
2021-1-29T18:44:1,-62.20356,-58.44500,10.0
2021-1-29T18:44:11,-62.20357,-58.44500,10.1
2021-1-29T18:44:22,-62.20356,-58.44500,9.9
2021-1-29T18:44:33,-62.20357,-58.44500,9.7
2021-1-29T18:44:43,-62.20357,-58.44500,9.9
2021-1-29T18:44:54,-62.20357,-58.44500,10.1
2021-1-29T18:45:4,-62.20357,-58.44500,10.1
2021-1-29T18:45:15,-62.20357,-58.44500,10.0
2021-1-29T18:45:25,-62.20356,-58.44500,10.0
2021-1-29T18:45:36,-62.20356,-58.44500,10.1
2021-1-29T18:45:46,-62.20357,-58.44500,9.9
2021-1-29T18:45:57,-62.20357,-58.44500,9.8
2021-1-29T18:46:8,-62.20357,-58.44500,9.7
2021-1-29T18:46:18,-62.20357,-58.44500,9.8
2021-1-29T18:46:29,-62.20357,-58.44500,10.1
2021-1-29T18:46:39,-62.20357,-58.44500,10.4
2021-1-29T18:46:50,-62.20356,-58.44500,10.3
2021-1-29T18:47:0,-62.20357,-58.44500,10.2
2021-1-29T18:47:11,-62.20357,-58.44500,10.4
2021-1-29T18:47:22,-62.20357,-58.44500,10.2
2021-1-29T18:47:32,-62.20357,-58.44500,10.4
2021-1-29T18:47:43,-62.20357,-58.44501,10.5
2021-1-29T18:47:53,-62.20357,-58.44500,10.3
2021-1-29T18:48:4,-62.20357,-58.44500,10.2
2021-1-29T18:48:14,-62.20357,-58.44500,10.1
2021-1-29T18:48:25,-62.20357,-58.44500,10.3
2021-1-29T18:48:35,-62.20357,-58.44500,10.0
2021-1-29T18:48:46,-62.20357,-58.44500,9.9
2021-1-29T18:48:57,-62.20357,-58.44500,9.8
2021-1-29T18:49:7,-62.20357,-58.44500,9.9
2021-1-29T18:49:18,-62.20357,-58.44500,9.8
2021-1-29T18:49:28,-62.20357,-58.44501,9.8
2021-1-29T18:49:39,-62.20357,-58.44500,9.7
2021-1-29T18:49:49,-62.20357,-58.44499,9.8
2021-1-29T18:50:0,-62.20357,-58.44499,9.8
2021-1-29T18:50:10,-62.20357,-58.44499,9.9
2021-1-29T18:50:21,-62.20357,-58.44499,10.2
2021-1-29T18:50:32,-62.20357,-58.44499,10.3
2021-1-29T18:50:42,-62.20357,-58.44499,11.0
2021-1-29T18:50:53,-62.20357,-58.44499,11.1
2021-1-29T18:51:3,-62.20357,-58.44499,11.1
2021-1-29T18:51:14,-62.20357,-58.44499,11.0
2021-1-29T18:51:24,-62.20357,-58.44499,10.9
2021-1-29T18:51:35,-62.20357,-58.44499,11.1
2021-1-29T18:51:45,-62.20357,-58.44499,10.9
2021-1-29T18:51:56,-62.20357,-58.44499,11.0
2021-1-29T18:52:7,-62.20357,-58.44499,11.0
2021-1-29T18:52:17,-62.20357,-58.44499,11.1
2021-1-29T18:52:28,-62.20357,-58.44499,11.2
2021-1-29T18:52:38,-62.20357,-58.44499,11.1
2021-1-29T18:52:49,-62.20357,-58.44499,10.9
2021-1-29T18:52:59,-62.20357,-58.44499,10.8
2021-1-29T18:53:10,-62.20357,-58.44499,10.7
2021-1-29T18:53:20,-62.20357,-58.44499,10.6
2021-1-29T18:53:31,-62.20357,-58.44499,10.6
2021-1-29T18:53:42,-62.20357,-58.44499,10.6
2021-1-29T18:53:52,-62.20357,-58.44499,10.7
2021-1-29T18:54:3,-62.20357,-58.44499,10.5
2021-1-29T18:54:13,-62.20357,-58.44499,10.7
2021-1-29T18:54:24,-62.20357,-58.44499,11.3
2021-1-29T18:54:34,-62.20357,-58.44499,11.2
2021-1-29T18:54:45,-62.20357,-58.44499,10.9
2021-1-29T18:54:55,-62.20357,-58.44499,11.2
2021-1-29T18:55:6,-62.20357,-58.44499,11.2
2021-1-29T18:55:17,-62.20357,-58.44499,11.3
2021-1-29T18:55:27,-62.20357,-58.44499,11.2
2021-1-29T18:55:38,-62.20357,-58.44499,11.0
2021-1-29T18:55:48,-62.20357,-58.44499,10.8
2021-1-29T18:55:59,-62.20357,-58.44499,10.8
2021-1-29T18:56:9,-62.20357,-58.44499,11.1
2021-1-29T18:56:20,-62.20357,-58.44499,11.2
2021-1-29T18:56:31,-62.20357,-58.44499,11.2
2021-1-29T18:56:41,-62.20357,-58.44499,11.1
2021-1-29T18:56:52,-62.20357,-58.44499,11.0
2021-1-29T18:57:2,-62.20357,-58.44499,11.1
2021-1-29T18:57:13,-62.20357,-58.44499,11.0
2021-1-29T18:57:23,-62.20357,-58.44499,10.8
2021-1-29T18:57:34,-62.20357,-58.44499,10.9
2021-1-29T18:57:45,-62.20357,-58.44499,11.0
2021-1-29T18:57:55,-62.20357,-58.44500,11.0
2021-1-29T18:58:6,-62.20357,-58.44500,10.9
2021-1-29T18:58:16,-62.20357,-58.44500,10.9
2021-1-29T18:58:27,-62.20357,-58.44500,11.1
2021-1-29T18:58:37,-62.20357,-58.44499,11.0
2021-1-29T18:58:48,-62.20356,-58.44500,10.7
2021-1-29T18:58:58,-62.20356,-58.44499,10.5
2021-1-29T18:59:9,-62.20356,-58.44499,10.4
2021-1-29T18:59:19,-62.20356,-58.44499,10.5
2021-1-29T18:59:30,-62.20356,-58.44499,10.5
2021-1-29T18:59:41,-62.20356,-58.44500,10.3
2021-1-29T18:59:51,-62.20356,-58.44500,10.2
2021-1-29T19:0:2,-62.20356,-58.44500,10.2
2021-1-29T19:0:12,-62.20356,-58.44500,10.6
2021-1-29T19:0:23,-62.20356,-58.44500,10.7
2021-1-29T19:0:33,-62.20356,-58.44500,10.9
2021-1-29T19:0:44,-62.20356,-58.44500,11.0
2021-1-29T19:0:54,-62.20356,-58.44500,11.0
2021-1-29T19:1:5,-62.20356,-58.44500,11.2
2021-1-29T19:1:16,-62.20356,-58.44500,11.2
2021-1-29T19:1:26,-62.20356,-58.44500,11.1
2021-1-29T19:1:37,-62.20356,-58.44500,10.6
2021-1-29T19:1:47,-62.20356,-58.44500,10.5
2021-1-29T19:1:58,-62.20356,-58.44500,10.1
2021-1-29T19:2:8,-62.20356,-58.44500,10.0
2021-1-29T19:2:19,-62.20356,-58.44499,10.0
2021-1-29T19:2:29,-62.20356,-58.44499,10.0
2021-1-29T19:2:40,-62.20356,-58.44499,9.8
2021-1-29T19:2:50,-62.20356,-58.44500,9.8
2021-1-29T19:3:1,-62.20356,-58.44500,10.0
2021-1-29T19:3:12,-62.20356,-58.44500,10.2
2021-1-29T19:3:22,-62.20356,-58.44500,10.3
2021-1-29T19:3:33,-62.20356,-58.44500,10.5
2021-1-29T19:3:43,-62.20356,-58.44500,10.5
2021-1-29T19:3:54,-62.20355,-58.44499,10.3
2021-1-29T19:4:4,-62.20355,-58.44499,10.3
2021-1-29T19:4:15,-62.20355,-58.44499,10.6
2021-1-29T19:4:25,-62.20355,-58.44499,10.5
2021-1-29T19:4:36,-62.20355,-58.44499,10.2
2021-1-29T19:4:46,-62.20355,-58.44498,10.1
2021-1-29T19:4:57,-62.20355,-58.44498,9.7
2021-1-29T19:5:8,-62.20355,-58.44498,8.9
2021-1-29T19:5:18,-62.20355,-58.44498,8.2
2021-1-29T19:5:29,-62.20355,-58.44498,7.8
2021-1-29T19:5:39,-62.20355,-58.44498,8.2
2021-1-29T19:5:50,-62.20355,-58.44498,8.0
2021-1-29T19:6:0,-62.20355,-58.44499,8.4
2021-1-29T19:6:11,-62.20355,-58.44499,8.6
2021-1-29T19:6:21,-62.20355,-58.44499,8.6
2021-1-29T19:6:32,-62.20356,-58.44499,8.8
2021-1-29T19:6:43,-62.20356,-58.44499,8.8
2021-1-29T19:6:53,-62.20356,-58.44499,9.3
2021-1-29T19:7:4,-62.20356,-58.44499,9.8
2021-1-29T19:7:14,-62.20356,-58.44500,9.7
2021-1-29T19:7:25,-62.20356,-58.44500,9.7
2021-1-29T19:7:36,-62.20356,-58.44500,9.6
2021-1-29T19:7:46,-62.20356,-58.44499,9.7
2021-1-29T19:7:57,-62.20356,-58.44499,9.6
2021-1-29T19:8:7,-62.20356,-58.44499,10.1
2021-1-29T19:8:18,-62.20356,-58.44499,9.8
2021-1-29T19:8:28,-62.20356,-58.44499,9.5
2021-1-29T19:8:39,-62.20356,-58.44499,9.3
2021-1-29T19:8:49,-62.20356,-58.44499,9.4
2021-1-29T19:9:0,-62.20355,-58.44498,8.6
2021-1-29T19:9:11,-62.20355,-58.44498,8.2
2021-1-29T19:9:21,-62.20355,-58.44498,8.2
2021-1-29T19:9:32,-62.20355,-58.44498,7.9
2021-1-29T19:9:42,-62.20355,-58.44498,7.8
2021-1-29T19:9:53,-62.20354,-58.44498,7.6
2021-1-29T19:10:3,-62.20354,-58.44498,7.5
2021-1-29T19:10:14,-62.20355,-58.44498,8.0
2021-1-29T19:10:24,-62.20355,-58.44498,8.3
2021-1-29T19:10:35,-62.20355,-58.44498,8.9
2021-1-29T19:10:45,-62.20355,-58.44499,10.3
2021-1-29T19:10:56,-62.20355,-58.44499,11.2
2021-1-29T19:11:7,-62.20356,-58.44500,12.6
2021-1-29T19:11:17,-62.20356,-58.44500,13.5
2021-1-29T19:11:28,-62.20356,-58.44500,13.8
2021-1-29T19:11:38,-62.20356,-58.44500,13.7
2021-1-29T19:11:49,-62.20356,-58.44500,13.4
2021-1-29T19:11:59,-62.20356,-58.44501,13.4
2021-1-29T19:12:10,-62.20356,-58.44501,12.9
2021-1-29T19:12:20,-62.20356,-58.44500,12.4
2021-1-29T19:12:31,-62.20356,-58.44500,11.5
2021-1-29T19:12:42,-62.20356,-58.44500,11.0
2021-1-29T19:12:52,-62.20355,-58.44500,10.4
2021-1-29T19:13:3,-62.20355,-58.44499,9.5
2021-1-29T19:13:13,-62.20355,-58.44498,9.2
2021-1-29T19:13:24,-62.20355,-58.44498,8.7
2021-1-29T19:13:34,-62.20355,-58.44498,8.4
2021-1-29T19:13:45,-62.20355,-58.44499,8.3
2021-1-29T19:13:55,-62.20355,-58.44499,8.1
2021-1-29T19:14:6,-62.20355,-58.44499,8.2
2021-1-29T19:14:16,-62.20354,-58.44499,8.3
2021-1-29T19:14:27,-62.20354,-58.44499,8.4
2021-1-29T19:14:38,-62.20355,-58.44499,9.0
2021-1-29T19:14:48,-62.20355,-58.44500,9.2
2021-1-29T19:14:59,-62.20354,-58.44500,9.2
2021-1-29T19:15:9,-62.20355,-58.44500,9.4
2021-1-29T19:15:20,-62.20355,-58.44501,9.2
2021-1-29T19:15:30,-62.20355,-58.44501,9.1
2021-1-29T19:15:41,-62.20355,-58.44501,9.5
2021-1-29T19:15:51,-62.20355,-58.44501,9.8
2021-1-29T19:16:2,-62.20355,-58.44501,10.2
2021-1-29T19:16:12,-62.20356,-58.44501,10.3
2021-1-29T19:16:23,-62.20356,-58.44501,10.8
2021-1-29T19:16:34,-62.20356,-58.44501,11.3
2021-1-29T19:16:44,-62.20356,-58.44501,11.2
2021-1-29T19:16:55,-62.20356,-58.44500,11.7
2021-1-29T19:17:6,-62.20356,-58.44500,12.1
2021-1-29T19:17:16,-62.20356,-58.44500,12.3
2021-1-29T19:17:27,-62.20357,-58.44500,12.5
2021-1-29T19:17:37,-62.20356,-58.44500,12.2
2021-1-29T19:17:48,-62.20356,-58.44499,11.7
2021-1-29T19:17:58,-62.20356,-58.44499,11.4
2021-1-29T19:18:9,-62.20356,-58.44498,10.6
2021-1-29T19:18:19,-62.20356,-58.44498,10.2
2021-1-29T19:18:30,-62.20356,-58.44498,9.5
2021-1-29T19:18:40,-62.20356,-58.44498,9.2
2021-1-29T19:18:51,-62.20356,-58.44498,9.5
2021-1-29T19:19:2,-62.20356,-58.44498,9.6
2021-1-29T19:19:12,-62.20356,-58.44498,9.7
2021-1-29T19:19:23,-62.20357,-58.44496,10.1
2021-1-29T19:19:33,-62.20357,-58.44496,9.9
2021-1-29T19:19:44,-62.20357,-58.44498,9.6
2021-1-29T19:19:54,-62.20357,-58.44498,9.7
2021-1-29T19:20:5,-62.20354,-58.44500,10.5
2021-1-29T19:20:15,-62.20345,-58.44493,9.3
2021-1-29T19:20:26,-62.20343,-58.44478,9.0
2021-1-29T19:20:36,-62.20339,-58.44466,9.5
2021-1-29T19:20:47,-62.20335,-58.44446,9.6
2021-1-29T19:20:58,-62.20332,-58.44428,8.6
2021-1-29T19:21:8,-62.20331,-58.44408,8.0
2021-1-29T19:21:19,-62.20327,-58.44391,8.1
2021-1-29T19:21:29,-62.20325,-58.44375,8.0
2021-1-29T19:21:40,-62.20322,-58.44362,8.5
2021-1-29T19:21:50,-62.20319,-58.44346,8.3
2021-1-29T19:22:1,-62.20316,-58.44322,7.1
2021-1-29T19:22:11,-62.20311,-58.44309,7.2
2021-1-29T19:22:22,-62.20304,-58.44301,6.6
2021-1-29T19:22:32,-62.20296,-58.44301,6.1
2021-1-29T19:22:43,-62.20286,-58.44297,5.7
2021-1-29T19:22:54,-62.20275,-58.44294,6.0
