2021-2-5T13:51:55,-62.15916,-58.47137,5.0
2021-2-5T13:52:5,-62.15918,-58.47135,2.1
2021-2-5T13:52:16,-62.15918,-58.47136,1.0
2021-2-5T13:52:27,-62.15919,-58.47133,1.7
2021-2-5T13:52:37,-62.15919,-58.47134,1.4
2021-2-5T13:52:48,-62.15921,-58.47136,-4.9
2021-2-5T13:52:58,-62.15918,-58.47141,-5.4
2021-2-5T13:53:9,-62.15917,-58.47143,-5.0
2021-2-5T13:53:20,-62.15917,-58.47138,0.9
2021-2-5T13:53:30,-62.15916,-58.47127,14.8
2021-2-5T13:53:41,-62.15917,-58.47123,18.7
2021-2-5T13:53:52,-62.15916,-58.47124,20.6
2021-2-5T13:54:3,-62.15915,-58.47126,21.2
2021-2-5T13:54:13,-62.15914,-58.47129,19.6
2021-2-5T13:54:24,-62.15915,-58.47129,16.2
2021-2-5T13:54:35,-62.15916,-58.47130,12.1
2021-2-5T13:54:46,-62.15916,-58.47132,8.6
2021-2-5T13:54:56,-62.15917,-58.47133,6.4
2021-2-5T13:55:7,-62.15918,-58.47133,6.5
2021-2-5T13:55:18,-62.15918,-58.47130,10.4
2021-2-5T13:55:28,-62.15918,-58.47131,10.3
2021-2-5T13:55:39,-62.15920,-58.47131,8.7
2021-2-5T13:55:50,-62.15920,-58.47128,14.9
2021-2-5T13:56:1,-62.15917,-58.47116,38.0
2021-2-5T13:56:11,-62.15918,-58.47117,34.3
2021-2-5T13:56:22,-62.15918,-58.47123,23.8
2021-2-5T13:56:33,-62.15918,-58.47131,12.7
2021-2-5T13:56:43,-62.15919,-58.47133,7.2
2021-2-5T13:56:54,-62.15919,-58.47140,-3.2
2021-2-5T13:57:5,-62.15920,-58.47140,-7.3
2021-2-5T13:57:16,-62.15920,-58.47140,-8.8
2021-2-5T13:57:26,-62.15919,-58.47141,-8.6
2021-2-5T13:57:37,-62.15918,-58.47141,-8.4
2021-2-5T13:57:48,-62.15917,-58.47141,-8.8
2021-2-5T13:57:59,-62.15915,-58.47142,-9.8
2021-2-5T13:58:9,-62.15914,-58.47142,-8.1
2021-2-5T13:58:20,-62.15914,-58.47138,1.0
2021-2-5T13:58:31,-62.15916,-58.47133,10.1
2021-2-5T13:58:41,-62.15918,-58.47130,17.2
2021-2-5T13:58:52,-62.15920,-58.47125,26.3
2021-2-5T13:59:3,-62.15922,-58.47121,32.7
2021-2-5T13:59:13,-62.15924,-58.47117,37.2
2021-2-5T13:59:24,-62.15922,-58.47118,36.8
2021-2-5T13:59:34,-62.15924,-58.47116,37.4
2021-2-5T13:59:45,-62.15919,-58.47121,35.2
2021-2-5T13:59:55,-62.15922,-58.47119,30.1
2021-2-5T14:0:6,-62.15922,-58.47119,29.6
2021-2-5T14:0:17,-62.15921,-58.47120,29.1
2021-2-5T14:0:28,-62.15920,-58.47124,20.7
2021-2-5T14:0:38,-62.15920,-58.47128,11.6
2021-2-5T14:0:49,-62.15919,-58.47127,11.4
2021-2-5T14:1:0,-62.15920,-58.47124,15.5
2021-2-5T14:1:10,-62.15921,-58.47120,21.0
2021-2-5T14:1:21,-62.15920,-58.47118,26.5
2021-2-5T14:1:32,-62.15920,-58.47115,31.9
2021-2-5T14:1:43,-62.15920,-58.47113,35.6
2021-2-5T14:1:53,-62.15920,-58.47113,39.3
2021-2-5T14:2:4,-62.15921,-58.47111,43.1
2021-2-5T14:2:15,-62.15920,-58.47111,45.1
2021-2-5T14:2:25,-62.15920,-58.47112,44.5
2021-2-5T14:2:36,-62.15919,-58.47115,38.1
2021-2-5T14:2:47,-62.15918,-58.47119,31.1
2021-2-5T14:2:58,-62.15918,-58.47122,25.3
2021-2-5T14:3:8,-62.15917,-58.47123,22.5
2021-2-5T14:3:19,-62.15917,-58.47125,19.0
2021-2-5T14:3:30,-62.15917,-58.47125,17.5
2021-2-5T14:3:41,-62.15916,-58.47125,17.8
2021-2-5T14:3:51,-62.15915,-58.47127,18.3
2021-2-5T14:4:2,-62.15912,-58.47129,20.7
2021-2-5T14:4:13,-62.15913,-58.47127,19.4
2021-2-5T14:4:24,-62.15916,-58.47126,16.4
2021-2-5T14:4:34,-62.15916,-58.47127,15.5
2021-2-5T14:4:45,-62.15917,-58.47126,12.8
2021-2-5T14:4:56,-62.15918,-58.47126,10.7
2021-2-5T14:5:6,-62.15919,-58.47127,9.2
2021-2-5T14:5:17,-62.15919,-58.47129,8.2
2021-2-5T14:5:28,-62.15919,-58.47128,7.7
2021-2-5T14:5:39,-62.15918,-58.47128,7.9
2021-2-5T14:5:49,-62.15918,-58.47129,7.6
2021-2-5T14:6:0,-62.15916,-58.47130,9.0
2021-2-5T14:6:10,-62.15917,-58.47129,9.0
2021-2-5T14:6:21,-62.15915,-58.47129,9.9
2021-2-5T14:6:31,-62.15916,-58.47130,10.3
2021-2-5T14:6:42,-62.15915,-58.47133,12.0
2021-2-5T14:6:53,-62.15915,-58.47133,12.0
2021-2-5T14:7:3,-62.15916,-58.47133,11.1
2021-2-5T14:7:14,-62.15917,-58.47132,10.4
2021-2-5T14:7:25,-62.15916,-58.47133,11.2
2021-2-5T14:7:35,-62.15916,-58.47133,12.0
2021-2-5T14:7:46,-62.15914,-58.47133,13.9
2021-2-5T14:7:57,-62.15913,-58.47132,15.3
2021-2-5T14:8:8,-62.15912,-58.47131,16.3
2021-2-5T14:8:18,-62.15912,-58.47130,17.9
2021-2-5T14:8:29,-62.15911,-58.47130,18.6
2021-2-5T14:8:40,-62.15912,-58.47129,17.6
2021-2-5T14:8:50,-62.15914,-58.47128,16.6
2021-2-5T14:9:1,-62.15914,-58.47127,16.1
2021-2-5T14:9:12,-62.15914,-58.47127,15.2
2021-2-5T14:9:23,-62.15914,-58.47128,15.4
2021-2-5T14:9:33,-62.15914,-58.47127,15.4
