2021-2-5T12:58:25,-62.15916,-58.47121,29.2
2021-2-5T12:58:36,-62.15915,-58.47117,29.5
2021-2-5T12:58:46,-62.15915,-58.47111,30.2
2021-2-5T12:58:57,-62.15915,-58.47115,27.6
2021-2-5T12:59:8,-62.15917,-58.47113,25.6
2021-2-5T12:59:18,-62.15919,-58.47118,22.1
2021-2-5T12:59:29,-62.15921,-58.47119,19.0
2021-2-5T12:59:40,-62.15920,-58.47120,17.8
2021-2-5T12:59:51,-62.15923,-58.47120,15.2
2021-2-5T13:0:1,-62.15920,-58.47120,15.6
2021-2-5T13:0:12,-62.15915,-58.47117,18.7
2021-2-5T13:0:23,-62.15913,-58.47114,20.5
2021-2-5T13:0:33,-62.15914,-58.47111,19.7
2021-2-5T13:0:44,-62.15913,-58.47111,19.6
2021-2-5T13:0:55,-62.15914,-58.47112,18.3
2021-2-5T13:1:6,-62.15913,-58.47108,18.3
2021-2-5T13:1:16,-62.15914,-58.47110,15.7
2021-2-5T13:1:27,-62.15913,-58.47110,16.9
2021-2-5T13:1:38,-62.15917,-58.47117,16.1
2021-2-5T13:1:49,-62.15916,-58.47121,15.1
2021-2-5T13:1:59,-62.15915,-58.47118,14.3
2021-2-5T13:2:10,-62.15922,-58.47125,18.2
2021-2-5T13:2:21,-62.15932,-58.47138,26.0
2021-2-5T13:2:31,-62.15940,-58.47150,31.1
2021-2-5T13:2:42,-62.15942,-58.47147,36.4
2021-2-5T13:2:53,-62.15936,-58.47134,40.3
2021-2-5T13:3:4,-62.15933,-58.47130,43.0
2021-2-5T13:3:14,-62.15927,-58.47126,41.5
2021-2-5T13:3:25,-62.15921,-58.47122,40.2
2021-2-5T13:3:35,-62.15918,-58.47114,41.0
2021-2-5T13:3:46,-62.15914,-58.47111,40.5
2021-2-5T13:3:56,-62.15912,-58.47109,39.2
2021-2-5T13:4:7,-62.15909,-58.47107,39.4
2021-2-5T13:4:18,-62.15909,-58.47105,37.1
2021-2-5T13:4:29,-62.15905,-58.47110,34.4
2021-2-5T13:4:39,-62.15905,-58.47115,30.1
2021-2-5T13:4:50,-62.15904,-58.47116,26.4
2021-2-5T13:5:1,-62.15903,-58.47114,26.2
2021-2-5T13:5:12,-62.15906,-58.47118,23.0
2021-2-5T13:5:22,-62.15905,-58.47119,23.1
2021-2-5T13:5:33,-62.15903,-58.47123,22.7
2021-2-5T13:5:44,-62.15901,-58.47126,23.0
2021-2-5T13:5:54,-62.15894,-58.47102,33.0
2021-2-5T13:6:5,-62.15866,-58.47100,53.5
2021-2-5T13:6:16,-62.15867,-58.47090,54.5
2021-2-5T13:6:27,-62.15873,-58.47085,52.7
2021-2-5T13:6:37,-62.15867,-58.47052,64.9
2021-2-5T13:6:48,-62.15872,-58.47048,61.9
2021-2-5T13:6:59,-62.15864,-58.47051,64.6
2021-2-5T13:7:10,-62.15868,-58.47042,64.9
2021-2-5T13:7:20,-62.15865,-58.47049,66.1
2021-2-5T13:7:31,-62.15864,-58.47041,68.0
2021-2-5T13:7:42,-62.15876,-58.47065,63.0
2021-2-5T13:7:52,-62.15884,-58.47078,59.3
2021-2-5T13:8:3,-62.15890,-58.47094,54.0
2021-2-5T13:8:14,-62.15891,-58.47101,49.0
2021-2-5T13:8:24,-62.15897,-58.47105,45.8
2021-2-5T13:8:35,-62.15902,-58.47111,42.1
2021-2-5T13:8:46,-62.15904,-58.47118,35.9
2021-2-5T13:8:57,-62.15905,-58.47125,30.9
2021-2-5T13:9:7,-62.15896,-58.47122,28.2
2021-2-5T13:9:18,-62.15892,-58.47125,21.3
2021-2-5T13:9:29,-62.15894,-58.47123,20.8
2021-2-5T13:9:40,-62.15908,-58.47119,13.3
2021-2-5T13:9:50,-62.15913,-58.47117,11.4
2021-2-5T13:10:1,-62.15915,-58.47115,12.4
2021-2-5T13:10:11,-62.15911,-58.47116,16.7
2021-2-5T13:10:22,-62.15910,-58.47121,19.8
2021-2-5T13:10:32,-62.15908,-58.47121,22.7
2021-2-5T13:10:43,-62.15909,-58.47129,23.6
2021-2-5T13:10:54,-62.15910,-58.47131,24.0
2021-2-5T13:11:4,-62.15909,-58.47129,27.0
2021-2-5T13:11:15,-62.15913,-58.47126,26.0
2021-2-5T13:11:26,-62.15920,-58.47122,21.6
2021-2-5T13:11:37,-62.15919,-58.47127,23.0
2021-2-5T13:11:47,-62.15920,-58.47123,25.9
2021-2-5T13:11:58,-62.15919,-58.47124,29.6
2021-2-5T13:12:9,-62.15919,-58.47125,32.1
2021-2-5T13:12:19,-62.15918,-58.47124,35.0
2021-2-5T13:12:30,-62.15918,-58.47128,36.6
2021-2-5T13:12:41,-62.15919,-58.47126,36.8
2021-2-5T13:12:52,-62.15919,-58.47127,34.6
2021-2-5T13:13:2,-62.15918,-58.47130,31.7
2021-2-5T13:13:13,-62.15916,-58.47128,31.4
2021-2-5T13:13:24,-62.15913,-58.47125,33.6
2021-2-5T13:13:34,-62.15910,-58.47134,33.5
2021-2-5T13:13:45,-62.15911,-58.47121,35.0
2021-2-5T13:13:56,-62.15906,-58.47116,38.7
2021-2-5T13:14:7,-62.15908,-58.47124,33.5
2021-2-5T13:14:17,-62.15903,-58.47126,36.9
2021-2-5T13:14:28,-62.15896,-58.47116,43.3
2021-2-5T13:14:39,-62.15898,-58.47119,41.0
2021-2-5T13:14:49,-62.15898,-58.47121,40.0
2021-2-5T13:15:0,-62.15904,-58.47126,32.5
2021-2-5T13:15:11,-62.15907,-58.47139,26.2
2021-2-5T13:15:22,-62.15910,-58.47139,23.5
2021-2-5T13:15:32,-62.15913,-58.47139,20.5
2021-2-5T13:15:43,-62.15913,-58.47139,19.9
2021-2-5T13:15:54,-62.15915,-58.47132,19.6
2021-2-5T13:16:4,-62.15914,-58.47139,20.4
