2021-2-5T11:46:58,-62.15906,-58.47133,18.2
2021-2-5T11:47:9,-62.15901,-58.47143,20.0
2021-2-5T11:47:19,-62.15905,-58.47147,15.7
2021-2-5T11:47:30,-62.15909,-58.47147,13.7
2021-2-5T11:47:41,-62.15917,-58.47141,10.2
2021-2-5T11:47:52,-62.15917,-58.47140,10.8
2021-2-5T11:48:2,-62.15918,-58.47139,10.2
2021-2-5T11:48:13,-62.15917,-58.47137,11.7
2021-2-5T11:48:24,-62.15916,-58.47134,13.2
2021-2-5T11:48:35,-62.15916,-58.47132,13.7
2021-2-5T11:48:42,-62.15916,-58.47131,12.9
2021-2-5T11:48:53,-62.15919,-58.47128,11.4
2021-2-5T11:49:4,-62.15922,-58.47126,9.8
2021-2-5T11:49:14,-62.15925,-58.47124,8.4
2021-2-5T11:49:25,-62.15928,-58.47121,6.8
2021-2-5T11:49:36,-62.15932,-58.47122,5.2
2021-2-5T11:49:47,-62.15936,-58.47117,4.1
2021-2-5T11:49:57,-62.15938,-58.47115,2.7
2021-2-5T11:50:8,-62.15938,-58.47116,2.1
2021-2-5T11:50:19,-62.15936,-58.47117,2.3
2021-2-5T11:50:29,-62.15933,-58.47119,2.3
2021-2-5T11:50:40,-62.15930,-58.47122,3.0
2021-2-5T11:50:50,-62.15929,-58.47126,1.9
2021-2-5T11:51:1,-62.15926,-58.47129,1.9
2021-2-5T11:51:11,-62.15926,-58.47135,0.7
2021-2-5T11:51:22,-62.15926,-58.47139,0.7
2021-2-5T11:51:32,-62.15926,-58.47139,-1.1
2021-2-5T11:51:43,-62.15926,-58.47138,-1.5
2021-2-5T11:51:54,-62.15925,-58.47136,-1.0
2021-2-5T11:52:5,-62.15923,-58.47135,0.6
2021-2-5T11:52:15,-62.15923,-58.47132,2.2
2021-2-5T11:52:26,-62.15924,-58.47130,1.9
2021-2-5T11:52:37,-62.15923,-58.47131,2.2
2021-2-5T11:52:47,-62.15922,-58.47131,2.4
2021-2-5T11:52:58,-62.15920,-58.47132,3.6
2021-2-5T11:53:9,-62.15918,-58.47132,6.5
2021-2-5T11:53:20,-62.15916,-58.47133,7.6
2021-2-5T11:53:30,-62.15912,-58.47135,10.6
2021-2-5T11:53:41,-62.15909,-58.47136,13.2
2021-2-5T11:53:52,-62.15908,-58.47137,15.0
2021-2-5T11:54:3,-62.15909,-58.47136,16.8
2021-2-5T11:54:13,-62.15911,-58.47136,16.7
2021-2-5T11:54:24,-62.15912,-58.47136,17.0
2021-2-5T11:54:35,-62.15912,-58.47137,17.3
2021-2-5T11:54:46,-62.15911,-58.47139,17.5
2021-2-5T11:54:56,-62.15910,-58.47143,17.9
2021-2-5T11:55:7,-62.15908,-58.47146,18.8
2021-2-5T11:55:18,-62.15908,-58.47149,19.5
2021-2-5T11:55:28,-62.15907,-58.47150,21.4
2021-2-5T11:55:39,-62.15906,-58.47153,22.7
2021-2-5T11:55:50,-62.15904,-58.47153,23.0
2021-2-5T11:56:1,-62.15906,-58.47153,22.7
2021-2-5T11:56:11,-62.15908,-58.47152,21.8
2021-2-5T11:56:22,-62.15909,-58.47152,20.8
2021-2-5T11:56:33,-62.15911,-58.47151,16.9
2021-2-5T11:56:44,-62.15913,-58.47149,12.1
2021-2-5T11:56:54,-62.15917,-58.47146,8.2
2021-2-5T11:57:5,-62.15918,-58.47143,8.2
2021-2-5T11:57:16,-62.15920,-58.47143,5.5
2021-2-5T11:57:26,-62.15920,-58.47144,6.8
2021-2-5T11:57:37,-62.15915,-58.47144,15.5
2021-2-5T11:57:48,-62.15914,-58.47145,16.8
2021-2-5T11:57:59,-62.15912,-58.47149,20.1
2021-2-5T11:58:9,-62.15905,-58.47155,31.3
2021-2-5T11:58:20,-62.15900,-58.47160,38.4
2021-2-5T11:58:31,-62.15898,-58.47163,41.9
2021-2-5T11:58:41,-62.15893,-58.47169,48.9
2021-2-5T11:58:52,-62.15889,-58.47173,52.4
2021-2-5T11:59:3,-62.15886,-58.47176,56.1
2021-2-5T11:59:24,-62.15881,-58.47171,56.8
2021-2-5T11:59:34,-62.15883,-58.47170,57.1
2021-2-5T11:59:45,-62.15884,-58.47170,57.9
2021-2-5T11:59:55,-62.15884,-58.47170,58.2
2021-2-5T12:0:6,-62.15884,-58.47171,58.7
2021-2-5T12:0:17,-62.15884,-58.47170,58.3
2021-2-5T12:0:27,-62.15886,-58.47170,57.9
2021-2-5T12:0:38,-62.15886,-58.47170,58.3
2021-2-5T12:0:49,-62.15886,-58.47170,58.2
2021-2-5T12:0:59,-62.15886,-58.47169,58.1
2021-2-5T12:1:10,-62.15887,-58.47167,56.3
2021-2-5T12:1:21,-62.15886,-58.47168,56.2
2021-2-5T12:1:32,-62.15886,-58.47167,55.0
2021-2-5T12:1:42,-62.15886,-58.47166,54.5
2021-2-5T12:1:53,-62.15886,-58.47166,55.0
2021-2-5T12:2:4,-62.15902,-58.47150,32.7
2021-2-5T12:2:15,-62.15908,-58.47143,24.6
2021-2-5T12:2:25,-62.15914,-58.47136,17.4
2021-2-5T12:2:36,-62.15918,-58.47131,11.5
2021-2-5T12:2:47,-62.15924,-58.47126,4.6
2021-2-5T12:2:58,-62.15929,-58.47121,-1.4
2021-2-5T12:3:8,-62.15931,-58.47119,-3.2
2021-2-5T12:3:19,-62.15933,-58.47116,-5.1
2021-2-5T12:3:30,-62.15933,-58.47116,-6.4
2021-2-5T12:3:40,-62.15932,-58.47117,-4.9
2021-2-5T12:3:51,-62.15930,-58.47119,-1.9
2021-2-5T12:4:2,-62.15923,-58.47127,7.8
2021-2-5T12:4:13,-62.15913,-58.47138,21.7
2021-2-5T12:4:23,-62.15906,-58.47146,32.2
2021-2-5T12:4:34,-62.15898,-58.47154,44.3
2021-2-5T12:4:45,-62.15891,-58.47161,54.3
