2021-2-5T12:4:56,-62.15880,-58.47170,68.4
2021-2-5T12:5:6,-62.15877,-58.47173,75.4
2021-2-5T12:5:17,-62.15866,-58.47182,90.2
2021-2-5T12:5:28,-62.15864,-58.47187,96.9
2021-2-5T12:5:38,-62.15859,-58.47194,106.4
2021-2-5T12:5:49,-62.15863,-58.47192,103.9
2021-2-5T12:6:0,-62.15872,-58.47185,92.8
2021-2-5T12:6:11,-62.15878,-58.47183,85.5
2021-2-5T12:6:22,-62.15884,-58.47178,76.9
2021-2-5T12:6:32,-62.15890,-58.47173,70.3
2021-2-5T12:6:43,-62.15894,-58.47169,65.0
2021-2-5T12:6:53,-62.15899,-58.47165,59.6
2021-2-5T12:7:4,-62.15903,-58.47160,53.1
2021-2-5T12:7:14,-62.15907,-58.47154,45.7
2021-2-5T12:7:25,-62.15912,-58.47149,37.1
2021-2-5T12:7:36,-62.15916,-58.47144,30.8
2021-2-5T12:7:46,-62.15921,-58.47138,22.4
2021-2-5T12:7:57,-62.15926,-58.47133,14.6
2021-2-5T12:8:8,-62.15929,-58.47128,7.3
2021-2-5T12:8:18,-62.15930,-58.47126,3.6
2021-2-5T12:8:29,-62.15928,-58.47125,3.4
2021-2-5T12:8:40,-62.15930,-58.47121,0.6
2021-2-5T12:8:50,-62.15929,-58.47121,-1.1
2021-2-5T12:9:1,-62.15924,-58.47126,4.3
2021-2-5T12:9:12,-62.15921,-58.47128,11.1
2021-2-5T12:9:23,-62.15919,-58.47130,14.0
2021-2-5T12:9:33,-62.15917,-58.47133,17.6
2021-2-5T12:9:44,-62.15916,-58.47136,21.4
2021-2-5T12:9:55,-62.15914,-58.47141,27.0
2021-2-5T12:10:5,-62.15913,-58.47145,32.2
2021-2-5T12:10:16,-62.15909,-58.47150,38.9
2021-2-5T12:10:27,-62.15907,-58.47154,44.6
2021-2-5T12:10:38,-62.15903,-58.47159,50.7
2021-2-5T12:10:48,-62.15898,-58.47163,59.2
2021-2-5T12:10:59,-62.15898,-58.47164,67.2
2021-2-5T12:11:10,-62.15892,-58.47168,72.4
2021-2-5T12:11:21,-62.15877,-58.47177,83.8
2021-2-5T12:11:31,-62.15866,-58.47186,94.0
2021-2-5T12:11:42,-62.15849,-58.47200,110.1
2021-2-5T12:11:53,-62.15849,-58.47198,116.0
2021-2-5T12:12:3,-62.15849,-58.47198,120.4
2021-2-5T12:12:14,-62.15858,-58.47192,119.4
2021-2-5T12:12:25,-62.15866,-58.47187,116.4
2021-2-5T12:12:36,-62.15870,-58.47182,110.0
2021-2-5T12:12:46,-62.15880,-58.47175,94.4
2021-2-5T12:12:57,-62.15877,-58.47183,99.5
2021-2-5T12:13:8,-62.15873,-58.47183,98.3
2021-2-5T12:13:19,-62.15879,-58.47179,96.2
2021-2-5T12:13:29,-62.15884,-58.47177,93.9
2021-2-5T12:13:40,-62.15888,-58.47177,90.4
2021-2-5T12:13:51,-62.15891,-58.47177,86.6
2021-2-5T12:14:1,-62.15893,-58.47175,83.2
2021-2-5T12:14:12,-62.15896,-58.47172,79.4
2021-2-5T12:14:23,-62.15897,-58.47173,76.6
2021-2-5T12:14:33,-62.15897,-58.47178,79.3
2021-2-5T12:14:44,-62.15898,-58.47179,77.3
2021-2-5T12:14:54,-62.15900,-58.47177,76.9
2021-2-5T12:15:5,-62.15901,-58.47175,76.7
2021-2-5T12:15:15,-62.15902,-58.47173,76.5
2021-2-5T12:15:26,-62.15902,-58.47173,76.4
2021-2-5T12:15:37,-62.15902,-58.47171,76.2
2021-2-5T12:15:47,-62.15902,-58.47171,76.0
2021-2-5T12:15:58,-62.15901,-58.47171,75.6
2021-2-5T12:16:9,-62.15901,-58.47168,74.7
2021-2-5T12:16:19,-62.15901,-58.47166,74.0
2021-2-5T12:16:30,-62.15899,-58.47165,73.0
2021-2-5T12:16:41,-62.15901,-58.47162,67.0
2021-2-5T12:16:52,-62.15902,-58.47159,60.9
2021-2-5T12:17:2,-62.15903,-58.47157,58.8
2021-2-5T12:17:13,-62.15905,-58.47155,56.0
2021-2-5T12:17:24,-62.15906,-58.47152,49.6
2021-2-5T12:17:34,-62.15908,-58.47149,45.3
2021-2-5T12:17:45,-62.15912,-58.47145,42.1
2021-2-5T12:17:56,-62.15915,-58.47140,36.8
2021-2-5T12:18:7,-62.15917,-58.47137,33.4
2021-2-5T12:18:18,-62.15915,-58.47140,33.8
2021-2-5T12:18:28,-62.15909,-58.47151,39.7
2021-2-5T12:18:39,-62.15909,-58.47160,47.7
2021-2-5T12:18:50,-62.15908,-58.47167,51.3
2021-2-5T12:19:0,-62.15905,-58.47167,48.9
2021-2-5T12:19:11,-62.15901,-58.47160,45.2
2021-2-5T12:19:22,-62.15894,-58.47152,46.2
2021-2-5T12:19:33,-62.15888,-58.47146,47.5
2021-2-5T12:19:43,-62.15890,-58.47147,46.0
2021-2-5T12:19:54,-62.15892,-58.47147,43.4
2021-2-5T12:20:5,-62.15894,-58.47147,40.2
2021-2-5T12:20:16,-62.15896,-58.47146,36.3
2021-2-5T12:20:26,-62.15895,-58.47146,35.2
2021-2-5T12:20:37,-62.15897,-58.47147,31.3
2021-2-5T12:20:48,-62.15900,-58.47145,26.3
2021-2-5T12:20:58,-62.15903,-58.47139,19.7
2021-2-5T12:21:9,-62.15905,-58.47132,12.9
2021-2-5T12:21:20,-62.15908,-58.47127,6.9
2021-2-5T12:21:31,-62.15909,-58.47125,4.6
2021-2-5T12:21:41,-62.15910,-58.47127,7.1
2021-2-5T12:21:52,-62.15912,-58.47131,10.4
2021-2-5T12:22:3,-62.15894,-58.47142,10.6
2021-2-5T12:22:13,-62.15894,-58.47143,14.1
2021-2-5T12:22:24,-62.15902,-58.47142,19.8
2021-2-5T12:22:34,-62.15905,-58.47144,21.5
