2021-2-5T11:46:58,-62.15906,-58.47133,18.2
2021-2-5T11:47:9,-62.15901,-58.47143,20.0
2021-2-5T11:47:19,-62.15905,-58.47147,15.7
2021-2-5T11:47:30,-62.15909,-58.47147,13.7
2021-2-5T11:47:41,-62.15917,-58.47141,10.2
2021-2-5T11:47:52,-62.15917,-58.47140,10.8
2021-2-5T11:48:2,-62.15918,-58.47139,10.2
2021-2-5T11:48:13,-62.15917,-58.47137,11.7
2021-2-5T11:48:24,-62.15916,-58.47134,13.2
2021-2-5T11:48:35,-62.15916,-58.47132,13.7
2021-2-5T11:48:42,-62.15916,-58.47131,12.9
2021-2-5T11:48:53,-62.15919,-58.47128,11.4
2021-2-5T11:49:4,-62.15922,-58.47126,9.8
2021-2-5T11:49:14,-62.15925,-58.47124,8.4
2021-2-5T11:49:25,-62.15928,-58.47121,6.8
2021-2-5T11:49:36,-62.15932,-58.47122,5.2
2021-2-5T11:49:47,-62.15936,-58.47117,4.1
2021-2-5T11:49:57,-62.15938,-58.47115,2.7
2021-2-5T11:50:8,-62.15938,-58.47116,2.1
2021-2-5T11:50:19,-62.15936,-58.47117,2.3
2021-2-5T11:50:29,-62.15933,-58.47119,2.3
2021-2-5T11:50:40,-62.15930,-58.47122,3.0
2021-2-5T11:50:50,-62.15929,-58.47126,1.9
2021-2-5T11:51:1,-62.15926,-58.47129,1.9
2021-2-5T11:51:11,-62.15926,-58.47135,0.7
2021-2-5T11:51:22,-62.15926,-58.47139,0.7
2021-2-5T11:51:32,-62.15926,-58.47139,-1.1
2021-2-5T11:51:43,-62.15926,-58.47138,-1.5
2021-2-5T11:51:54,-62.15925,-58.47136,-1.0
2021-2-5T11:52:5,-62.15923,-58.47135,0.6
2021-2-5T11:52:15,-62.15923,-58.47132,2.2
2021-2-5T11:52:26,-62.15924,-58.47130,1.9
2021-2-5T11:52:37,-62.15923,-58.47131,2.2
2021-2-5T11:52:47,-62.15922,-58.47131,2.4
2021-2-5T11:52:58,-62.15920,-58.47132,3.6
2021-2-5T11:53:9,-62.15918,-58.47132,6.5
2021-2-5T11:53:20,-62.15916,-58.47133,7.6
2021-2-5T11:53:30,-62.15912,-58.47135,10.6
2021-2-5T11:53:41,-62.15909,-58.47136,13.2
2021-2-5T11:53:52,-62.15908,-58.47137,15.0
2021-2-5T11:54:3,-62.15909,-58.47136,16.8
2021-2-5T11:54:13,-62.15911,-58.47136,16.7
2021-2-5T11:54:24,-62.15912,-58.47136,17.0
2021-2-5T11:54:35,-62.15912,-58.47137,17.3
2021-2-5T11:54:46,-62.15911,-58.47139,17.5
2021-2-5T11:54:56,-62.15910,-58.47143,17.9
2021-2-5T11:55:7,-62.15908,-58.47146,18.8
2021-2-5T11:55:18,-62.15908,-58.47149,19.5
2021-2-5T11:55:28,-62.15907,-58.47150,21.4
2021-2-5T11:55:39,-62.15906,-58.47153,22.7
2021-2-5T11:55:50,-62.15904,-58.47153,23.0
2021-2-5T11:56:1,-62.15906,-58.47153,22.7
2021-2-5T11:56:11,-62.15908,-58.47152,21.8
2021-2-5T11:56:22,-62.15909,-58.47152,20.8
2021-2-5T11:56:33,-62.15911,-58.47151,16.9
2021-2-5T11:56:44,-62.15913,-58.47149,12.1
2021-2-5T11:56:54,-62.15917,-58.47146,8.2
2021-2-5T11:57:5,-62.15918,-58.47143,8.2
2021-2-5T11:57:16,-62.15920,-58.47143,5.5
2021-2-5T11:57:26,-62.15920,-58.47144,6.8
2021-2-5T11:57:37,-62.15915,-58.47144,15.5
2021-2-5T11:57:48,-62.15914,-58.47145,16.8
2021-2-5T11:57:59,-62.15912,-58.47149,20.1
2021-2-5T11:58:9,-62.15905,-58.47155,31.3
2021-2-5T11:58:20,-62.15900,-58.47160,38.4
2021-2-5T11:58:31,-62.15898,-58.47163,41.9
2021-2-5T11:58:41,-62.15893,-58.47169,48.9
2021-2-5T11:58:52,-62.15889,-58.47173,52.4
2021-2-5T11:59:3,-62.15886,-58.47176,56.1
2021-2-5T11:59:24,-62.15881,-58.47171,56.8
2021-2-5T11:59:34,-62.15883,-58.47170,57.1
2021-2-5T11:59:45,-62.15884,-58.47170,57.9
2021-2-5T11:59:55,-62.15884,-58.47170,58.2
2021-2-5T12:0:6,-62.15884,-58.47171,58.7
2021-2-5T12:0:17,-62.15884,-58.47170,58.3
2021-2-5T12:0:27,-62.15886,-58.47170,57.9
2021-2-5T12:0:38,-62.15886,-58.47170,58.3
2021-2-5T12:0:49,-62.15886,-58.47170,58.2
2021-2-5T12:0:59,-62.15886,-58.47169,58.1
2021-2-5T12:1:10,-62.15887,-58.47167,56.3
2021-2-5T12:1:21,-62.15886,-58.47168,56.2
2021-2-5T12:1:32,-62.15886,-58.47167,55.0
2021-2-5T12:1:42,-62.15886,-58.47166,54.5
2021-2-5T12:1:53,-62.15886,-58.47166,55.0
2021-2-5T12:2:4,-62.15902,-58.47150,32.7
2021-2-5T12:2:15,-62.15908,-58.47143,24.6
2021-2-5T12:2:25,-62.15914,-58.47136,17.4
2021-2-5T12:2:36,-62.15918,-58.47131,11.5
2021-2-5T12:2:47,-62.15924,-58.47126,4.6
2021-2-5T12:2:58,-62.15929,-58.47121,-1.4
2021-2-5T12:3:8,-62.15931,-58.47119,-3.2
2021-2-5T12:3:19,-62.15933,-58.47116,-5.1
2021-2-5T12:3:30,-62.15933,-58.47116,-6.4
2021-2-5T12:3:40,-62.15932,-58.47117,-4.9
2021-2-5T12:3:51,-62.15930,-58.47119,-1.9
2021-2-5T12:4:2,-62.15923,-58.47127,7.8
2021-2-5T12:4:13,-62.15913,-58.47138,21.7
2021-2-5T12:4:23,-62.15906,-58.47146,32.2
2021-2-5T12:4:34,-62.15898,-58.47154,44.3
2021-2-5T12:4:45,-62.15891,-58.47161,54.3
2021-2-5T12:4:56,-62.15880,-58.47170,68.4
2021-2-5T12:5:6,-62.15877,-58.47173,75.4
2021-2-5T12:5:17,-62.15866,-58.47182,90.2
2021-2-5T12:5:28,-62.15864,-58.47187,96.9
2021-2-5T12:5:38,-62.15859,-58.47194,106.4
2021-2-5T12:5:49,-62.15863,-58.47192,103.9
2021-2-5T12:6:0,-62.15872,-58.47185,92.8
2021-2-5T12:6:11,-62.15878,-58.47183,85.5
2021-2-5T12:6:22,-62.15884,-58.47178,76.9
2021-2-5T12:6:32,-62.15890,-58.47173,70.3
2021-2-5T12:6:43,-62.15894,-58.47169,65.0
2021-2-5T12:6:53,-62.15899,-58.47165,59.6
2021-2-5T12:7:4,-62.15903,-58.47160,53.1
2021-2-5T12:7:14,-62.15907,-58.47154,45.7
2021-2-5T12:7:25,-62.15912,-58.47149,37.1
2021-2-5T12:7:36,-62.15916,-58.47144,30.8
2021-2-5T12:7:46,-62.15921,-58.47138,22.4
2021-2-5T12:7:57,-62.15926,-58.47133,14.6
2021-2-5T12:8:8,-62.15929,-58.47128,7.3
2021-2-5T12:8:18,-62.15930,-58.47126,3.6
2021-2-5T12:8:29,-62.15928,-58.47125,3.4
2021-2-5T12:8:40,-62.15930,-58.47121,0.6
2021-2-5T12:8:50,-62.15929,-58.47121,-1.1
2021-2-5T12:9:1,-62.15924,-58.47126,4.3
2021-2-5T12:9:12,-62.15921,-58.47128,11.1
2021-2-5T12:9:23,-62.15919,-58.47130,14.0
2021-2-5T12:9:33,-62.15917,-58.47133,17.6
2021-2-5T12:9:44,-62.15916,-58.47136,21.4
2021-2-5T12:9:55,-62.15914,-58.47141,27.0
2021-2-5T12:10:5,-62.15913,-58.47145,32.2
2021-2-5T12:10:16,-62.15909,-58.47150,38.9
2021-2-5T12:10:27,-62.15907,-58.47154,44.6
2021-2-5T12:10:38,-62.15903,-58.47159,50.7
2021-2-5T12:10:48,-62.15898,-58.47163,59.2
2021-2-5T12:10:59,-62.15898,-58.47164,67.2
2021-2-5T12:11:10,-62.15892,-58.47168,72.4
2021-2-5T12:11:21,-62.15877,-58.47177,83.8
2021-2-5T12:11:31,-62.15866,-58.47186,94.0
2021-2-5T12:11:42,-62.15849,-58.47200,110.1
2021-2-5T12:11:53,-62.15849,-58.47198,116.0
2021-2-5T12:12:3,-62.15849,-58.47198,120.4
2021-2-5T12:12:14,-62.15858,-58.47192,119.4
2021-2-5T12:12:25,-62.15866,-58.47187,116.4
2021-2-5T12:12:36,-62.15870,-58.47182,110.0
2021-2-5T12:12:46,-62.15880,-58.47175,94.4
2021-2-5T12:12:57,-62.15877,-58.47183,99.5
2021-2-5T12:13:8,-62.15873,-58.47183,98.3
2021-2-5T12:13:19,-62.15879,-58.47179,96.2
2021-2-5T12:13:29,-62.15884,-58.47177,93.9
2021-2-5T12:13:40,-62.15888,-58.47177,90.4
2021-2-5T12:13:51,-62.15891,-58.47177,86.6
2021-2-5T12:14:1,-62.15893,-58.47175,83.2
2021-2-5T12:14:12,-62.15896,-58.47172,79.4
2021-2-5T12:14:23,-62.15897,-58.47173,76.6
2021-2-5T12:14:33,-62.15897,-58.47178,79.3
2021-2-5T12:14:44,-62.15898,-58.47179,77.3
2021-2-5T12:14:54,-62.15900,-58.47177,76.9
2021-2-5T12:15:5,-62.15901,-58.47175,76.7
2021-2-5T12:15:15,-62.15902,-58.47173,76.5
2021-2-5T12:15:26,-62.15902,-58.47173,76.4
2021-2-5T12:15:37,-62.15902,-58.47171,76.2
2021-2-5T12:15:47,-62.15902,-58.47171,76.0
2021-2-5T12:15:58,-62.15901,-58.47171,75.6
2021-2-5T12:16:9,-62.15901,-58.47168,74.7
2021-2-5T12:16:19,-62.15901,-58.47166,74.0
2021-2-5T12:16:30,-62.15899,-58.47165,73.0
2021-2-5T12:16:41,-62.15901,-58.47162,67.0
2021-2-5T12:16:52,-62.15902,-58.47159,60.9
2021-2-5T12:17:2,-62.15903,-58.47157,58.8
2021-2-5T12:17:13,-62.15905,-58.47155,56.0
2021-2-5T12:17:24,-62.15906,-58.47152,49.6
2021-2-5T12:17:34,-62.15908,-58.47149,45.3
2021-2-5T12:17:45,-62.15912,-58.47145,42.1
2021-2-5T12:17:56,-62.15915,-58.47140,36.8
2021-2-5T12:18:7,-62.15917,-58.47137,33.4
2021-2-5T12:18:18,-62.15915,-58.47140,33.8
2021-2-5T12:18:28,-62.15909,-58.47151,39.7
2021-2-5T12:18:39,-62.15909,-58.47160,47.7
2021-2-5T12:18:50,-62.15908,-58.47167,51.3
2021-2-5T12:19:0,-62.15905,-58.47167,48.9
2021-2-5T12:19:11,-62.15901,-58.47160,45.2
2021-2-5T12:19:22,-62.15894,-58.47152,46.2
2021-2-5T12:19:33,-62.15888,-58.47146,47.5
2021-2-5T12:19:43,-62.15890,-58.47147,46.0
2021-2-5T12:19:54,-62.15892,-58.47147,43.4
2021-2-5T12:20:5,-62.15894,-58.47147,40.2
2021-2-5T12:20:16,-62.15896,-58.47146,36.3
2021-2-5T12:20:26,-62.15895,-58.47146,35.2
2021-2-5T12:20:37,-62.15897,-58.47147,31.3
2021-2-5T12:20:48,-62.15900,-58.47145,26.3
2021-2-5T12:20:58,-62.15903,-58.47139,19.7
2021-2-5T12:21:9,-62.15905,-58.47132,12.9
2021-2-5T12:21:20,-62.15908,-58.47127,6.9
2021-2-5T12:21:31,-62.15909,-58.47125,4.6
2021-2-5T12:21:41,-62.15910,-58.47127,7.1
2021-2-5T12:21:52,-62.15912,-58.47131,10.4
2021-2-5T12:22:3,-62.15894,-58.47142,10.6
2021-2-5T12:22:13,-62.15894,-58.47143,14.1
2021-2-5T12:22:24,-62.15902,-58.47142,19.8
2021-2-5T12:22:34,-62.15905,-58.47144,21.5
2021-2-5T14:45:34,-62.15927,-58.47103,-17.4
2021-2-5T14:45:44,-62.15929,-58.47102,-18.1
2021-2-5T14:45:55,-62.15931,-58.47099,-21.4
2021-2-5T14:46:6,-62.15932,-58.47098,-23.1
2021-2-5T14:46:16,-62.15925,-58.47105,-12.1
2021-2-5T14:46:27,-62.15919,-58.47113,0.3
2021-2-5T14:46:37,-62.15915,-58.47116,5.3
2021-2-5T14:46:48,-62.15915,-58.47118,8.4
2021-2-5T14:46:59,-62.15918,-58.47117,5.7
2021-2-5T14:47:10,-62.15919,-58.47118,7.4
2021-2-5T14:47:21,-62.15920,-58.47120,7.8
2021-2-5T14:47:32,-62.15920,-58.47120,8.6
2021-2-5T14:47:42,-62.15919,-58.47122,9.8
2021-2-5T14:47:53,-62.15919,-58.47124,9.6
2021-2-5T14:48:4,-62.15919,-58.47124,10.1
2021-2-5T14:48:15,-62.15918,-58.47123,8.4
2021-2-5T14:48:26,-62.15917,-58.47125,10.7
2021-2-5T14:48:37,-62.15916,-58.47125,10.9
2021-2-5T14:48:47,-62.15917,-58.47124,9.1
2021-2-5T14:48:58,-62.15919,-58.47123,6.0
2021-2-5T14:49:9,-62.15926,-58.47122,-1.9
2021-2-5T12:22:45,-62.15906,-58.47145,25.6
2021-2-5T12:22:55,-62.15906,-58.47147,29.5
2021-2-5T12:23:6,-62.15904,-58.47150,31.6
2021-2-5T12:23:17,-62.15903,-58.47154,32.3
2021-2-5T12:23:27,-62.15902,-58.47155,33.0
2021-2-5T12:23:38,-62.15902,-58.47156,33.2
2021-2-5T12:23:49,-62.15902,-58.47156,34.8
2021-2-5T12:24:0,-62.15905,-58.47153,34.1
2021-2-5T12:24:10,-62.15908,-58.47150,33.9
2021-2-5T12:24:21,-62.15909,-58.47149,31.1
2021-2-5T12:24:32,-62.15910,-58.47147,28.9
2021-2-5T12:24:43,-62.15910,-58.47148,27.7
2021-2-5T12:24:53,-62.15908,-58.47155,31.3
2021-2-5T12:25:4,-62.15907,-58.47160,34.4
2021-2-5T12:25:15,-62.15905,-58.47161,37.8
2021-2-5T12:25:26,-62.15904,-58.47162,40.1
2021-2-5T12:25:36,-62.15903,-58.47163,41.6
2021-2-5T12:25:47,-62.15903,-58.47161,41.5
2021-2-5T12:25:58,-62.15904,-58.47158,42.7
2021-2-5T12:26:8,-62.15905,-58.47155,44.0
2021-2-5T12:26:19,-62.15909,-58.47150,45.6
2021-2-5T12:26:30,-62.15912,-58.47146,48.3
2021-2-5T12:26:41,-62.15913,-58.47142,52.0
2021-2-5T12:26:51,-62.15913,-58.47141,54.8
2021-2-5T12:27:2,-62.15911,-58.47140,58.3
2021-2-5T12:27:13,-62.15908,-58.47143,59.3
2021-2-5T12:27:23,-62.15904,-58.47146,59.7
2021-2-5T12:27:34,-62.15901,-58.47149,56.7
2021-2-5T12:27:45,-62.15899,-58.47152,55.0
2021-2-5T12:27:56,-62.15898,-58.47154,54.5
2021-2-5T12:28:6,-62.15899,-58.47153,53.6
2021-2-5T12:28:17,-62.15898,-58.47153,53.3
2021-2-5T12:28:28,-62.15900,-58.47152,50.2
2021-2-5T12:28:39,-62.15906,-58.47149,46.2
2021-2-5T12:28:49,-62.15907,-58.47148,44.7
2021-2-5T12:29:0,-62.15909,-58.47146,42.9
2021-2-5T12:29:10,-62.15906,-58.47149,42.9
2021-2-5T12:29:21,-62.15902,-58.47152,44.0
2021-2-5T12:29:31,-62.15901,-58.47153,43.0
2021-2-5T12:29:42,-62.15899,-58.47153,43.7
2021-2-5T12:29:53,-62.15900,-58.47151,44.1
2021-2-5T12:30:3,-62.15903,-58.47147,40.0
2021-2-5T12:30:14,-62.15905,-58.47145,35.9
2021-2-5T12:30:25,-62.15907,-58.47143,31.2
2021-2-5T12:30:36,-62.15908,-58.47141,27.9
2021-2-5T12:30:46,-62.15910,-58.47137,25.0
2021-2-5T12:30:57,-62.15913,-58.47134,20.7
2021-2-5T12:31:8,-62.15919,-58.47123,18.9
2021-2-5T12:31:19,-62.15918,-58.47121,19.0
2021-2-5T12:31:29,-62.15907,-58.47113,24.2
2021-2-5T12:31:40,-62.15888,-58.47104,29.7
2021-2-5T12:31:51,-62.15884,-58.47103,32.2
2021-2-5T12:32:1,-62.15857,-58.47091,37.4
2021-2-5T12:32:12,-62.15854,-58.47095,41.8
2021-2-5T12:32:23,-62.15856,-58.47108,42.7
2021-2-5T12:32:34,-62.15871,-58.47122,40.4
2021-2-5T12:32:44,-62.15868,-58.47124,45.1
2021-2-5T12:32:55,-62.15855,-58.47128,54.5
2021-2-5T12:33:6,-62.15850,-58.47134,62.3
2021-2-5T12:33:16,-62.15854,-58.47141,64.5
2021-2-5T12:33:27,-62.15843,-58.47143,76.3
2021-2-5T12:33:38,-62.15859,-58.47147,70.0
2021-2-5T12:33:49,-62.15871,-58.47149,63.7
2021-2-5T12:33:59,-62.15881,-58.47147,57.6
2021-2-5T12:34:10,-62.15889,-58.47146,49.8
2021-2-5T12:34:21,-62.15897,-58.47143,40.7
2021-2-5T12:34:32,-62.15909,-58.47136,30.3
2021-2-5T12:34:42,-62.15917,-58.47131,20.0
2021-2-5T12:34:53,-62.15925,-58.47125,11.0
2021-2-5T12:35:4,-62.15925,-58.47135,1.8
2021-2-5T12:35:14,-62.15931,-58.47126,-4.1
2021-2-5T12:35:25,-62.15935,-58.47121,-8.2
2021-2-5T12:35:36,-62.15928,-58.47125,5.4
2021-2-5T12:35:47,-62.15927,-58.47126,9.9
2021-2-5T12:35:57,-62.15926,-58.47128,11.6
2021-2-5T12:36:8,-62.15926,-58.47129,11.3
2021-2-5T12:36:18,-62.15925,-58.47128,13.5
2021-2-5T12:36:29,-62.15923,-58.47128,16.0
2021-2-5T12:36:40,-62.15922,-58.47127,18.9
2021-2-5T12:36:50,-62.15921,-58.47126,19.7
2021-2-5T12:37:1,-62.15921,-58.47128,19.0
2021-2-5T12:37:11,-62.15920,-58.47131,18.6
2021-2-5T12:37:22,-62.15923,-58.47127,12.1
2021-2-5T12:37:33,-62.15924,-58.47126,12.1
2021-2-5T12:37:44,-62.15922,-58.47127,15.6
2021-2-5T12:37:54,-62.15921,-58.47129,16.7
2021-2-5T12:38:5,-62.15920,-58.47128,18.1
2021-2-5T12:38:16,-62.15919,-58.47130,19.8
2021-2-5T12:38:26,-62.15918,-58.47131,21.3
2021-2-5T12:38:37,-62.15919,-58.47131,20.2
2021-2-5T12:38:48,-62.15918,-58.47132,22.1
2021-2-5T12:38:59,-62.15918,-58.47133,22.2
2021-2-5T12:39:9,-62.15917,-58.47135,21.8
2021-2-5T12:39:20,-62.15916,-58.47135,23.5
2021-2-5T12:39:31,-62.15914,-58.47135,24.5
2021-2-5T12:39:41,-62.15913,-58.47138,24.3
2021-2-5T12:39:52,-62.15912,-58.47140,25.3
2021-2-5T12:40:3,-62.15912,-58.47140,26.2
2021-2-5T12:40:14,-62.15912,-58.47142,25.7
2021-2-5T12:40:24,-62.15914,-58.47140,24.8
2021-2-5T12:40:35,-62.15915,-58.47138,23.2
2021-2-5T12:40:46,-62.15917,-58.47135,20.8
2021-2-5T12:40:57,-62.15918,-58.47133,18.4
2021-2-5T12:41:7,-62.15918,-58.47134,16.5
2021-2-5T12:41:18,-62.15922,-58.47131,13.4
2021-2-5T12:41:29,-62.15923,-58.47129,11.2
2021-2-5T12:41:40,-62.15925,-58.47129,8.2
2021-2-5T12:41:50,-62.15926,-58.47128,6.0
2021-2-5T12:42:1,-62.15928,-58.47126,3.9
2021-2-5T12:42:12,-62.15929,-58.47125,1.5
2021-2-5T12:42:23,-62.15933,-58.47124,-2.9
2021-2-5T12:42:33,-62.15938,-58.47125,-6.5
2021-2-5T12:42:44,-62.15936,-58.47127,-5.6
2021-2-5T12:42:55,-62.15935,-58.47130,-2.2
2021-2-5T12:43:6,-62.15931,-58.47131,2.8
2021-2-5T12:43:16,-62.15927,-58.47132,7.1
2021-2-5T12:43:27,-62.15925,-58.47135,10.9
2021-2-5T12:43:37,-62.15922,-58.47133,13.2
2021-2-5T12:43:48,-62.15920,-58.47132,16.8
2021-2-5T12:43:58,-62.15917,-58.47137,18.0
2021-2-5T12:44:9,-62.15915,-58.47136,20.4
2021-2-5T12:44:19,-62.15913,-58.47134,20.8
2021-2-5T12:44:30,-62.15913,-58.47134,19.8
2021-2-5T12:44:41,-62.15913,-58.47131,21.0
2021-2-5T12:44:52,-62.15912,-58.47129,22.8
2021-2-5T12:45:2,-62.15911,-58.47129,24.7
2021-2-5T12:45:13,-62.15912,-58.47125,25.9
2021-2-5T12:45:24,-62.15914,-58.47125,24.8
2021-2-5T12:45:34,-62.15915,-58.47122,24.0
2021-2-5T12:45:45,-62.15917,-58.47119,23.1
2021-2-5T12:45:56,-62.15917,-58.47122,22.1
2021-2-5T12:46:7,-62.15917,-58.47121,20.7
2021-2-5T12:46:17,-62.15918,-58.47122,19.3
2021-2-5T12:46:28,-62.15917,-58.47124,18.4
2021-2-5T12:46:39,-62.15917,-58.47125,17.5
2021-2-5T12:46:50,-62.15916,-58.47127,16.4
2021-2-5T12:47:0,-62.15916,-58.47126,17.3
2021-2-5T12:47:11,-62.15916,-58.47126,18.1
2021-2-5T12:47:22,-62.15915,-58.47127,19.7
2021-2-5T12:47:32,-62.15915,-58.47126,19.6
2021-2-5T12:47:43,-62.15915,-58.47125,20.5
2021-2-5T12:47:54,-62.15914,-58.47126,22.1
2021-2-5T12:48:5,-62.15912,-58.47128,23.6
2021-2-5T12:48:15,-62.15912,-58.47128,24.4
2021-2-5T12:48:26,-62.15913,-58.47127,23.8
2021-2-5T12:48:37,-62.15912,-58.47130,23.5
2021-2-5T12:48:47,-62.15913,-58.47130,22.1
2021-2-5T12:48:58,-62.15914,-58.47130,20.0
2021-2-5T12:49:9,-62.15918,-58.47125,19.9
2021-2-5T12:49:20,-62.15917,-58.47126,19.8
2021-2-5T12:49:30,-62.15916,-58.47128,20.0
2021-2-5T12:49:41,-62.15915,-58.47125,24.7
2021-2-5T12:49:52,-62.15918,-58.47117,26.2
2021-2-5T12:50:2,-62.15916,-58.47123,26.8
2021-2-5T12:50:13,-62.15915,-58.47126,27.6
2021-2-5T12:50:23,-62.15916,-58.47126,28.1
2021-2-5T12:50:34,-62.15914,-58.47129,28.6
2021-2-5T12:50:45,-62.15913,-58.47130,28.4
2021-2-5T12:50:55,-62.15913,-58.47129,28.2
2021-2-5T12:51:6,-62.15915,-58.47125,27.3
2021-2-5T12:51:17,-62.15916,-58.47123,25.8
2021-2-5T12:51:27,-62.15916,-58.47122,25.4
2021-2-5T12:51:38,-62.15914,-58.47126,24.4
2021-2-5T12:51:49,-62.15914,-58.47126,24.5
2021-2-5T12:52:0,-62.15916,-58.47123,24.1
2021-2-5T12:52:10,-62.15922,-58.47114,24.4
2021-2-5T12:52:21,-62.15923,-58.47112,24.6
2021-2-5T12:52:32,-62.15921,-58.47116,24.3
2021-2-5T12:52:42,-62.15920,-58.47118,24.6
2021-2-5T12:52:53,-62.15918,-58.47122,25.3
2021-2-5T12:53:4,-62.15915,-58.47126,26.3
2021-2-5T12:53:15,-62.15913,-58.47129,26.1
2021-2-5T12:53:26,-62.15910,-58.47135,25.8
2021-2-5T12:53:36,-62.15909,-58.47138,25.3
2021-2-5T12:53:47,-62.15910,-58.47133,25.2
2021-2-5T12:53:58,-62.15909,-58.47137,24.2
2021-2-5T12:54:8,-62.15910,-58.47137,22.8
2021-2-5T12:54:19,-62.15911,-58.47135,21.3
2021-2-5T12:54:30,-62.15912,-58.47141,18.5
2021-2-5T12:54:41,-62.15914,-58.47141,16.7
2021-2-5T12:54:51,-62.15916,-58.47139,14.2
2021-2-5T12:55:2,-62.15917,-58.47138,12.6
2021-2-5T12:55:13,-62.15918,-58.47135,11.2
2021-2-5T12:55:23,-62.15916,-58.47138,11.0
2021-2-5T12:55:34,-62.15914,-58.47138,12.0
2021-2-5T12:55:45,-62.15916,-58.47133,12.7
2021-2-5T12:55:56,-62.15917,-58.47134,11.0
2021-2-5T12:56:6,-62.15918,-58.47129,13.8
2021-2-5T12:56:17,-62.15919,-58.47126,17.7
2021-2-5T12:56:28,-62.15919,-58.47123,21.6
2021-2-5T12:56:38,-62.15919,-58.47124,23.2
2021-2-5T12:56:49,-62.15920,-58.47124,24.4
2021-2-5T12:56:59,-62.15921,-58.47124,25.5
2021-2-5T12:57:10,-62.15921,-58.47127,25.9
2021-2-5T12:57:20,-62.15921,-58.47130,24.7
2021-2-5T12:57:31,-62.15919,-58.47131,25.1
2021-2-5T12:57:42,-62.15919,-58.47128,26.9
2021-2-5T12:57:53,-62.15918,-58.47128,27.0
2021-2-5T12:58:3,-62.15917,-58.47125,27.9
2021-2-5T12:58:14,-62.15917,-58.47122,28.7
2021-2-5T12:58:25,-62.15916,-58.47121,29.2
2021-2-5T12:58:36,-62.15915,-58.47117,29.5
2021-2-5T12:58:46,-62.15915,-58.47111,30.2
2021-2-5T12:58:57,-62.15915,-58.47115,27.6
2021-2-5T12:59:8,-62.15917,-58.47113,25.6
2021-2-5T12:59:18,-62.15919,-58.47118,22.1
2021-2-5T12:59:29,-62.15921,-58.47119,19.0
2021-2-5T12:59:40,-62.15920,-58.47120,17.8
2021-2-5T12:59:51,-62.15923,-58.47120,15.2
2021-2-5T13:0:1,-62.15920,-58.47120,15.6
2021-2-5T13:0:12,-62.15915,-58.47117,18.7
2021-2-5T13:0:23,-62.15913,-58.47114,20.5
2021-2-5T13:0:33,-62.15914,-58.47111,19.7
2021-2-5T13:0:44,-62.15913,-58.47111,19.6
2021-2-5T13:0:55,-62.15914,-58.47112,18.3
2021-2-5T13:1:6,-62.15913,-58.47108,18.3
2021-2-5T13:1:16,-62.15914,-58.47110,15.7
2021-2-5T13:1:27,-62.15913,-58.47110,16.9
2021-2-5T13:1:38,-62.15917,-58.47117,16.1
2021-2-5T13:1:49,-62.15916,-58.47121,15.1
2021-2-5T13:1:59,-62.15915,-58.47118,14.3
2021-2-5T13:2:10,-62.15922,-58.47125,18.2
2021-2-5T13:2:21,-62.15932,-58.47138,26.0
2021-2-5T13:2:31,-62.15940,-58.47150,31.1
2021-2-5T13:2:42,-62.15942,-58.47147,36.4
2021-2-5T13:2:53,-62.15936,-58.47134,40.3
2021-2-5T13:3:4,-62.15933,-58.47130,43.0
2021-2-5T13:3:14,-62.15927,-58.47126,41.5
2021-2-5T13:3:25,-62.15921,-58.47122,40.2
2021-2-5T13:3:35,-62.15918,-58.47114,41.0
2021-2-5T13:3:46,-62.15914,-58.47111,40.5
2021-2-5T13:3:56,-62.15912,-58.47109,39.2
2021-2-5T13:4:7,-62.15909,-58.47107,39.4
2021-2-5T13:4:18,-62.15909,-58.47105,37.1
2021-2-5T13:4:29,-62.15905,-58.47110,34.4
2021-2-5T13:4:39,-62.15905,-58.47115,30.1
2021-2-5T13:4:50,-62.15904,-58.47116,26.4
2021-2-5T13:5:1,-62.15903,-58.47114,26.2
2021-2-5T13:5:12,-62.15906,-58.47118,23.0
2021-2-5T13:5:22,-62.15905,-58.47119,23.1
2021-2-5T13:5:33,-62.15903,-58.47123,22.7
2021-2-5T13:5:44,-62.15901,-58.47126,23.0
2021-2-5T13:5:54,-62.15894,-58.47102,33.0
2021-2-5T13:6:5,-62.15866,-58.47100,53.5
2021-2-5T13:6:16,-62.15867,-58.47090,54.5
2021-2-5T13:6:27,-62.15873,-58.47085,52.7
2021-2-5T13:6:37,-62.15867,-58.47052,64.9
2021-2-5T13:6:48,-62.15872,-58.47048,61.9
2021-2-5T13:6:59,-62.15864,-58.47051,64.6
2021-2-5T13:7:10,-62.15868,-58.47042,64.9
2021-2-5T13:7:20,-62.15865,-58.47049,66.1
2021-2-5T13:7:31,-62.15864,-58.47041,68.0
2021-2-5T13:7:42,-62.15876,-58.47065,63.0
2021-2-5T13:7:52,-62.15884,-58.47078,59.3
2021-2-5T13:8:3,-62.15890,-58.47094,54.0
2021-2-5T13:8:14,-62.15891,-58.47101,49.0
2021-2-5T13:8:24,-62.15897,-58.47105,45.8
2021-2-5T13:8:35,-62.15902,-58.47111,42.1
2021-2-5T13:8:46,-62.15904,-58.47118,35.9
2021-2-5T13:8:57,-62.15905,-58.47125,30.9
2021-2-5T13:9:7,-62.15896,-58.47122,28.2
2021-2-5T13:9:18,-62.15892,-58.47125,21.3
2021-2-5T13:9:29,-62.15894,-58.47123,20.8
2021-2-5T13:9:40,-62.15908,-58.47119,13.3
2021-2-5T13:9:50,-62.15913,-58.47117,11.4
2021-2-5T13:10:1,-62.15915,-58.47115,12.4
2021-2-5T13:10:11,-62.15911,-58.47116,16.7
2021-2-5T13:10:22,-62.15910,-58.47121,19.8
2021-2-5T13:10:32,-62.15908,-58.47121,22.7
2021-2-5T13:10:43,-62.15909,-58.47129,23.6
2021-2-5T13:10:54,-62.15910,-58.47131,24.0
2021-2-5T13:11:4,-62.15909,-58.47129,27.0
2021-2-5T13:11:15,-62.15913,-58.47126,26.0
2021-2-5T13:11:26,-62.15920,-58.47122,21.6
2021-2-5T13:11:37,-62.15919,-58.47127,23.0
2021-2-5T13:11:47,-62.15920,-58.47123,25.9
2021-2-5T13:11:58,-62.15919,-58.47124,29.6
2021-2-5T13:12:9,-62.15919,-58.47125,32.1
2021-2-5T13:12:19,-62.15918,-58.47124,35.0
2021-2-5T13:12:30,-62.15918,-58.47128,36.6
2021-2-5T13:12:41,-62.15919,-58.47126,36.8
2021-2-5T13:12:52,-62.15919,-58.47127,34.6
2021-2-5T13:13:2,-62.15918,-58.47130,31.7
2021-2-5T13:13:13,-62.15916,-58.47128,31.4
2021-2-5T13:13:24,-62.15913,-58.47125,33.6
2021-2-5T13:13:34,-62.15910,-58.47134,33.5
2021-2-5T13:13:45,-62.15911,-58.47121,35.0
2021-2-5T13:13:56,-62.15906,-58.47116,38.7
2021-2-5T13:14:7,-62.15908,-58.47124,33.5
2021-2-5T13:14:17,-62.15903,-58.47126,36.9
2021-2-5T13:14:28,-62.15896,-58.47116,43.3
2021-2-5T13:14:39,-62.15898,-58.47119,41.0
2021-2-5T13:14:49,-62.15898,-58.47121,40.0
2021-2-5T13:15:0,-62.15904,-58.47126,32.5
2021-2-5T13:15:11,-62.15907,-58.47139,26.2
2021-2-5T13:15:22,-62.15910,-58.47139,23.5
2021-2-5T13:15:32,-62.15913,-58.47139,20.5
2021-2-5T13:15:43,-62.15913,-58.47139,19.9
2021-2-5T13:15:54,-62.15915,-58.47132,19.6
2021-2-5T13:16:4,-62.15914,-58.47139,20.4
2021-2-5T13:16:15,-62.15912,-58.47146,21.1
2021-2-5T13:16:26,-62.15911,-58.47146,22.5
2021-2-5T13:16:36,-62.15913,-58.47138,22.9
2021-2-5T13:16:47,-62.15915,-58.47134,22.5
2021-2-5T13:16:57,-62.15919,-58.47126,21.0
2021-2-5T13:17:8,-62.15919,-58.47126,20.3
2021-2-5T13:17:19,-62.15940,-58.47055,15.5
2021-2-5T13:17:29,-62.15926,-58.47106,17.4
2021-2-5T13:17:40,-62.15921,-58.47122,17.5
2021-2-5T13:17:51,-62.15921,-58.47123,16.3
2021-2-5T13:18:1,-62.15920,-58.47130,16.3
2021-2-5T13:18:12,-62.15917,-58.47136,17.3
2021-2-5T13:18:23,-62.15916,-58.47137,17.5
2021-2-5T13:18:34,-62.15916,-58.47134,17.6
2021-2-5T13:18:44,-62.15916,-58.47134,18.2
2021-2-5T13:18:55,-62.15915,-58.47137,18.4
2021-2-5T13:19:6,-62.15909,-58.47147,22.7
2021-2-5T13:19:16,-62.15913,-58.47137,22.1
2021-2-5T13:19:27,-62.15915,-58.47135,22.1
2021-2-5T13:19:38,-62.15917,-58.47132,20.6
2021-2-5T13:19:49,-62.15917,-58.47131,23.6
2021-2-5T13:19:59,-62.15916,-58.47131,25.3
2021-2-5T13:20:10,-62.15917,-58.47124,26.3
2021-2-5T13:20:21,-62.15917,-58.47119,25.8
2021-2-5T13:20:32,-62.15916,-58.47121,25.9
2021-2-5T13:20:42,-62.15916,-58.47117,26.0
2021-2-5T13:20:53,-62.15913,-58.47113,28.8
2021-2-5T13:21:4,-62.15911,-58.47109,30.3
2021-2-5T13:21:14,-62.15912,-58.47111,28.3
2021-2-5T13:21:25,-62.15913,-58.47114,26.0
2021-2-5T13:21:36,-62.15916,-58.47120,20.1
2021-2-5T13:21:47,-62.15919,-58.47121,15.6
2021-2-5T13:21:57,-62.15922,-58.47120,11.4
2021-2-5T13:22:8,-62.15922,-58.47113,12.5
2021-2-5T13:22:19,-62.15922,-58.47099,15.5
2021-2-5T13:22:29,-62.15917,-58.47091,21.9
2021-2-5T13:22:40,-62.15918,-58.47098,19.7
2021-2-5T13:22:51,-62.15918,-58.47111,16.6
2021-2-5T13:23:2,-62.15919,-58.47116,15.4
2021-2-5T13:23:12,-62.15916,-58.47113,18.8
2021-2-5T13:23:23,-62.15913,-58.47111,22.4
2021-2-5T13:23:33,-62.15915,-58.47111,22.0
2021-2-5T13:23:44,-62.15915,-58.47112,22.0
2021-2-5T13:23:55,-62.15915,-58.47116,22.5
2021-2-5T13:24:5,-62.15916,-58.47113,20.9
2021-2-5T13:24:16,-62.15917,-58.47112,19.5
2021-2-5T13:24:26,-62.15918,-58.47110,17.7
2021-2-5T13:24:37,-62.15918,-58.47108,16.1
2021-2-5T13:24:48,-62.15917,-58.47110,15.3
2021-2-5T13:24:59,-62.15915,-58.47113,15.1
2021-2-5T13:25:9,-62.15914,-58.47116,15.8
2021-2-5T13:25:20,-62.15910,-58.47128,17.4
2021-2-5T13:25:31,-62.15909,-58.47131,17.7
2021-2-5T13:25:41,-62.15907,-58.47136,18.7
2021-2-5T13:25:52,-62.15906,-58.47139,19.5
2021-2-5T13:26:3,-62.15905,-58.47143,21.0
2021-2-5T13:26:14,-62.15903,-58.47148,22.4
2021-2-5T13:26:24,-62.15908,-58.47137,20.1
2021-2-5T13:26:35,-62.15909,-58.47135,19.9
2021-2-5T13:26:46,-62.15910,-58.47133,19.6
2021-2-5T13:26:57,-62.15910,-58.47136,20.4
2021-2-5T13:27:7,-62.15909,-58.47138,20.7
2021-2-5T13:27:18,-62.15912,-58.47131,17.7
2021-2-5T13:27:29,-62.15913,-58.47130,17.0
2021-2-5T13:27:39,-62.15913,-58.47132,17.0
2021-2-5T13:27:50,-62.15913,-58.47136,16.8
2021-2-5T13:28:1,-62.15913,-58.47138,16.2
2021-2-5T13:28:12,-62.15914,-58.47138,15.5
2021-2-5T13:28:23,-62.15914,-58.47144,15.0
2021-2-5T13:28:33,-62.15916,-58.47142,13.4
2021-2-5T13:28:44,-62.15917,-58.47137,12.2
2021-2-5T13:28:55,-62.15918,-58.47133,11.9
2021-2-5T13:29:6,-62.15917,-58.47129,12.4
2021-2-5T13:29:16,-62.15917,-58.47126,13.1
2021-2-5T13:29:27,-62.15919,-58.47119,12.3
2021-2-5T13:29:38,-62.15920,-58.47117,13.2
2021-2-5T13:29:48,-62.15920,-58.47117,13.9
2021-2-5T13:29:59,-62.15916,-58.47126,17.8
2021-2-5T13:30:10,-62.15917,-58.47119,16.8
2021-2-5T13:30:21,-62.15918,-58.47117,15.6
2021-2-5T13:30:31,-62.15918,-58.47117,15.2
2021-2-5T13:30:42,-62.15920,-58.47111,12.7
2021-2-5T13:30:52,-62.15920,-58.47110,10.9
2021-2-5T13:31:3,-62.15921,-58.47104,9.4
2021-2-5T13:31:14,-62.15921,-58.47104,9.0
2021-2-5T13:31:24,-62.15921,-58.47105,15.6
2021-2-5T13:31:35,-62.15920,-58.47109,18.5
2021-2-5T13:31:45,-62.15919,-58.47111,22.3
2021-2-5T13:31:56,-62.15920,-58.47109,22.7
2021-2-5T13:32:7,-62.15918,-58.47115,25.4
2021-2-5T13:32:17,-62.15918,-58.47117,27.3
2021-2-5T13:32:28,-62.15917,-58.47119,24.6
2021-2-5T13:32:39,-62.15919,-58.47116,24.4
2021-2-5T13:32:50,-62.15916,-58.47123,23.4
2021-2-5T13:33:0,-62.15916,-58.47125,23.0
2021-2-5T13:33:11,-62.15918,-58.47125,21.2
2021-2-5T13:33:22,-62.15920,-58.47126,17.7
2021-2-5T13:33:32,-62.15920,-58.47130,17.2
2021-2-5T13:33:43,-62.15923,-58.47130,12.3
2021-2-5T13:33:54,-62.15924,-58.47127,12.2
2021-2-5T13:34:5,-62.15920,-58.47130,15.8
2021-2-5T13:34:15,-62.15918,-58.47130,19.2
2021-2-5T13:34:26,-62.15918,-58.47125,19.5
2021-2-5T13:34:37,-62.15918,-58.47121,21.1
2021-2-5T13:34:48,-62.15920,-58.47113,21.9
2021-2-5T13:34:58,-62.15919,-58.47109,23.0
2021-2-5T13:35:9,-62.15921,-58.47102,22.7
2021-2-5T13:35:20,-62.15921,-58.47100,23.9
2021-2-5T13:35:30,-62.15920,-58.47101,25.9
2021-2-5T13:35:41,-62.15919,-58.47104,27.7
2021-2-5T13:35:52,-62.15917,-58.47109,30.2
2021-2-5T13:36:3,-62.15913,-58.47118,34.1
2021-2-5T13:36:13,-62.15918,-58.47105,29.5
2021-2-5T13:36:24,-62.15921,-58.47099,27.1
2021-2-5T13:36:35,-62.15920,-58.47102,27.7
2021-2-5T13:36:46,-62.15914,-58.47115,30.9
2021-2-5T13:36:56,-62.15912,-58.47121,32.1
2021-2-5T13:37:7,-62.15908,-58.47131,33.5
2021-2-5T13:37:18,-62.15910,-58.47130,30.6
2021-2-5T13:37:28,-62.15910,-58.47131,28.8
2021-2-5T13:37:39,-62.15912,-58.47129,25.6
2021-2-5T13:37:50,-62.15913,-58.47133,22.5
2021-2-5T13:38:0,-62.15915,-58.47134,19.6
2021-2-5T13:38:11,-62.15915,-58.47137,17.6
2021-2-5T13:38:21,-62.15917,-58.47134,15.3
2021-2-5T13:38:32,-62.15917,-58.47137,14.4
2021-2-5T13:38:42,-62.15918,-58.47136,12.1
2021-2-5T13:38:53,-62.15918,-58.47133,13.7
2021-2-5T13:39:4,-62.15917,-58.47129,16.0
2021-2-5T13:39:14,-62.15916,-58.47127,17.9
2021-2-5T13:39:25,-62.15917,-58.47117,18.8
2021-2-5T13:39:36,-62.15917,-58.47108,18.2
2021-2-5T13:39:47,-62.15917,-58.47101,18.2
2021-2-5T13:39:57,-62.15918,-58.47096,18.6
2021-2-5T13:40:8,-62.15916,-58.47099,20.2
2021-2-5T13:40:19,-62.15917,-58.47095,19.3
2021-2-5T13:40:30,-62.15918,-58.47089,17.2
2021-2-5T13:40:40,-62.15918,-58.47089,17.9
2021-2-5T13:40:51,-62.15915,-58.47095,20.1
2021-2-5T13:41:2,-62.15913,-58.47101,22.4
2021-2-5T13:41:13,-62.15914,-58.47100,22.1
2021-2-5T13:41:23,-62.15914,-58.47098,20.6
2021-2-5T13:41:34,-62.15912,-58.47102,21.6
2021-2-5T13:41:45,-62.15912,-58.47109,21.2
2021-2-5T13:41:55,-62.15914,-58.47118,17.8
2021-2-5T13:42:6,-62.15916,-58.47132,14.4
2021-2-5T13:42:17,-62.15917,-58.47137,10.8
2021-2-5T13:42:28,-62.15918,-58.47138,11.2
2021-2-5T13:42:38,-62.15917,-58.47137,12.6
2021-2-5T13:42:49,-62.15918,-58.47129,13.9
2021-2-5T13:43:0,-62.15918,-58.47125,14.9
2021-2-5T13:43:11,-62.15917,-58.47124,15.3
2021-2-5T13:43:21,-62.15918,-58.47119,15.3
2021-2-5T13:43:32,-62.15917,-58.47118,15.4
2021-2-5T13:43:43,-62.15918,-58.47114,17.4
2021-2-5T13:43:53,-62.15917,-58.47113,17.9
2021-2-5T13:44:4,-62.15916,-58.47114,17.1
2021-2-5T13:44:15,-62.15914,-58.47115,17.4
2021-2-5T13:44:26,-62.15915,-58.47114,18.7
2021-2-5T13:44:36,-62.15914,-58.47114,19.6
2021-2-5T13:44:47,-62.15914,-58.47114,21.7
2021-2-5T13:44:58,-62.15915,-58.47111,22.8
2021-2-5T13:45:8,-62.15914,-58.47112,22.3
2021-2-5T13:45:19,-62.15913,-58.47113,22.6
2021-2-5T13:45:30,-62.15911,-58.47111,26.3
2021-2-5T13:45:40,-62.15909,-58.47109,30.8
2021-2-5T13:45:51,-62.15911,-58.47113,25.4
2021-2-5T13:46:1,-62.15912,-58.47115,22.7
2021-2-5T13:46:12,-62.15911,-58.47121,17.0
2021-2-5T13:46:23,-62.15912,-58.47126,14.6
2021-2-5T13:46:33,-62.15913,-58.47125,14.1
2021-2-5T13:46:44,-62.15914,-58.47125,13.7
2021-2-5T13:46:55,-62.15915,-58.47123,16.0
2021-2-5T13:47:5,-62.15916,-58.47120,18.7
2021-2-5T13:47:16,-62.15916,-58.47119,21.6
2021-2-5T13:47:27,-62.15916,-58.47119,22.9
2021-2-5T13:47:38,-62.15916,-58.47119,23.8
2021-2-5T13:47:48,-62.15915,-58.47122,22.7
2021-2-5T13:47:59,-62.15915,-58.47121,24.3
2021-2-5T13:48:10,-62.15916,-58.47121,25.7
2021-2-5T13:48:21,-62.15916,-58.47121,25.8
2021-2-5T13:48:31,-62.15916,-58.47123,23.9
2021-2-5T13:48:42,-62.15915,-58.47127,22.4
2021-2-5T13:48:53,-62.15916,-58.47125,20.4
2021-2-5T13:49:3,-62.15916,-58.47129,16.9
2021-2-5T13:49:14,-62.15915,-58.47132,12.9
2021-2-5T13:49:25,-62.15916,-58.47136,7.5
2021-2-5T13:49:36,-62.15916,-58.47140,1.6
2021-2-5T13:49:46,-62.15916,-58.47145,-2.6
2021-2-5T13:49:57,-62.15916,-58.47144,-3.5
2021-2-5T13:50:8,-62.15916,-58.47144,-4.1
2021-2-5T13:50:19,-62.15917,-58.47141,-1.8
2021-2-5T13:50:29,-62.15916,-58.47138,2.3
2021-2-5T13:50:40,-62.15915,-58.47140,3.8
2021-2-5T13:50:51,-62.15915,-58.47139,4.7
2021-2-5T13:51:1,-62.15914,-58.47139,7.8
2021-2-5T13:51:12,-62.15914,-58.47139,9.8
2021-2-5T13:51:23,-62.15915,-58.47135,10.1
2021-2-5T13:51:33,-62.15917,-58.47132,9.5
2021-2-5T13:51:44,-62.15916,-58.47133,8.1
2021-2-5T13:51:55,-62.15916,-58.47137,5.0
2021-2-5T13:52:5,-62.15918,-58.47135,2.1
2021-2-5T13:52:16,-62.15918,-58.47136,1.0
2021-2-5T13:52:27,-62.15919,-58.47133,1.7
2021-2-5T13:52:37,-62.15919,-58.47134,1.4
2021-2-5T13:52:48,-62.15921,-58.47136,-4.9
2021-2-5T13:52:58,-62.15918,-58.47141,-5.4
2021-2-5T13:53:9,-62.15917,-58.47143,-5.0
2021-2-5T13:53:20,-62.15917,-58.47138,0.9
2021-2-5T13:53:30,-62.15916,-58.47127,14.8
2021-2-5T13:53:41,-62.15917,-58.47123,18.7
2021-2-5T13:53:52,-62.15916,-58.47124,20.6
2021-2-5T13:54:3,-62.15915,-58.47126,21.2
2021-2-5T13:54:13,-62.15914,-58.47129,19.6
2021-2-5T13:54:24,-62.15915,-58.47129,16.2
2021-2-5T13:54:35,-62.15916,-58.47130,12.1
2021-2-5T13:54:46,-62.15916,-58.47132,8.6
2021-2-5T13:54:56,-62.15917,-58.47133,6.4
2021-2-5T13:55:7,-62.15918,-58.47133,6.5
2021-2-5T13:55:18,-62.15918,-58.47130,10.4
2021-2-5T13:55:28,-62.15918,-58.47131,10.3
2021-2-5T13:55:39,-62.15920,-58.47131,8.7
2021-2-5T13:55:50,-62.15920,-58.47128,14.9
2021-2-5T13:56:1,-62.15917,-58.47116,38.0
2021-2-5T13:56:11,-62.15918,-58.47117,34.3
2021-2-5T13:56:22,-62.15918,-58.47123,23.8
2021-2-5T13:56:33,-62.15918,-58.47131,12.7
2021-2-5T13:56:43,-62.15919,-58.47133,7.2
2021-2-5T13:56:54,-62.15919,-58.47140,-3.2
2021-2-5T13:57:5,-62.15920,-58.47140,-7.3
2021-2-5T13:57:16,-62.15920,-58.47140,-8.8
2021-2-5T13:57:26,-62.15919,-58.47141,-8.6
2021-2-5T13:57:37,-62.15918,-58.47141,-8.4
2021-2-5T13:57:48,-62.15917,-58.47141,-8.8
2021-2-5T13:57:59,-62.15915,-58.47142,-9.8
2021-2-5T13:58:9,-62.15914,-58.47142,-8.1
2021-2-5T13:58:20,-62.15914,-58.47138,1.0
2021-2-5T13:58:31,-62.15916,-58.47133,10.1
2021-2-5T13:58:41,-62.15918,-58.47130,17.2
2021-2-5T13:58:52,-62.15920,-58.47125,26.3
2021-2-5T13:59:3,-62.15922,-58.47121,32.7
2021-2-5T13:59:13,-62.15924,-58.47117,37.2
2021-2-5T13:59:24,-62.15922,-58.47118,36.8
2021-2-5T13:59:34,-62.15924,-58.47116,37.4
2021-2-5T13:59:45,-62.15919,-58.47121,35.2
2021-2-5T13:59:55,-62.15922,-58.47119,30.1
2021-2-5T14:0:6,-62.15922,-58.47119,29.6
2021-2-5T14:0:17,-62.15921,-58.47120,29.1
2021-2-5T14:0:28,-62.15920,-58.47124,20.7
2021-2-5T14:0:38,-62.15920,-58.47128,11.6
2021-2-5T14:0:49,-62.15919,-58.47127,11.4
2021-2-5T14:1:0,-62.15920,-58.47124,15.5
2021-2-5T14:1:10,-62.15921,-58.47120,21.0
2021-2-5T14:1:21,-62.15920,-58.47118,26.5
2021-2-5T14:1:32,-62.15920,-58.47115,31.9
2021-2-5T14:1:43,-62.15920,-58.47113,35.6
2021-2-5T14:1:53,-62.15920,-58.47113,39.3
2021-2-5T14:2:4,-62.15921,-58.47111,43.1
2021-2-5T14:2:15,-62.15920,-58.47111,45.1
2021-2-5T14:2:25,-62.15920,-58.47112,44.5
2021-2-5T14:2:36,-62.15919,-58.47115,38.1
2021-2-5T14:2:47,-62.15918,-58.47119,31.1
2021-2-5T14:2:58,-62.15918,-58.47122,25.3
2021-2-5T14:3:8,-62.15917,-58.47123,22.5
2021-2-5T14:3:19,-62.15917,-58.47125,19.0
2021-2-5T14:3:30,-62.15917,-58.47125,17.5
2021-2-5T14:3:41,-62.15916,-58.47125,17.8
2021-2-5T14:3:51,-62.15915,-58.47127,18.3
2021-2-5T14:4:2,-62.15912,-58.47129,20.7
2021-2-5T14:4:13,-62.15913,-58.47127,19.4
2021-2-5T14:4:24,-62.15916,-58.47126,16.4
2021-2-5T14:4:34,-62.15916,-58.47127,15.5
2021-2-5T14:4:45,-62.15917,-58.47126,12.8
2021-2-5T14:4:56,-62.15918,-58.47126,10.7
2021-2-5T14:5:6,-62.15919,-58.47127,9.2
2021-2-5T14:5:17,-62.15919,-58.47129,8.2
2021-2-5T14:5:28,-62.15919,-58.47128,7.7
2021-2-5T14:5:39,-62.15918,-58.47128,7.9
2021-2-5T14:5:49,-62.15918,-58.47129,7.6
2021-2-5T14:6:0,-62.15916,-58.47130,9.0
2021-2-5T14:6:10,-62.15917,-58.47129,9.0
2021-2-5T14:6:21,-62.15915,-58.47129,9.9
2021-2-5T14:6:31,-62.15916,-58.47130,10.3
2021-2-5T14:6:42,-62.15915,-58.47133,12.0
2021-2-5T14:6:53,-62.15915,-58.47133,12.0
2021-2-5T14:7:3,-62.15916,-58.47133,11.1
2021-2-5T14:7:14,-62.15917,-58.47132,10.4
2021-2-5T14:7:25,-62.15916,-58.47133,11.2
2021-2-5T14:7:35,-62.15916,-58.47133,12.0
2021-2-5T14:7:46,-62.15914,-58.47133,13.9
2021-2-5T14:7:57,-62.15913,-58.47132,15.3
2021-2-5T14:8:8,-62.15912,-58.47131,16.3
2021-2-5T14:8:18,-62.15912,-58.47130,17.9
2021-2-5T14:8:29,-62.15911,-58.47130,18.6
2021-2-5T14:8:40,-62.15912,-58.47129,17.6
2021-2-5T14:8:50,-62.15914,-58.47128,16.6
2021-2-5T14:9:1,-62.15914,-58.47127,16.1
2021-2-5T14:9:12,-62.15914,-58.47127,15.2
2021-2-5T14:9:23,-62.15914,-58.47128,15.4
2021-2-5T14:9:33,-62.15914,-58.47127,15.4
2021-2-5T14:9:44,-62.15914,-58.47127,14.8
2021-2-5T14:9:55,-62.15914,-58.47128,14.3
2021-2-5T14:10:6,-62.15915,-58.47127,13.4
2021-2-5T14:10:17,-62.15915,-58.47127,12.6
2021-2-5T14:10:28,-62.15914,-58.47129,13.0
2021-2-5T14:10:38,-62.15914,-58.47132,13.1
2021-2-5T14:10:49,-62.15913,-58.47133,13.8
2021-2-5T14:11:0,-62.15912,-58.47132,14.8
2021-2-5T14:11:11,-62.15912,-58.47132,13.9
2021-2-5T14:11:22,-62.15912,-58.47131,13.4
2021-2-5T14:11:33,-62.15912,-58.47132,13.9
2021-2-5T14:11:43,-62.15911,-58.47132,14.4
2021-2-5T14:11:54,-62.15911,-58.47133,14.2
2021-2-5T14:12:5,-62.15911,-58.47134,14.5
2021-2-5T14:12:16,-62.15911,-58.47135,13.9
2021-2-5T14:12:27,-62.15912,-58.47135,12.6
2021-2-5T14:12:38,-62.15914,-58.47135,11.3
2021-2-5T14:12:48,-62.15915,-58.47134,10.0
2021-2-5T14:12:59,-62.15916,-58.47135,9.3
2021-2-5T14:13:10,-62.15915,-58.47136,10.2
2021-2-5T14:13:21,-62.15916,-58.47135,10.0
2021-2-5T14:13:32,-62.15915,-58.47134,10.8
2021-2-5T14:13:42,-62.15914,-58.47135,11.0
2021-2-5T14:13:53,-62.15912,-58.47135,11.5
2021-2-5T14:14:4,-62.15910,-58.47137,13.9
2021-2-5T14:14:15,-62.15911,-58.47136,13.3
2021-2-5T14:14:25,-62.15912,-58.47135,12.4
2021-2-5T14:14:36,-62.15915,-58.47134,9.8
2021-2-5T14:14:47,-62.15916,-58.47134,8.7
2021-2-5T14:14:57,-62.15916,-58.47134,10.4
2021-2-5T14:15:8,-62.15915,-58.47133,11.8
2021-2-5T14:15:18,-62.15914,-58.47133,13.5
2021-2-5T14:15:29,-62.15913,-58.47133,15.2
2021-2-5T14:15:40,-62.15914,-58.47131,15.0
2021-2-5T14:15:51,-62.15912,-58.47132,17.7
2021-2-5T14:16:2,-62.15909,-58.47131,19.8
2021-2-5T14:16:12,-62.15909,-58.47130,20.2
2021-2-5T14:16:23,-62.15912,-58.47131,18.2
2021-2-5T14:16:34,-62.15916,-58.47130,14.6
2021-2-5T14:16:45,-62.15918,-58.47130,12.5
2021-2-5T14:16:56,-62.15916,-58.47130,12.8
2021-2-5T14:17:7,-62.15915,-58.47130,13.5
2021-2-5T14:17:17,-62.15919,-58.47129,10.8
2021-2-5T14:17:28,-62.15919,-58.47130,10.4
2021-2-5T14:17:39,-62.15919,-58.47130,11.0
2021-2-5T14:17:50,-62.15918,-58.47130,12.1
2021-2-5T14:18:1,-62.15918,-58.47131,12.6
2021-2-5T14:18:12,-62.15918,-58.47130,12.2
2021-2-5T14:18:22,-62.15917,-58.47129,12.3
2021-2-5T14:18:33,-62.15921,-58.47129,9.8
2021-2-5T14:18:44,-62.15920,-58.47130,10.0
2021-2-5T14:18:55,-62.15921,-58.47131,9.0
2021-2-5T14:19:6,-62.15921,-58.47130,8.3
2021-2-5T14:19:17,-62.15921,-58.47131,6.8
2021-2-5T14:19:28,-62.15920,-58.47131,5.9
2021-2-5T14:19:38,-62.15920,-58.47131,5.1
2021-2-5T14:19:49,-62.15915,-58.47129,6.7
2021-2-5T14:20:0,-62.15913,-58.47129,8.1
2021-2-5T14:20:11,-62.15911,-58.47130,9.7
2021-2-5T14:20:22,-62.15908,-58.47129,11.6
2021-2-5T14:20:33,-62.15908,-58.47127,12.5
2021-2-5T14:20:43,-62.15909,-58.47128,12.0
2021-2-5T14:20:54,-62.15909,-58.47126,12.1
2021-2-5T14:21:5,-62.15906,-58.47123,13.7
2021-2-5T14:21:16,-62.15909,-58.47124,11.9
2021-2-5T14:21:27,-62.15912,-58.47127,9.8
2021-2-5T14:21:38,-62.15912,-58.47128,9.5
2021-2-5T14:21:48,-62.15913,-58.47129,8.5
2021-2-5T14:21:59,-62.15913,-58.47131,8.4
2021-2-5T14:22:10,-62.15914,-58.47131,8.5
2021-2-5T14:22:21,-62.15914,-58.47131,8.0
2021-2-5T14:22:32,-62.15914,-58.47132,8.0
2021-2-5T14:22:43,-62.15913,-58.47132,8.2
2021-2-5T14:22:53,-62.15914,-58.47130,7.5
2021-2-5T14:23:4,-62.15913,-58.47130,8.7
2021-2-5T14:23:15,-62.15908,-58.47129,12.2
2021-2-5T14:23:26,-62.15902,-58.47127,15.2
2021-2-5T14:23:37,-62.15902,-58.47126,15.9
2021-2-5T14:23:48,-62.15907,-58.47127,13.2
2021-2-5T14:23:59,-62.15905,-58.47126,14.5
2021-2-5T14:24:9,-62.15908,-58.47127,13.2
2021-2-5T14:24:20,-62.15911,-58.47129,12.7
2021-2-5T14:24:31,-62.15911,-58.47129,13.7
2021-2-5T14:24:42,-62.15909,-58.47127,14.4
2021-2-5T14:24:53,-62.15912,-58.47131,12.9
2021-2-5T14:25:3,-62.15913,-58.47133,13.1
2021-2-5T14:25:14,-62.15914,-58.47135,13.5
2021-2-5T14:25:25,-62.15914,-58.47135,13.8
2021-2-5T14:25:36,-62.15911,-58.47128,14.0
2021-2-5T14:25:46,-62.15910,-58.47129,14.9
2021-2-5T14:25:57,-62.15914,-58.47131,13.4
2021-2-5T14:26:7,-62.15915,-58.47129,13.4
2021-2-5T14:26:18,-62.15916,-58.47128,12.4
2021-2-5T14:26:29,-62.15916,-58.47129,12.1
2021-2-5T14:26:39,-62.15917,-58.47129,11.8
2021-2-5T14:26:50,-62.15916,-58.47129,12.3
2021-2-5T14:27:1,-62.15915,-58.47130,13.0
2021-2-5T14:27:12,-62.15914,-58.47130,13.1
2021-2-5T14:27:23,-62.15914,-58.47131,12.5
2021-2-5T14:27:34,-62.15916,-58.47131,11.2
2021-2-5T14:27:44,-62.15917,-58.47131,10.2
2021-2-5T14:27:55,-62.15917,-58.47132,10.3
2021-2-5T14:28:6,-62.15916,-58.47133,10.8
2021-2-5T14:28:16,-62.15919,-58.47135,10.4
2021-2-5T14:28:27,-62.15919,-58.47137,12.1
2021-2-5T14:28:38,-62.15920,-58.47140,12.6
2021-2-5T14:28:48,-62.15920,-58.47140,12.7
2021-2-5T14:28:59,-62.15919,-58.47139,12.6
2021-2-5T14:29:9,-62.15919,-58.47141,13.1
2021-2-5T14:29:20,-62.15917,-58.47139,13.0
2021-2-5T14:29:31,-62.15916,-58.47140,14.0
2021-2-5T14:29:41,-62.15916,-58.47140,13.6
2021-2-5T14:29:52,-62.15917,-58.47139,13.4
2021-2-5T14:30:2,-62.15915,-58.47140,14.7
2021-2-5T14:30:13,-62.15914,-58.47141,15.2
2021-2-5T14:30:24,-62.15915,-58.47140,13.2
2021-2-5T14:30:35,-62.15912,-58.47138,13.7
2021-2-5T14:30:46,-62.15911,-58.47138,15.1
2021-2-5T14:30:57,-62.15912,-58.47133,12.4
2021-2-5T14:31:7,-62.15912,-58.47132,12.2
2021-2-5T14:31:18,-62.15911,-58.47131,12.8
2021-2-5T14:31:29,-62.15912,-58.47130,11.9
2021-2-5T14:31:39,-62.15913,-58.47128,10.4
2021-2-5T14:31:50,-62.15914,-58.47127,9.4
2021-2-5T14:32:1,-62.15914,-58.47126,8.4
2021-2-5T14:32:12,-62.15914,-58.47128,9.4
2021-2-5T14:32:23,-62.15913,-58.47130,10.9
2021-2-5T14:32:33,-62.15917,-58.47128,6.7
2021-2-5T14:32:44,-62.15919,-58.47130,5.8
2021-2-5T14:32:55,-62.15920,-58.47130,5.2
2021-2-5T14:33:6,-62.15920,-58.47132,6.3
2021-2-5T14:33:17,-62.15920,-58.47132,7.3
2021-2-5T14:33:27,-62.15919,-58.47132,9.4
2021-2-5T14:33:38,-62.15918,-58.47131,11.2
2021-2-5T14:33:49,-62.15917,-58.47133,14.1
2021-2-5T14:34:0,-62.15916,-58.47133,15.4
2021-2-5T14:34:11,-62.15917,-58.47132,14.9
2021-2-5T14:34:21,-62.15918,-58.47131,13.6
2021-2-5T14:34:32,-62.15918,-58.47131,13.7
2021-2-5T14:34:43,-62.15918,-58.47131,13.6
2021-2-5T14:34:54,-62.15918,-58.47130,13.3
2021-2-5T14:35:5,-62.15919,-58.47130,12.8
2021-2-5T14:35:16,-62.15918,-58.47131,13.9
2021-2-5T14:35:27,-62.15918,-58.47131,13.3
2021-2-5T14:35:37,-62.15917,-58.47132,13.3
2021-2-5T14:35:48,-62.15918,-58.47131,11.8
2021-2-5T14:35:59,-62.15917,-58.47132,12.7
2021-2-5T14:36:10,-62.15914,-58.47133,15.1
2021-2-5T14:36:20,-62.15916,-58.47131,13.2
2021-2-5T14:36:31,-62.15914,-58.47128,12.5
2021-2-5T14:36:41,-62.15918,-58.47124,7.9
2021-2-5T14:36:52,-62.15915,-58.47124,9.7
2021-2-5T14:37:3,-62.15911,-58.47125,12.9
2021-2-5T14:37:13,-62.15906,-58.47125,16.8
2021-2-5T14:37:24,-62.15908,-58.47125,15.6
2021-2-5T14:37:34,-62.15910,-58.47126,14.5
2021-2-5T14:37:45,-62.15911,-58.47125,12.4
2021-2-5T14:37:56,-62.15907,-58.47129,16.8
2021-2-5T14:38:6,-62.15904,-58.47132,20.1
2021-2-5T14:38:17,-62.15908,-58.47130,16.3
2021-2-5T14:38:28,-62.15909,-58.47130,14.3
2021-2-5T14:38:39,-62.15912,-58.47128,10.5
2021-2-5T14:38:49,-62.15912,-58.47127,10.8
2021-2-5T14:39:0,-62.15912,-58.47127,10.3
2021-2-5T14:39:11,-62.15915,-58.47127,8.8
2021-2-5T14:39:21,-62.15915,-58.47126,7.7
2021-2-5T14:39:32,-62.15915,-58.47126,8.1
2021-2-5T14:39:42,-62.15915,-58.47127,8.7
2021-2-5T14:39:53,-62.15915,-58.47126,8.6
2021-2-5T14:40:4,-62.15916,-58.47125,6.9
2021-2-5T14:40:14,-62.15917,-58.47125,6.0
2021-2-5T14:40:25,-62.15916,-58.47127,8.0
2021-2-5T14:40:36,-62.15915,-58.47129,9.3
2021-2-5T14:40:47,-62.15916,-58.47129,8.0
2021-2-5T14:40:57,-62.15916,-58.47129,8.3
2021-2-5T14:41:8,-62.15916,-58.47129,8.8
2021-2-5T14:41:19,-62.15916,-58.47130,8.3
2021-2-5T14:41:29,-62.15918,-58.47128,5.2
2021-2-5T14:41:40,-62.15917,-58.47130,7.9
2021-2-5T14:41:51,-62.15922,-58.47124,0.5
2021-2-5T14:42:1,-62.15923,-58.47124,-1.4
2021-2-5T14:42:12,-62.15922,-58.47126,0.7
2021-2-5T14:42:22,-62.15923,-58.47126,0.3
2021-2-5T14:42:33,-62.15923,-58.47127,1.0
2021-2-5T14:42:44,-62.15921,-58.47130,5.4
2021-2-5T14:42:54,-62.15921,-58.47130,6.0
2021-2-5T14:43:5,-62.15920,-58.47131,7.2
2021-2-5T14:43:16,-62.15922,-58.47132,6.4
2021-2-5T14:43:26,-62.15922,-58.47130,5.6
2021-2-5T14:43:37,-62.15922,-58.47129,5.1
2021-2-5T14:43:47,-62.15918,-58.47129,8.8
2021-2-5T14:43:58,-62.15918,-58.47125,6.5
2021-2-5T14:44:9,-62.15917,-58.47124,6.9
2021-2-5T14:44:19,-62.15915,-58.47124,8.7
2021-2-5T14:44:30,-62.15915,-58.47123,8.8
2021-2-5T14:44:40,-62.15915,-58.47122,8.5
2021-2-5T14:44:51,-62.15915,-58.47119,5.8
2021-2-5T14:45:2,-62.15918,-58.47114,-1.7
2021-2-5T14:45:12,-62.15925,-58.47106,-13.1
2021-2-5T14:45:23,-62.15931,-58.47101,-22.8
