1,2,7608,2021-2-4T11:41:10,-62.15738,-58.48387,175.5,10
1,2,7609,2021-2-4T11:41:21,-62.15738,-58.48387,175.3,10
1,2,7610,2021-2-4T11:41:32,-62.15738,-58.48386,174.8,10
1,2,7611,2021-2-4T11:41:43,-62.15737,-58.48386,174.3,10
1,2,7612,2021-2-4T11:41:54,-62.15737,-58.48386,173.5,10
1,2,7614,2021-2-4T11:42:16,-62.15737,-58.48386,173.9,10
1,2,7615,2021-2-4T11:42:27,-62.15737,-58.48385,174.3,10
1,2,7616,2021-2-4T11:42:38,-62.15737,-58.48385,174.3,10
1,2,7617,2021-2-4T11:42:49,-62.15738,-58.48386,174.5,10
1,2,7618,2021-2-4T11:43:0,-62.15738,-58.48386,174.8,10
1,2,7619,2021-2-4T11:43:11,-62.15738,-58.48386,175.4,10
1,2,7620,2021-2-4T11:43:22,-62.15737,-58.48386,175.5,10
1,2,7621,2021-2-4T11:43:33,-62.15737,-58.48386,175.6,11
1,2,7622,2021-2-4T11:43:44,-62.15738,-58.48386,175.8,11
1,2,7623,2021-2-4T11:43:55,-62.15738,-58.48387,175.6,11
1,2,7624,2021-2-4T11:44:6,-62.15739,-58.48386,175.4,11
1,2,7627,2021-2-4T11:44:38,-62.15738,-58.48385,175.5,11
1,2,7628,2021-2-4T11:44:49,-62.15737,-58.48386,175.7,11
1,2,7629,2021-2-4T11:45:0,-62.15738,-58.48386,175.7,11
1,2,7630,2021-2-4T11:45:11,-62.15738,-58.48386,175.6,11
1,2,7631,2021-2-4T11:45:22,-62.15738,-58.48386,175.7,11
1,2,7632,2021-2-4T11:45:33,-62.15738,-58.48386,175.6,11
1,2,7633,2021-2-4T11:45:44,-62.15738,-58.48386,175.9,11
1,2,7634,2021-2-4T11:45:55,-62.15738,-58.48387,176.0,11
1,2,7635,2021-2-4T11:46:6,-62.15738,-58.48388,176.8,11
1,2,7636,2021-2-4T11:46:17,-62.15738,-58.48387,177.0,11
1,2,7637,2021-2-4T11:46:28,-62.15738,-58.48388,176.7,11
1,2,7638,2021-2-4T11:46:39,-62.15738,-58.48388,176.1,11
1,2,7639,2021-2-4T11:46:50,-62.15737,-58.48389,175.8,11
1,2,7640,2021-2-4T11:47:1,-62.15738,-58.48390,176.1,11
1,2,7641,2021-2-4T11:47:12,-62.15738,-58.48390,176.4,11
1,2,7642,2021-2-4T11:47:23,-62.15738,-58.48389,176.3,11
1,2,7643,2021-2-4T11:47:34,-62.15737,-58.48389,176.0,11
1,2,7644,2021-2-4T11:47:45,-62.15737,-58.48388,175.8,11
1,2,7645,2021-2-4T11:47:56,-62.15736,-58.48388,176.4,11
1,2,7646,2021-2-4T11:48:7,-62.15737,-58.48387,175.7,11
1,2,7647,2021-2-4T11:48:18,-62.15737,-58.48386,175.6,11
1,2,7648,2021-2-4T11:48:29,-62.15737,-58.48386,175.7,11
1,2,7649,2021-2-4T11:48:40,-62.15737,-58.48386,175.7,11
1,2,7650,2021-0-0T0:0:0,0.0,0.0,0.0,0
1,2,7651,2021-2-4T11:49:1,-62.15738,-58.48387,174.8,11
1,2,7652,2021-2-4T11:49:12,-62.15738,-58.48388,174.8,11
1,2,7653,2021-2-4T11:49:23,-62.15738,-58.48388,175.0,11
1,2,7654,2021-2-4T11:49:34,-62.15738,-58.48388,175.0,11
1,2,7655,2021-2-4T11:49:45,-62.15738,-58.48388,175.5,11
1,2,7656,2021-2-4T11:49:56,-62.15737,-58.48388,175.9,11
1,2,7657,2021-2-4T11:50:7,-62.15737,-58.48389,175.7,11
1,2,7665,2021-2-4T11:51:33,-62.15738,-58.48386,175.9,11
1,2,7666,2021-2-4T11:51:44,-62.15738,-58.48386,176.2,11
1,2,7667,2021-2-4T11:51:55,-62.15737,-58.48388,176.6,11
1,2,7668,2021-2-4T11:52:6,-62.15737,-58.48388,176.6,11
1,2,7669,2021-2-4T11:52:17,-62.15737,-58.48389,176.3,11
1,2,7670,2021-2-4T11:52:28,-62.15737,-58.48388,175.8,11
1,2,7671,2021-2-4T11:52:39,-62.15737,-58.48388,175.2,11
1,2,7672,2021-2-4T11:52:50,-62.15737,-58.48388,174.7,11
1,2,7673,2021-2-4T11:53:1,-62.15737,-58.48388,174.8,11
1,2,7674,2021-2-4T11:53:12,-62.15737,-58.48389,175.2,11
1,2,7675,2021-2-4T11:53:23,-62.15736,-58.48389,175.9,11
1,2,7676,2021-2-4T11:53:34,-62.15736,-58.48389,176.0,11
1,2,7677,2021-2-4T11:53:45,-62.15736,-58.48389,175.8,11
1,2,7678,2021-2-4T11:53:56,-62.15736,-58.48389,176.0,11
1,2,7679,2021-2-4T11:54:7,-62.15736,-58.48390,176.1,11
1,2,7680,2021-2-4T11:54:18,-62.15736,-58.48389,176.2,11
1,2,7681,2021-2-4T11:54:29,-62.15736,-58.48390,176.3,11
1,2,7682,2021-2-4T11:54:40,-62.15736,-58.48389,176.5,11
1,2,7683,2021-2-4T11:54:51,-62.15736,-58.48389,175.7,11
1,2,7684,2021-2-4T11:55:1,-62.0,0.0,0.0,0
1,2,7685,2021-2-4T11:55:12,-62.15737,-58.48386,174.5,11
1,2,7686,2021-2-4T11:55:23,-62.15738,-58.48385,175.2,11
1,2,7687,2021-2-4T11:55:34,-62.15738,-58.48385,175.3,11
1,2,7688,2021-2-4T11:55:45,-62.15738,-58.48386,175.9,11
1,2,7689,2021-2-4T11:55:56,-62.15738,-58.48388,177.0,11
1,2,7690,2021-2-4T11:56:7,-62.15738,-58.48388,177.7,11
1,2,7691,2021-2-4T11:56:18,-62.15738,-58.48388,177.7,11
1,2,7692,2021-2-4T11:56:29,-62.15739,-58.48387,177.2,11
1,2,7693,2021-2-4T11:56:40,-62.15739,-58.48387,176.5,10
1,2,7694,2021-2-4T11:56:51,-62.15739,-58.48386,176.5,10
1,2,7695,2021-2-4T11:57:2,-62.15738,-58.48386,176.8,10
1,2,7696,2021-2-4T11:57:13,-62.15738,-58.48387,176.8,10
1,2,7697,2021-2-4T11:57:24,-62.15738,-58.48387,176.9,10
1,2,7698,2021-2-4T11:57:35,-62.15738,-58.48386,176.8,10
1,2,7699,2021-2-4T11:57:46,-62.15738,-58.48386,176.8,10
1,2,7700,2021-2-4T11:57:57,-62.15738,-58.48386,176.4,10
1,2,7701,2021-2-4T11:58:8,-62.15738,-58.48386,176.2,10
1,2,7702,2021-2-4T11:58:19,-62.15738,-58.48386,176.7,10
1,2,7703,2021-2-4T11:58:30,-62.15738,-58.48386,177.2,10
1,2,7704,2021-2-4T11:58:41,-62.15738,-58.48386,177.2,10
1,2,7711,2021-2-4T11:59:56,-62.15737,-58.48385,174.8,10
1,2,7713,2021-2-4T12:0:17,-62.15738,-58.48386,174.8,10
1,2,7714,2021-2-4T12:0:28,-62.15738,-58.48387,175.2,10
1,2,7715,2021-2-4T12:0:39,-62.15738,-58.48388,175.6,10
1,2,7716,2021-2-4T12:0:50,-62.15738,-58.48388,175.8,10
1,2,7717,2021-2-4T12:1:1,-62.15738,-58.48388,175.4,10
1,2,7718,2021-2-4T12:1:12,-62.15739,-58.48387,175.8,10
1,2,7719,2021-2-4T12:1:23,-62.15738,-58.48387,175.5,10
1,2,7720,2021-2-4T12:1:34,-62.15738,-58.48388,176.4,10
1,2,7721,2021-2-4T12:1:45,-62.15738,-58.48388,175.9,10
1,2,7722,2021-2-4T12:1:56,-62.15738,-58.48388,175.8,10
1,2,7723,2021-2-4T12:2:8,-62.15738,-58.48388,176.5,10
1,2,7724,2021-2-4T12:2:19,-62.15738,-58.48387,176.9,10
1,2,7725,2021-2-4T12:2:30,-62.15738,-58.48387,176.6,10
1,2,7726,2021-2-4T12:2:41,-62.15738,-58.48386,176.5,9
1,2,7727,2021-2-4T12:2:52,-62.15738,-58.48386,175.9,10
1,2,7728,2021-2-4T12:3:3,-62.15738,-58.48387,176.4,10
1,2,7729,2021-2-4T12:3:14,-62.15738,-58.48388,176.9,10
1,2,7730,2021-2-4T12:3:25,-62.15738,-58.48388,177.4,10
1,2,7731,2021-2-4T12:3:36,-62.15738,-58.48388,177.3,10
1,2,7732,2021-2-4T12:3:47,-62.15738,-58.48387,177.5,10
1,2,7733,2021-2-4T12:3:58,-62.15738,-58.48388,177.1,10
1,2,7734,2021-2-4T12:4:9,-62.15738,-58.48388,176.9,10
1,2,7735,2021-2-4T12:4:20,-62.15738,-58.48388,176.7,10
1,2,7736,2021-2-4T12:4:31,-62.15738,-58.48389,176.4,10
1,2,7737,2021-2-4T12:4:42,-62.15737,-58.48389,176.4,10
1,2,7738,2021-2-4T12:4:53,-62.15738,-58.48389,176.7,10
1,2,7739,2021-2-4T12:5:4,-62.15738,-58.48388,176.7,10
1,2,7740,2021-2-4T12:5:15,-62.15738,-58.48388,176.5,10
1,2,7741,2021-2-4T12:5:26,-62.15738,-58.48389,176.5,10
1,2,7742,2021-2-4T12:5:37,-62.15738,-58.48389,176.6,10
1,2,7743,2021-2-4T12:5:48,-62.15738,-58.48390,177.0,10
1,2,7744,2021-2-4T12:5:59,-62.15739,-58.48390,177.3,10
1,2,7745,2021-2-4T12:6:10,-62.15739,-58.48390,177.3,10
1,2,7746,2021-2-4T12:6:21,-62.15739,-58.48390,177.6,10
1,2,7747,2021-2-4T12:6:32,-62.15739,-58.48389,177.2,10
1,2,7754,2021-2-4T12:7:47,-62.15738,-58.48387,174.9,10
1,2,7755,2021-2-4T12:7:58,-62.15738,-58.48387,175.4,10
1,2,7756,2021-2-4T12:8:9,-62.15739,-58.48388,175.7,10
1,2,7757,2021-2-4T12:8:20,-62.15739,-58.48387,176.1,10
1,2,7758,2021-2-4T12:8:31,-62.15739,-58.48387,175.7,10
1,2,7759,2021-2-4T12:8:42,-62.15739,-58.48387,175.8,10
1,2,7760,2021-2-4T12:8:53,-62.15738,-58.48387,176.1,10
1,2,7761,2021-2-4T12:9:4,-62.15738,-58.48386,175.5,10
1,2,7762,2021-2-4T12:9:15,-62.15738,-58.48385,175.3,10
1,2,7763,2021-2-4T12:9:26,-62.15738,-58.48386,175.7,10
1,2,7764,2021-2-4T12:9:37,-62.15738,-58.48387,177.5,10
1,2,7765,2021-2-4T12:9:48,-62.15739,-58.48387,178.6,10
1,2,7766,2021-2-4T12:9:59,-62.15739,-58.48387,178.7,10
1,2,7767,2021-2-4T12:10:10,-62.15739,-58.48387,178.6,10
1,2,7768,2021-2-4T12:10:21,-62.15739,-58.48387,178.5,10
1,2,7769,2021-2-4T12:10:32,-62.15739,-58.48387,178.3,10
1,2,7770,2021-2-4T12:10:43,-62.15739,-58.48387,177.3,10
1,2,7771,2021-2-4T12:10:54,-62.15739,-58.48387,176.6,10
1,2,7772,2021-2-4T12:11:5,-62.15739,-58.48387,176.5,10
1,2,7773,2021-2-4T12:11:16,-62.15739,-58.48387,176.3,10
1,2,7774,2021-2-4T12:11:27,-62.15739,-58.48387,176.5,10
1,2,7775,2021-2-4T12:11:38,-62.15739,-58.48388,177.1,10
1,2,7776,2021-2-4T12:11:49,-62.15739,-58.48388,177.6,10
1,2,7777,2021-2-4T12:12:0,-62.15739,-58.48387,177.3,10
1,2,7778,2021-2-4T12:12:11,-62.15739,-58.48387,177.1,10
1,2,7779,2021-2-4T12:12:22,-62.15739,-58.48386,176.8,10
1,2,7780,2021-2-4T12:12:33,-62.15739,-58.48386,176.7,10
1,2,7781,2021-2-4T12:12:44,-62.15739,-58.48386,176.8,10
1,2,7782,2021-2-4T12:12:55,-62.15739,-58.48385,176.3,10
1,2,7783,2021-2-4T12:13:6,-62.15739,-58.48386,176.4,10
1,2,7784,2021-2-4T12:13:17,-62.15739,-58.48387,176.4,10
1,2,7785,2021-2-4T12:13:28,-62.15739,-58.48388,176.0,10
1,2,7786,2021-2-4T12:13:39,-62.15738,-58.48388,175.9,10
1,2,7787,2021-2-4T12:13:50,-62.15738,-58.48389,176.5,10
1,2,7788,2021-2-4T12:14:1,-62.15739,-58.48390,177.4,10
1,2,7795,2021-2-4T12:15:16,-62.15738,-58.48387,175.8,10
1,2,7796,2021-2-4T12:15:27,-62.15739,-58.48388,176.5,10
1,2,7799,2021-2-4T12:15:58,-62.15738,-58.48388,177.4,0
1,2,7800,2021-2-4T12:16:10,-62.15738,-58.48388,177.0,10
1,2,7801,2021-2-4T12:16:21,-62.15738,-58.48387,177.0,10
1,2,7802,2021-2-4T12:16:32,-62.15738,-58.48386,176.4,10
1,2,7803,2021-2-4T12:16:43,-62.15738,-58.48385,176.4,10
1,2,7804,2021-2-4T12:16:54,-62.15738,-58.48385,176.0,10
1,2,7805,2021-2-4T12:17:5,-62.15738,-58.48385,175.5,9
1,2,7806,2021-2-4T12:17:16,-62.15737,-58.48384,175.1,10
1,2,7807,2021-2-4T12:17:27,-62.15738,-58.48384,174.5,10
1,2,7808,2021-2-4T12:17:38,-62.15738,-58.48384,174.9,10
1,2,7809,2021-2-4T12:17:49,-62.15738,-58.48386,175.5,10
1,2,7810,2021-2-4T12:18:0,-62.15739,-58.48386,176.3,10
1,2,7811,2021-2-4T12:18:11,-62.15739,-58.48386,177.4,10
1,2,7812,2021-2-4T12:18:22,-62.15739,-58.48387,177.3,10
1,2,7813,2021-2-4T12:18:33,-62.15739,-58.48387,176.4,10
1,2,7814,2021-2-4T12:18:44,-62.15739,-58.48387,176.1,10
1,2,7815,2021-2-4T12:18:55,-62.15739,-58.48387,175.7,10
1,2,7816,2021-2-4T12:19:6,-62.15739,-58.48388,176.1,10
1,2,7817,2021-2-4T12:19:17,-62.15739,-58.48388,177.0,10
1,2,7818,2021-2-4T12:19:28,-62.15738,-58.48388,177.4,10
1,2,7819,2021-2-4T12:19:39,-62.15738,-58.48387,177.1,10
1,2,7820,2021-2-4T12:19:50,-62.15738,-58.48388,176.8,9
1,2,7821,2021-2-4T12:20:1,-62.15738,-58.48388,176.7,10
1,2,7822,2021-2-4T12:20:12,-62.15738,-58.48388,177.6,10
1,2,7823,2021-2-4T12:20:23,-62.15738,-58.48389,177.6,10
1,2,7824,2021-2-4T12:20:34,-62.15738,-58.48389,177.5,10
1,2,7825,2021-2-4T12:20:45,-62.15738,-58.48389,176.7,9
1,2,7826,2021-2-4T12:20:56,-62.15738,-58.48388,175.6,10
1,2,7827,2021-2-4T12:21:7,-62.15738,-58.48387,175.2,10
1,2,7828,2021-2-4T12:21:18,-62.15738,-58.48387,174.9,10
1,2,7829,2021-2-4T12:21:29,-62.15738,-58.48386,174.4,10
1,2,7830,2021-2-4T12:21:40,-62.15738,-58.48386,174.5,10
1,2,7831,2021-2-4T12:21:51,-62.15737,-58.48385,173.5,10
1,2,7838,2021-2-4T12:23:7,-62.0,0.0,0.0,0
1,2,7839,2021-2-4T12:23:18,-62.15738,-58.48384,175.1,10
1,2,7840,2021-2-4T12:23:29,-62.15738,-58.48385,175.7,10
1,2,7841,2021-2-4T12:23:40,-62.15738,-58.48386,175.9,10
1,2,7842,2021-2-4T12:23:50,-62.15738,-58.48386,175.4,9
1,2,7843,2021-2-4T12:24:3,-62.15738,-58.48385,175.1,10
1,2,7844,2021-2-4T12:24:14,-62.15738,-58.48384,175.1,8
1,2,7845,2021-2-4T12:24:25,-62.15738,-58.48384,175.5,10
1,2,7846,2021-2-4T12:24:36,-62.15738,-58.48385,175.6,10
1,2,7847,2021-2-4T12:24:47,-62.15738,-58.48385,175.6,10
1,2,7848,2021-2-4T12:24:58,-62.15738,-58.48385,176.0,9
1,2,7849,2021-2-4T12:25:9,-62.15737,-58.48385,176.2,9
1,2,7850,2021-2-4T12:25:20,-62.15738,-58.48384,176.0,9
1,2,7851,2021-2-4T12:25:31,-62.15738,-58.48384,176.6,10
1,2,7852,2021-2-4T12:25:42,-62.15738,-58.48384,177.6,10
1,2,7853,2021-2-4T12:25:53,-62.15738,-58.48384,177.4,10
1,2,7854,2021-2-4T12:26:4,-62.15738,-58.48386,176.8,9
1,2,7855,2021-2-4T12:26:15,-62.15738,-58.48387,176.6,9
1,2,7856,2021-2-4T12:26:26,-62.15738,-58.48387,176.2,9
1,2,7857,2021-2-4T12:26:37,-62.15738,-58.48387,176.5,9
1,2,7858,2021-2-4T12:26:48,-62.15738,-58.48388,176.1,9
1,2,7859,2021-2-4T12:26:59,-62.15738,-58.48387,175.5,9
1,2,7860,2021-2-4T12:27:10,-62.15738,-58.48386,176.0,9
1,2,7861,2021-2-4T12:27:21,-62.15738,-58.48385,176.3,9
1,2,7862,2021-2-4T12:27:32,-62.15737,-58.48385,176.2,9
1,2,7863,2021-2-4T12:27:43,-62.15737,-58.48385,175.6,9
1,2,7864,2021-2-4T12:27:54,-62.15738,-58.48385,174.8,9
1,2,7865,2021-2-4T12:28:5,-62.15738,-58.48385,174.4,9
1,2,7866,2021-2-4T12:28:16,-62.15738,-58.48386,174.2,9
1,2,7867,2021-2-4T12:28:27,-62.15738,-58.48385,173.5,9
1,2,7868,2021-2-4T12:28:38,-62.15738,-58.48385,172.2,9
1,2,7869,2021-2-4T12:28:49,-62.15738,-58.48385,172.6,9
1,2,7875,2021-2-4T12:29:53,-62.0,0.0,0.0,0
1,2,7876,2021-2-4T12:30:5,-62.15737,-58.48387,175.9,9
1,2,7877,2021-2-4T12:30:16,-62.15738,-58.48386,176.3,9
1,2,7878,2021-2-4T12:30:27,-62.15738,-58.48386,176.4,9
1,2,7879,2021-2-4T12:30:38,-62.15738,-58.48384,175.7,9
1,2,7880,2021-2-4T12:30:49,-62.15738,-58.48383,175.4,9
1,2,7881,2021-2-4T12:31:0,-62.15738,-58.48383,174.7,9
1,2,7882,2021-2-4T12:31:11,-62.15738,-58.48383,174.7,9
1,2,7883,2021-2-4T12:31:22,-62.15738,-58.48384,175.3,9
1,2,7884,2021-2-4T12:31:33,-62.15737,-58.48385,175.0,9
1,2,7885,2021-2-4T12:31:44,-62.15737,-58.48385,174.6,9
1,2,7886,2021-2-4T12:31:55,-62.15737,-58.48385,174.3,9
1,2,7887,2021-2-4T12:32:6,-62.15737,-58.48385,174.5,9
1,2,7888,2021-2-4T12:32:17,-62.15737,-58.48386,175.1,9
1,2,7889,2021-2-4T12:32:28,-62.15738,-58.48387,176.3,9
1,2,7890,2021-2-4T12:32:39,-62.15738,-58.48387,176.8,9
1,2,7891,2021-2-4T12:32:50,-62.15738,-58.48387,176.7,9
1,2,7892,2021-2-4T12:33:1,-62.15738,-58.48386,176.1,9
1,2,7893,2021-2-4T12:33:12,-62.15737,-58.48385,176.0,9
1,2,7894,2021-2-4T12:33:23,-62.15737,-58.48385,176.4,9
1,2,7895,2021-2-4T12:33:34,-62.15738,-58.48385,176.2,9
1,2,7896,2021-2-4T12:33:45,-62.15737,-58.48386,175.2,9
1,2,7897,2021-2-4T12:33:56,-62.15737,-58.48386,173.9,9
1,2,7898,2021-2-4T12:34:7,-62.15737,-58.48387,174.1,9
1,2,7899,2021-2-4T12:34:18,-62.15737,-58.48388,174.6,9
1,2,7900,2021-2-4T12:34:29,-62.15737,-58.48388,175.2,9
1,2,7901,2021-2-4T12:34:40,-62.15738,-58.48389,175.6,9
1,2,7902,2021-2-4T12:34:51,-62.15738,-58.48388,176.2,9
1,2,7903,2021-2-4T12:35:2,-62.15738,-58.48386,175.7,9
1,2,7904,2021-2-4T12:35:13,-62.15738,-58.48385,175.5,9
1,2,7905,2021-2-4T12:35:24,-62.15738,-58.48385,175.0,9
1,2,7906,2021-2-4T12:35:35,-62.15738,-58.48385,174.7,9
1,2,7907,2021-2-4T12:35:46,-62.15738,-58.48385,175.4,9
1,2,7908,2021-2-4T12:35:57,-62.15738,-58.48385,175.5,9
1,2,7913,2021-2-4T12:36:51,-62.15738,-58.48386,179.2,9
1,2,7915,2021-2-4T12:37:12,-62.15738,-58.48386,178.6,9
1,2,7916,2021-2-4T12:37:23,-62.15738,-58.48385,177.1,9
1,2,7917,2021-2-4T12:37:34,-62.15738,-58.48386,175.8,9
1,2,7918,2021-2-4T12:37:45,-62.15738,-58.48386,174.6,9
1,2,7919,2021-2-4T12:37:56,-62.15737,-58.48386,173.1,9
1,2,7920,2021-2-4T12:38:8,-62.15737,-58.48386,172.2,9
1,2,7921,2021-2-4T12:38:19,-62.15737,-58.48386,172.3,9
1,2,7922,2021-2-4T12:38:30,-62.15737,-58.48385,172.8,9
1,2,7923,2021-2-4T12:38:41,-62.15737,-58.48385,173.2,9
1,2,7924,2021-2-4T12:38:52,-62.15737,-58.48385,173.8,9
1,2,7925,2021-2-4T12:39:3,-62.15738,-58.48386,175.3,8
1,2,7926,2021-2-4T12:39:14,-62.15738,-58.48386,177.0,8
1,2,7927,2021-2-4T12:39:25,-62.15738,-58.48387,178.5,8
1,2,7928,2021-2-4T12:39:36,-62.15738,-58.48388,179.1,8
1,2,7929,2021-2-4T12:39:47,-62.15738,-58.48388,179.1,8
1,2,7930,2021-2-4T12:39:58,-62.15738,-58.48387,179.3,8
1,2,7931,2021-2-4T12:40:9,-62.15738,-58.48387,179.8,8
1,2,7932,2021-2-4T12:40:20,-62.15738,-58.48386,179.7,8
1,2,7933,2021-2-4T12:40:31,-62.15738,-58.48386,179.0,8
1,2,7934,2021-2-4T12:40:42,-62.15738,-58.48386,178.2,8
1,2,7935,2021-2-4T12:40:53,-62.15738,-58.48386,176.8,8
1,2,7936,2021-2-4T12:41:4,-62.15738,-58.48386,176.0,8
1,2,7937,2021-2-4T12:41:15,-62.15738,-58.48386,176.0,8
1,2,7938,2021-2-4T12:41:26,-62.15738,-58.48386,176.1,8
1,2,7939,2021-2-4T12:41:37,-62.15737,-58.48387,176.4,8
1,2,7940,2021-2-4T12:41:48,-62.15737,-58.48387,176.7,8
1,2,7941,2021-2-4T12:41:59,-62.15737,-58.48388,176.0,8
1,2,7942,2021-2-4T12:42:10,-62.15738,-58.48387,175.1,8
1,2,7943,2021-2-4T12:42:21,-62.15738,-58.48387,175.3,8
1,2,7944,2021-2-4T12:42:32,-62.15738,-58.48386,176.7,8
1,2,7945,2021-2-4T12:42:43,-62.15738,-58.48387,178.1,8
1,2,7946,2021-2-4T12:42:54,-62.15738,-58.48387,178.6,8
1,2,7947,2021-2-4T12:43:5,-62.15738,-58.48387,178.9,8
1,2,7954,2021-2-4T12:44:20,-62.15738,-58.48385,175.3,8
1,2,7955,2021-2-4T12:44:31,-62.15738,-58.48386,176.0,8
1,2,7956,2021-2-4T12:44:42,-62.15738,-58.48386,175.8,8
1,2,7957,2021-2-4T12:44:54,-62.15738,-58.48386,175.8,8
1,2,7958,2021-2-4T12:45:5,-62.15738,-58.48387,177.1,8
1,2,7959,2021-2-4T12:45:16,-62.15738,-58.48387,178.1,8
1,2,7960,2021-2-4T12:45:27,-62.15738,-58.48386,177.8,8
1,2,7961,2021-2-4T12:45:38,-62.15738,-58.48386,177.8,8
1,2,7962,2021-2-4T12:45:49,-62.15739,-58.48386,178.1,8
1,2,7963,2021-2-4T12:46:0,-62.15739,-58.48386,177.9,8
1,2,7964,2021-2-4T12:46:11,-62.15738,-58.48387,177.7,8
1,2,7965,2021-2-4T12:46:22,-62.15738,-58.48388,177.1,8
1,2,7966,2021-2-4T12:46:33,-62.15738,-58.48387,176.3,8
1,2,7967,2021-2-4T12:46:44,-62.15738,-58.48386,176.1,8
1,2,7968,2021-2-4T12:46:55,-62.15738,-58.48386,176.5,8
1,2,7969,2021-2-4T12:47:6,-62.15738,-58.48385,176.4,8
1,2,7970,2021-2-4T12:47:17,-62.15738,-58.48385,175.9,8
1,2,7971,2021-2-4T12:47:28,-62.15738,-58.48385,175.9,8
1,2,7972,2021-2-4T12:47:39,-62.15738,-58.48385,175.5,8
1,2,7973,2021-2-4T12:47:50,-62.15738,-58.48385,176.1,8
1,2,7974,2021-2-4T12:48:1,-62.15738,-58.48386,175.8,8
1,2,7975,2021-2-4T12:48:12,-62.15738,-58.48386,175.9,8
1,2,7976,2021-2-4T12:48:23,-62.15738,-58.48386,175.7,8
1,2,7977,2021-2-4T12:48:34,-62.15738,-58.48386,175.6,8
1,2,7978,2021-2-4T12:48:45,-62.15738,-58.48386,175.4,8
1,2,7979,2021-2-4T12:48:56,-62.15738,-58.48386,175.4,8
1,2,7980,2021-2-4T12:49:7,-62.15738,-58.48385,175.5,8
1,2,7981,2021-2-4T12:49:18,-62.15738,-58.48384,176.1,8
1,2,7982,2021-2-4T12:49:29,-62.15738,-58.48383,175.8,8
1,2,7983,2021-2-4T12:49:40,-62.15738,-58.48383,175.0,8
1,2,7984,2021-2-4T12:49:51,-62.15738,-58.48383,174.5,8
1,2,7989,2021-2-4T12:50:45,-62.15738,-58.48386,175.6,8
1,2,7990,2021-2-4T12:50:56,-62.15738,-58.48386,176.6,8
1,2,7991,2021-2-4T12:51:7,-62.15738,-58.48386,177.4,0
1,2,7992,200-0-0T0:0:0,0.0,0.0,0.0,0
1,2,7993,2021-2-4T12:51:30,-62.15738,-58.48384,177.3,9
1,2,7994,2021-2-4T12:51:41,-62.15738,-58.48384,177.2,9
1,2,7995,2021-2-4T12:51:52,-62.15738,-58.48385,177.3,9
1,2,7996,2021-2-4T12:52:3,-62.15738,-58.48385,177.5,9
1,2,7997,2021-2-4T12:52:14,-62.15738,-58.48386,177.6,9
1,2,7998,2021-2-4T12:52:25,-62.15738,-58.48386,178.0,9
1,2,7999,2021-2-4T12:52:36,-62.15738,-58.48386,177.8,9
1,2,8000,2021-2-4T12:52:47,-62.15738,-58.48386,177.7,9
1,2,8001,2021-2-4T12:52:58,-62.15738,-58.48385,178.1,9
1,2,8002,2021-2-4T12:53:9,-62.15738,-58.48385,178.3,9
1,2,8003,2021-2-4T12:53:20,-62.15738,-58.48385,178.2,9
1,2,8004,2021-2-4T12:53:31,-62.15738,-58.48385,177.9,9
1,2,8005,2021-2-4T12:53:42,-62.15738,-58.48386,178.0,9
1,2,8006,2021-2-4T12:53:53,-62.15738,-58.48387,178.6,9
1,2,8007,2021-2-4T12:54:4,-62.15738,-58.48388,178.5,9
1,2,8008,2021-2-4T12:54:15,-62.15738,-58.48388,178.8,9
1,2,8009,2021-2-4T12:54:26,-62.15738,-58.48388,179.0,9
1,2,8010,2021-2-4T12:54:37,-62.15738,-58.48388,179.1,9
1,2,8011,2021-2-4T12:54:48,-62.15738,-58.48388,178.5,9
1,2,8012,2021-2-4T12:54:59,-62.15738,-58.48388,177.8,9
1,2,8013,2021-2-4T12:55:10,-62.15738,-58.48388,177.2,9
1,2,8014,2021-2-4T12:55:21,-62.15738,-58.48387,177.2,9
1,2,8015,2021-2-4T12:55:32,-62.15738,-58.48387,176.9,9
1,2,8016,2021-2-4T12:55:43,-62.15738,-58.48388,176.9,9
1,2,8017,2021-2-4T12:55:54,-62.15738,-58.48389,176.9,9
1,2,8018,2021-2-4T12:56:5,-62.15738,-58.48388,177.0,9
1,2,8019,2021-2-4T12:56:16,-62.15739,-58.48387,176.9,9
1,2,8025,2021-2-4T12:57:21,-62.15738,-58.48388,177.0,9
1,2,8026,2021-2-4T12:57:32,-62.15738,-58.48387,176.9,9
1,2,8027,2021-2-4T12:57:43,-62.15738,-58.48386,176.7,9
1,2,8028,2021-2-4T12:57:54,-62.15738,-58.48386,177.2,9
1,2,8029,2021-2-4T12:58:5,-62.15738,-58.48386,177.2,9
1,2,8030,2021-2-4T12:58:16,-62.15738,-58.48385,176.6,9
1,2,8031,2021-2-4T12:58:28,-62.15739,-58.48384,175.2,9
1,2,8032,2021-2-4T12:58:39,-62.15739,-58.48384,174.8,9
1,2,8033,2021-2-4T12:58:50,-62.15739,-58.48384,175.0,9
1,2,8034,2021-2-4T12:59:1,-62.15738,-58.48383,175.6,9
1,2,8035,2021-2-4T12:59:12,-62.15738,-58.48383,176.3,9
1,2,8036,2021-2-4T12:59:23,-62.15738,-58.48383,177.0,9
1,2,8037,2021-2-4T12:59:34,-62.15738,-58.48383,176.8,9
1,2,8038,2021-2-4T12:59:45,-62.15738,-58.48383,176.5,9
1,2,8039,2021-2-4T12:59:56,-62.15738,-58.48383,177.0,9
1,2,8040,2021-2-4T13:0:7,-62.15738,-58.48384,177.1,9
1,2,8041,2021-2-4T13:0:18,-62.15738,-58.48385,176.9,9
1,2,8042,2021-2-4T13:0:29,-62.15738,-58.48385,176.7,9
1,2,8043,2021-2-4T13:0:40,-62.15738,-58.48386,176.7,9
1,2,8044,2021-2-4T13:0:51,-62.15738,-58.48386,176.7,9
1,2,8045,2021-2-4T13:1:2,-62.15738,-58.48387,176.8,9
1,2,8046,2021-2-4T13:1:13,-62.15738,-58.48387,176.8,9
1,2,8047,2021-2-4T13:1:24,-62.15738,-58.48387,177.4,9
1,2,8048,2021-2-4T13:1:35,-62.15737,-58.48387,177.8,9
1,2,8049,2021-2-4T13:1:46,-62.15738,-58.48387,177.7,9
1,2,8050,2021-2-4T13:1:57,-62.15737,-58.48386,177.8,9
1,2,8051,2021-2-4T13:2:8,-62.15738,-58.48385,177.6,9
1,2,8052,2021-2-4T13:2:19,-62.15738,-58.48384,177.2,9
1,2,8053,2021-2-4T13:2:30,-62.15738,-58.48384,177.0,9
1,2,8054,2021-2-4T13:2:41,-62.15738,-58.48385,176.6,9
1,2,8055,2021-2-4T13:2:52,-62.15739,-58.48386,176.3,9
1,2,8056,2021-2-4T13:3:3,-62.15738,-58.48386,176.7,9
1,2,8061,2021-2-4T13:3:57,-62.15738,-58.48384,177.9,0
1,2,8062,2021-2-4T13:4:8,-62.15738,-58.48385,178.0,10
1,2,8063,2021-2-4T13:4:19,-62.15738,-58.48385,177.5,10
1,2,8064,2021-2-4T13:4:30,-62.15738,-58.48384,176.8,10
1,2,8065,2021-2-4T13:4:42,-62.15738,-58.48384,176.1,10
1,2,8066,2021-2-4T13:4:53,-62.15739,-58.48385,175.5,10
1,2,8067,2021-2-4T13:5:4,-62.15739,-58.48385,175.0,10
1,2,8068,2021-2-4T13:5:15,-62.15739,-58.48386,175.4,10
1,2,8069,2021-2-4T13:5:26,-62.15738,-58.48386,175.9,10
1,2,8070,2021-2-4T13:5:37,-62.15738,-58.48386,175.7,10
1,2,8071,2021-2-4T13:5:48,-62.15738,-58.48386,175.7,10
1,2,8072,2021-2-4T13:5:59,-62.15739,-58.48386,175.6,10
1,2,8073,2021-2-4T13:6:10,-62.15739,-58.48386,176.4,10
1,2,8074,2021-2-4T13:6:21,-62.15739,-58.48386,177.7,10
1,2,8075,2021-2-4T13:6:32,-62.15738,-58.48386,179.3,10
1,2,8076,2021-2-4T13:6:43,-62.15738,-58.48386,180.0,10
1,2,8077,2021-2-4T13:6:54,-62.15739,-58.48386,179.4,10
1,2,8078,2021-2-4T13:7:5,-62.15738,-58.48386,179.3,10
1,2,8079,2021-2-4T13:7:16,-62.15738,-58.48386,178.8,10
1,2,8080,2021-2-4T13:7:27,-62.15739,-58.48386,177.7,10
1,2,8082,2021-2-4T13:7:49,-62.15741,-58.48385,180.5,9
1,2,8083,2021-2-4T13:8:0,-62.15741,-58.48385,181.0,8
1,2,8084,2021-2-4T13:8:11,-62.15741,-58.48385,181.9,9
1,2,8085,2021-2-4T13:8:22,-62.15738,-58.48385,173.4,8
1,2,8086,2021-2-4T13:8:33,-62.15737,-58.48386,169.9,8
1,2,8087,2021-2-4T13:8:44,-62.15739,-58.48385,174.4,8
1,2,8088,2021-2-4T13:8:55,-62.15739,-58.48385,176.2,7
1,2,8089,2021-2-4T13:9:6,-62.15741,-58.48385,180.4,5
1,2,8090,2021-2-4T13:9:17,-62.15742,-58.48385,184.8,7
1,2,8091,2021-2-4T13:9:28,-62.15742,-58.48385,184.5,8
1,2,8092,2021-2-4T13:9:39,-62.15742,-58.48385,186.1,9
1,2,8097,2021-2-4T13:10:33,-62.15740,-58.48383,180.0,0
1,2,8098,2021-2-4T13:10:44,-62.15738,-58.48382,184.3,9
1,2,8099,2021-2-4T13:10:55,-62.15738,-58.48384,184.5,9
1,2,8100,2021-2-4T13:11:6,-62.15738,-58.48383,186.2,9
1,2,8101,2021-2-4T13:11:17,-62.15740,-58.48382,182.9,8
1,2,8102,2021-2-4T13:11:28,-62.15747,-58.48384,176.6,9
1,2,8103,2021-2-4T13:11:39,-62.15753,-58.48390,176.9,9
1,2,8104,2021-2-4T13:11:50,-62.15760,-58.48393,175.9,9
1,2,8105,2021-2-4T13:12:1,-62.15763,-58.48385,173.7,9
1,2,8106,2021-2-4T13:12:12,-62.15766,-58.48388,171.4,9
1,2,8107,2021-2-4T13:12:23,-62.15766,-58.48387,172.3,7
1,2,8108,2021-2-4T13:12:34,-62.15767,-58.48386,172.5,7
1,2,8109,2021-2-4T13:12:45,-62.15767,-58.48386,171.8,7
1,2,8110,2021-2-4T13:12:56,-62.15770,-58.48385,182.5,8
1,2,8111,2021-2-4T13:13:7,-62.15768,-58.48385,177.3,8
1,2,8112,2021-2-4T13:13:18,-62.152,0.0,0.0,0
1,2,177,200-0-0T0:0:0,0.0,0.0,0.0,0
1,2,8114,2021-2-4T13:13:41,-62.15767,-58.48384,175.1,8
1,2,8115,2021-2-4T13:13:52,-62.15767,-58.48384,174.3,8
1,2,8116,2021-2-4T13:14:3,-62.15767,-58.48385,173.0,8
1,2,8117,2021-2-4T13:14:14,-62.15766,-58.48385,172.7,8
1,2,8118,2021-2-4T13:14:25,-62.15766,-58.48384,173.9,8
1,2,8119,2021-2-4T13:14:36,-62.15766,-58.48384,173.6,8
1,2,8120,2021-2-4T13:14:47,-62.15766,-58.48384,172.6,8
1,2,8121,2021-2-4T13:14:58,-62.15766,-58.48384,173.0,7
1,2,8122,2021-2-4T13:15:9,-62.15766,-58.48384,173.2,7
1,2,8123,2021-2-4T13:15:20,-62.15766,-58.48385,171.4,7
1,2,8124,2021-2-4T13:15:31,-62.15765,-58.48384,170.9,7
1,2,8125,2021-2-4T13:15:42,-62.15765,-58.48385,169.5,7
1,2,8126,2021-2-4T13:15:53,-62.15764,-58.48385,168.9,7
1,2,8134,2021-2-4T13:17:19,-62.15765,-58.48385,171.4,0
1,2,8135,2021-2-4T13:17:30,-62.15765,-58.48385,172.1,7
1,2,8136,2021-2-4T13:17:41,-62.15765,-58.48385,173.1,7
1,2,8137,2021-2-4T13:17:52,-62.15765,0.0,0.0,0
1,2,8138,2021-2-4T13:18:4,-62.15765,-58.48385,176.3,6
1,2,8139,2021-2-4T13:18:15,-62.15766,-58.48384,182.7,7
1,2,8140,2021-2-4T13:18:26,-62.15767,-58.48384,185.9,7
1,2,8141,2021-2-4T13:18:37,-62.15766,-58.48384,182.7,7
1,2,8142,2021-2-4T13:18:48,-62.15765,-58.48384,179.0,6
1,2,8143,2021-2-4T13:18:59,-62.15765,-58.48384,177.9,7
1,2,8144,2021-2-4T13:19:10,-62.15765,-58.48384,177.5,7
1,2,8145,2021-2-4T13:19:21,-62.15765,-58.48384,178.2,6
1,2,8146,2021-2-4T13:19:32,-62.15765,-58.48383,179.0,7
1,2,8147,2021-2-4T13:19:43,-62.15765,-58.48383,177.5,7
1,2,8148,2021-2-4T13:19:54,-62.15765,-58.48383,178.3,6
1,2,8149,2021-2-4T13:20:5,-62.15765,-58.48384,177.1,6
1,2,8150,2021-2-4T13:20:16,-62.15765,-58.48384,177.4,6
1,2,8151,2021-2-4T13:20:27,-62.15765,-58.48383,178.3,6
1,2,8152,2021-2-4T13:20:38,-62.15765,-58.48383,178.6,6
1,2,8153,2021-2-4T13:20:49,-62.15764,-58.48384,178.0,7
1,2,8154,2021-2-4T13:21:0,-62.15764,-58.48384,177.7,7
1,2,8155,2021-2-4T13:21:11,-62.15765,-58.48384,178.8,6
1,2,8156,2021-2-4T13:21:22,-62.15764,-58.48384,178.7,7
1,2,8157,2021-2-4T13:21:33,-62.15764,-58.48384,178.8,7
1,2,8158,2021-2-4T13:21:44,-62.15764,-58.48384,178.7,7
1,2,8159,2021-2-4T13:21:55,-62.15764,-58.48384,178.3,7
1,2,8160,2021-2-4T13:22:6,-62.15764,-58.48384,178.1,7
1,2,8161,2021-2-4T13:22:17,-62.15764,-58.48384,177.3,7
1,2,8162,2021-2-4T13:22:28,-62.15764,-58.48384,178.1,7
1,2,8163,2021-2-4T13:22:39,-62.15764,-58.48384,178.0,8
1,2,8164,2021-2-4T13:22:50,-62.15764,-58.48384,178.2,7
1,2,8165,2021-2-4T13:23:1,-62.15764,-58.48384,178.2,8
1,2,8166,2021-2-4T13:23:12,-62.15764,-58.48384,177.8,8
1,2,8171,2021-2-4T13:24:6,-62.15765,-58.48384,176.4,8
1,2,8173,2021-2-4T13:24:27,-62.15765,-58.48384,176.1,8
1,2,8174,2021-2-4T13:24:38,-62.15765,-58.48384,175.6,8
1,2,8175,2021-2-4T13:24:49,-62.15765,-58.48384,175.1,8
1,2,8176,2021-2-4T13:25:0,-62.15765,-58.48384,175.1,8
1,2,8177,2021-2-4T13:25:11,-62.15765,-58.48384,175.6,8
1,2,8178,2021-2-4T13:25:22,-62.15765,-58.48384,175.6,8
1,2,8179,2021-2-4T13:25:32,-62.15765,-58.48384,175.3,8
1,2,8180,2021-2-4T13:25:45,-62.15764,-58.48385,176.2,7
1,2,8181,2021-2-4T13:25:56,-62.15764,-58.48385,176.0,7
1,2,8182,2021-2-4T13:26:7,-62.15764,-58.48385,176.1,8
1,2,8183,2021-2-4T13:26:18,-62.15764,-58.48384,176.0,7
1,2,8184,2021-2-4T13:26:29,-62.15764,-58.48384,176.1,8
1,2,8185,2021-2-4T13:26:40,-62.15764,-58.48384,175.7,8
1,2,8186,2021-2-4T13:26:51,-62.15764,-58.48384,176.1,8
1,2,8187,2021-2-4T13:27:2,-62.15764,-58.48384,175.7,6
1,2,8188,2021-2-4T13:27:13,-62.15764,-58.48385,176.5,7
1,2,8189,2021-2-4T13:27:24,-62.15765,-58.48385,176.6,7
1,2,8190,2021-2-4T13:27:35,-62.15765,-58.48385,176.4,8
1,2,8191,2021-2-4T13:27:46,-62.15764,-58.48385,176.4,6
1,2,8192,2021-2-4T13:27:57,-62.15764,-58.48385,176.6,6
1,2,8193,2021-2-4T13:28:8,-62.15765,-58.48385,176.6,6
1,2,8194,2021-2-4T13:28:19,-62.15765,-58.48385,176.8,7
1,2,8195,2021-2-4T13:28:30,-62.15765,-58.48385,177.0,7
1,2,8196,2021-2-4T13:28:41,-62.15765,-58.48385,176.7,8
1,2,8197,2021-2-4T13:28:52,-62.15765,-58.48384,176.5,8
1,2,8198,2021-2-4T13:29:3,-62.15765,-58.48385,175.6,9
1,2,8199,2021-2-4T13:29:14,-62.15765,-58.48385,174.9,10
1,2,8200,2021-2-4T13:29:25,-62.15765,-58.48384,175.3,9
1,2,8201,2021-2-4T13:29:36,-62.15765,-58.48384,175.2,10
1,2,8202,2021-2-4T13:29:47,-62.15765,-58.48385,174.4,10
1,2,8203,2021-2-4T13:29:58,-62.15766,-58.48385,173.8,10
1,2,8204,2021-2-4T13:30:9,-62.15765,-58.48385,176.6,10
1,2,8205,2021-2-4T13:30:20,-62.15765,-58.48385,178.1,10
1,2,8206,2021-2-4T13:30:31,-62.15765,-58.48384,178.2,10
1,2,8212,2021-2-4T13:31:35,-62.15765,-58.48383,177.7,10
1,2,8214,2021-2-4T13:31:57,-62.15766,-58.48383,174.9,9
1,2,8215,2021-2-4T13:32:8,-62.15766,-58.48384,174.7,10
1,2,8216,2021-2-4T13:32:19,-62.15766,-58.48384,175.0,9
1,2,8217,2021-2-4T13:32:30,-62.15765,-58.48384,177.1,9
1,2,8218,2021-2-4T13:32:41,-62.15765,-58.48383,177.8,7
1,2,8219,2021-2-4T13:32:52,-62.15765,-58.48382,178.7,8
1,2,8220,2021-2-4T13:33:3,-62.15764,-58.48382,180.9,7
1,2,8221,2021-2-4T13:33:14,-62.15763,-58.48383,184.5,10
1,2,8222,2021-2-4T13:33:25,-62.15763,-58.48384,186.3,9
1,2,8223,2021-2-4T13:33:36,-62.15762,-58.48384,187.9,8
1,2,8224,2021-2-4T13:33:47,-62.147,0.0,0.0,0
1,2,8225,2021-2-4T13:33:59,-62.15764,-58.48383,182.5,8
1,2,8226,2021-2-4T13:34:10,-62.15764,-58.48383,181.9,8
1,2,8227,2021-2-4T13:34:21,-62.15764,-58.48383,182.0,9
1,2,8228,2021-2-4T13:34:32,-62.15765,-58.48383,180.2,9
1,2,8229,2021-2-4T13:34:43,-62.15765,-58.48382,179.6,9
1,2,8230,2021-2-4T13:34:54,-62.15765,-58.48382,177.6,9
1,2,8231,2021-2-4T13:35:5,-62.15766,-58.48383,175.3,10
1,2,8232,2021-2-4T13:35:16,-62.15766,-58.48383,173.6,9
1,2,8233,2021-2-4T13:35:27,-62.15766,-58.48383,175.4,9
1,2,8234,2021-2-4T13:35:38,-62.15766,-58.48383,174.4,9
1,2,8235,2021-2-4T13:35:49,-62.15766,-58.48384,172.8,9
1,2,8236,2021-2-4T13:36:0,-62.15766,-58.48383,174.1,9
1,2,8237,2021-2-4T13:36:11,-62.15766,-58.48382,174.4,9
1,2,8238,2021-2-4T13:36:22,-62.15767,-58.48383,173.1,9
1,2,8239,2021-2-4T13:36:33,-62.15766,-58.48383,173.7,9
1,2,8240,2021-2-4T13:36:44,-62.15766,-58.48383,173.1,9
1,2,8241,2021-2-4T13:36:55,-62.15767,-58.48384,171.3,8
1,2,8242,2021-2-4T13:37:6,-62.15767,-58.48384,171.4,9
1,2,8243,2021-2-4T13:37:17,-62.15767,-58.48383,172.2,10
1,2,8244,2021-2-4T13:37:28,-62.15767,-58.48383,173.4,10
1,2,8250,2021-2-4T13:38:32,-62.15767,-58.48382,173.9,9
1,2,8251,2021-2-4T13:38:43,-62.15766,-58.48382,174.5,8
1,2,8252,2021-2-4T13:38:54,-62.15766,-58.48381,176.1,8
1,2,8254,2021-2-4T13:39:15,-62.15766,-58.48380,178.1,9
1,2,8255,2021-2-4T13:39:26,-62.15766,-58.48379,178.7,9
1,2,8256,2021-2-4T13:39:37,-62.15766,-58.48379,180.0,9
1,2,8257,2021-2-4T13:39:48,-62.15766,-58.48379,179.3,9
1,2,8258,2021-2-4T13:39:59,-62.15766,-58.48381,177.5,10
1,2,8259,2021-2-4T13:40:10,-62.15765,-58.48380,178.0,10
1,2,8260,2021-2-4T13:40:21,-62.15766,-58.48380,178.2,10
1,2,8261,2021-2-4T13:40:33,-62.15766,-58.48380,179.3,10
1,2,8262,2021-2-4T13:40:44,-62.15765,-58.48379,179.6,10
1,2,8263,2021-2-4T13:40:55,-62.15766,-58.48382,177.4,11
1,2,8264,2021-2-4T13:41:6,-62.15765,-58.48382,177.7,10
1,2,8265,2021-2-4T13:41:17,-62.15765,-58.48383,175.5,11
1,2,8266,2021-2-4T13:41:28,-62.15766,-58.48385,172.0,9
1,2,8267,2021-2-4T13:41:39,-62.15766,-58.48386,170.6,11
1,2,8268,2021-2-4T13:41:50,-62.15766,-58.48386,171.3,11
1,2,8269,2021-2-4T13:42:1,-62.15766,-58.48385,171.2,11
1,2,8270,2021-2-4T13:42:12,-62.15766,-58.48385,171.9,11
1,2,8271,2021-2-4T13:42:23,-62.15766,-58.48385,172.7,11
1,2,8272,2021-2-4T13:42:34,-62.15766,-58.48385,173.5,11
1,2,8273,2021-2-4T13:42:45,-62.15766,-58.48384,175.6,11
1,2,8274,2021-2-4T13:42:56,-62.15766,-58.48384,175.6,11
1,2,8275,2021-2-4T13:43:7,-62.15766,-58.48384,174.5,11
1,2,8276,2021-2-4T13:43:18,-62.15766,-58.48384,173.8,11
1,2,8277,2021-2-4T13:43:29,-62.15767,-58.48385,171.6,10
1,2,8278,2021-2-4T13:43:40,-62.15766,-58.48385,172.8,10
1,2,8279,2021-2-4T13:43:51,-62.15766,-58.48384,175.7,11
1,2,8280,2021-2-4T13:44:2,-62.15766,-58.48384,177.4,11
1,2,8281,2021-2-4T13:44:13,-62.15766,-58.48383,179.6,11
1,2,8282,2021-2-4T13:44:24,-62.15766,-58.48382,181.2,11
1,2,8283,2021-2-4T13:44:35,-62.15766,-58.48380,184.5,11
1,2,8284,2021-2-4T13:44:46,-62.15765,-58.48379,184.0,11
1,2,8285,2021-2-4T13:44:57,-62.15765,-58.48380,182.9,11
1,2,8286,2021-2-4T13:45:8,-62.15765,-58.48378,185.6,11
1,2,8291,2021-2-4T13:46:2,-62.15767,-58.48381,187.9,11
1,2,8293,2021-2-4T13:46:23,-62.15770,-58.48379,195.4,11
1,2,8294,2021-2-4T13:46:34,-62.15772,-58.48378,198.3,10
1,2,8295,2021-2-4T13:46:45,-62.15771,-58.48378,198.6,11
1,2,8296,2021-2-4T13:46:56,-62.15771,-58.0,0.0,0
1,2,8297,2021-2-4T13:47:8,-62.15771,-58.48379,196.4,11
1,2,8298,2021-2-4T13:47:19,-62.15771,-58.48380,195.1,11
1,2,8299,2021-2-4T13:47:30,-62.15771,-58.48381,192.0,11
1,2,8300,2021-2-4T13:47:41,-62.15770,-58.48382,190.1,11
1,2,8301,2021-2-4T13:47:52,-62.15769,-58.48382,188.5,11
1,2,8302,2021-2-4T13:48:3,-62.15768,-58.48383,186.6,11
1,2,8303,2021-2-4T13:48:14,-62.15768,-58.48383,185.2,11
1,2,8304,2021-2-4T13:48:25,-62.15768,-58.48384,183.1,11
1,2,8305,2021-2-4T13:48:36,-62.15767,-58.48384,182.8,11
1,2,8306,2021-2-4T13:48:47,-62.15767,-58.48384,183.4,11
1,2,8307,2021-2-4T13:48:58,-62.15767,-58.48384,184.9,11
1,2,8308,2021-2-4T13:49:9,-62.15767,-58.48383,185.8,11
1,2,8309,2021-2-4T13:49:20,-62.15767,-58.48384,183.1,11
1,2,8310,2021-2-4T13:49:31,-62.15767,-58.48384,181.0,11
1,2,8311,2021-2-4T13:49:42,-62.15767,-58.48384,179.3,10
1,2,8312,2021-2-4T13:49:53,-62.15767,-58.48384,176.4,10
1,2,8313,2021-2-4T13:50:4,-62.15766,-58.48385,175.7,10
1,2,8314,2021-2-4T13:50:15,-62.15766,-58.48384,177.5,11
1,2,8315,2021-2-4T13:50:26,-62.15766,-58.48384,179.3,11
1,2,8316,2021-2-4T13:50:37,-62.15766,-58.48384,178.4,11
1,2,8317,2021-2-4T13:50:48,-62.15766,-58.48384,179.6,11
1,2,8318,2021-2-4T13:50:59,-62.15766,-58.48384,178.7,11
1,2,8319,2021-2-0T0:0:0,0.0,0.0,0.0,0
1,2,8320,2021-2-4T13:51:22,-62.15766,-58.48384,178.5,11
1,2,8321,2021-2-4T13:51:33,-62.15766,-58.48384,178.2,11
1,2,8328,2021-2-4T13:52:48,-62.15766,-58.48385,176.0,11
1,2,8329,2021-2-4T13:52:59,-62.15766,-58.48385,176.1,11
1,2,8330,2021-2-4T13:53:10,-62.15766,-58.48385,175.9,11
1,2,8331,2021-2-4T13:53:21,-62.15766,-58.48385,176.5,11
1,2,8332,2021-2-4T13:53:32,-62.15765,-58.48385,175.8,11
1,2,8333,2021-2-4T13:53:43,-62.15765,-58.48385,174.8,11
1,2,8334,2021-2-4T13:53:54,-62.15765,-58.48385,175.2,11
1,2,8335,2021-2-4T13:54:5,-62.15765,-58.48386,174.6,11
1,2,8336,2021-2-4T13:54:16,-62.15766,-58.48386,174.6,11
1,2,8337,2021-2-4T13:54:27,-62.15766,-58.48386,174.6,10
1,2,8338,2021-2-4T13:54:38,-62.15766,-58.48387,173.6,10
1,2,8339,2021-2-4T13:54:49,-62.15766,-58.48387,173.3,10
1,2,8340,2021-2-4T13:55:0,-62.15765,-58.48387,173.2,10
1,2,8341,2021-2-4T13:55:11,-62.15765,-58.48388,171.5,10
1,2,8342,2021-2-4T13:55:22,-62.149,0.0,0.0,0
1,2,8343,2021-2-4T13:55:34,-62.15766,-58.48388,170.3,10
1,2,8344,2021-2-4T13:55:45,-62.15766,-58.48388,169.9,10
1,2,8345,2021-2-4T13:55:56,-62.15766,-58.48388,170.7,10
1,2,8346,2021-2-4T13:56:7,-62.15766,-58.48389,169.6,10
1,2,8347,2021-2-4T13:56:18,-62.15766,-58.48389,168.8,10
1,2,8348,2021-2-4T13:56:29,-62.15766,-58.48388,169.6,10
1,2,8349,2021-2-4T13:56:40,-62.15766,-58.48388,170.2,10
1,2,8350,2021-2-4T13:56:51,-62.15766,-58.48388,170.8,10
1,2,8351,2021-2-4T13:57:2,-62.15766,-58.48388,171.2,10
1,2,8352,2021-2-4T13:57:13,-62.15766,-58.48388,172.7,10
1,2,8353,2021-2-4T13:57:24,-62.15767,-58.48388,175.0,10
1,2,8354,2021-2-4T13:57:35,-62.15767,-58.48388,173.7,10
1,2,8355,2021-2-4T13:57:46,-62.15766,-58.48387,173.5,10
1,2,8356,2021-2-4T13:57:57,-62.15766,-58.48388,173.1,10
1,2,8357,2021-2-4T13:58:8,-62.15766,-58.48388,171.9,10
1,2,8358,2021-2-4T13:58:19,-62.15766,-58.48388,171.8,11
1,2,8359,2021-2-4T13:58:30,-62.15766,-58.48388,172.1,11
1,2,8360,2021-2-4T13:58:40,-62.15766,-58.48388,172.0,11
1,2,8361,2021-2-4T13:58:51,-62.15766,-58.48388,171.9,11
1,2,8367,2021-2-4T13:59:56,-62.15766,-58.48389,173.5,11
1,2,8368,2021-2-4T14:0:7,-62.15766,-58.48389,172.8,11
1,2,8369,2021-2-4T14:0:18,-62.15766,-58.48389,173.6,11
1,2,8370,2021-2-4T14:0:29,-62.15766,-58.48389,173.9,11
1,2,8371,2021-2-4T14:0:40,-62.15766,-58.48389,174.0,11
1,2,8372,2021-2-4T14:0:51,-62.15767,-58.48390,173.4,11
1,2,8373,2021-2-4T14:1:2,-62.15767,-58.48389,172.7,11
1,2,8374,2021-2-4T14:1:13,-62.15767,-58.48390,173.0,11
1,2,8375,2021-2-4T14:1:24,-62.15767,-58.48390,173.4,11
1,2,8376,2021-2-4T14:1:35,-62.15767,-58.48390,173.6,11
1,2,8377,2021-2-4T14:1:46,-62.15767,-58.48390,172.7,11
1,2,8378,2021-2-4T14:1:57,-62.15767,-58.48389,172.6,11
1,2,8379,2021-2-4T14:2:8,-62.15767,-58.48390,171.8,11
1,2,8380,2021-2-4T14:2:19,-62.15767,-58.48389,172.0,11
1,2,8381,2021-2-4T14:2:30,-62.15766,-58.48388,172.4,11
1,2,8382,2021-2-4T14:2:41,-62.15766,-58.48388,172.9,11
1,2,8383,2021-2-4T14:2:52,-62.15766,-58.48388,173.1,11
1,2,8384,2021-2-4T14:3:3,-62.15766,-58.48388,173.4,11
1,2,8385,2021-2-4T14:3:14,-62.15766,-58.48388,173.1,11
1,2,8386,2021-2-4T14:3:25,-62.15766,-58.48388,172.7,11
1,2,8387,2021-2-4T14:3:36,-62.15766,-58.48389,172.0,11
1,2,8388,2021-2-4T14:3:47,-62.15766,-58.48389,171.8,11
1,2,8389,2021-2-4T14:3:58,-62.15767,-58.48389,172.2,11
1,2,8390,2021-2-4T14:4:9,-62.15767,-58.48390,0.0,0
1,2,0,200-0-0T0:0:0,0.0,0.0,0.0,0
1,2,8392,2021-2-4T14:4:32,-62.15767,-58.48388,172.1,11
1,2,8393,2021-2-4T14:4:43,-62.15767,-58.48388,171.7,11
1,2,8394,2021-2-4T14:4:54,-62.15767,-58.48389,172.1,11
1,2,8395,2021-2-4T14:5:5,-62.15767,-58.48389,171.4,11
1,2,8396,2021-2-4T14:5:16,-62.15767,-58.48389,171.2,11
1,2,8397,2021-2-4T14:5:27,-62.15766,-58.48389,171.4,11
1,2,8398,2021-2-4T14:5:38,-62.15767,-58.48388,171.9,11
1,2,8399,2021-2-4T14:5:49,-62.15766,-58.48388,171.6,11
1,2,8405,2021-2-4T14:6:53,0.0,0.0,0.0,0
1,2,8406,2021-2-4T14:7:4,-62.15766,-58.48388,171.5,11
1,2,8407,2021-2-4T14:7:15,-62.15766,-58.48388,171.7,10
1,2,8408,2021-2-4T14:7:26,-62.15766,-58.48388,0.0,0
1,0,0,200-0-0T0:0:0,0.0,0.0,0.0,0
1,2,8410,2021-2-4T14:7:49,-62.15766,-58.48388,171.5,11
1,2,8411,2021-2-4T14:8:0,-62.15766,-58.48388,170.9,10
1,2,8412,2021-2-4T14:8:11,-62.15766,-58.48388,171.0,11
1,2,8413,2021-2-4T14:8:22,-62.15766,-58.48388,171.0,11
1,2,8414,2021-2-4T14:8:33,-62.15766,-58.48388,171.3,10
1,2,8415,2021-2-4T14:8:44,-62.15766,-58.48388,171.5,11
1,2,8416,2021-2-4T14:8:55,-62.15766,-58.48388,171.5,11
1,2,8417,2021-2-4T14:9:6,-62.15766,-58.48387,171.9,11
1,2,8418,2021-2-4T14:9:17,-62.15766,-58.48388,172.0,11
1,2,8419,2021-2-4T14:9:28,-62.15766,-58.48387,172.0,11
1,2,8420,2021-2-4T14:9:40,-62.15766,-58.48387,171.8,11
1,2,8421,2021-2-4T14:9:51,-62.15765,-58.48387,171.0,11
1,2,8422,2021-2-4T14:10:2,-62.15765,-58.48388,170.6,11
1,2,8423,2021-2-4T14:10:13,-62.15765,-58.48387,170.3,11
1,2,8424,2021-2-4T14:10:24,-62.15765,-58.48388,170.1,11
1,2,8425,2021-2-4T14:10:35,-62.15765,-58.48388,170.3,11
1,2,8426,2021-2-4T14:10:46,-62.15766,-58.48388,170.5,11
1,2,8427,2021-2-4T14:10:57,-62.15765,-58.48388,170.3,11
1,2,8428,2021-2-4T14:11:8,-62.15765,-58.48388,170.0,11
1,2,8429,2021-2-4T14:11:19,-62.15766,-58.48389,169.8,11
1,2,8430,2021-2-4T14:11:30,-62.15766,-58.48389,169.9,10
1,2,8431,2021-2-4T14:11:41,-62.15766,-58.48389,170.1,11
1,2,8432,2021-2-4T14:11:52,-62.15765,-58.48389,169.7,11
1,2,8433,2021-2-4T14:12:3,-62.15765,-58.48388,170.0,11
1,2,8434,2021-2-4T14:12:14,-62.15765,-58.48388,169.9,11
1,2,8435,2021-2-4T14:12:25,-62.15765,-58.48388,169.9,11
1,2,8436,2021-2-4T14:12:36,-62.15765,-58.48388,169.6,11
1,2,8437,2021-2-4T14:12:47,-62.15765,-58.48388,169.0,11
1,2,8438,2021-2-4T14:12:58,-62.15765,-58.48389,168.8,11
1,2,8439,2021-2-4T14:13:9,-62.15765,-58.48388,168.7,10
1,2,8440,2021-2-4T14:13:20,-62.15765,-58.48388,169.0,11
1,2,8441,2021-2-4T14:13:31,-62.15765,-58.48388,169.2,11
1,2,8442,2021-2-4T14:13:42,-62.15765,-58.48388,169.0,11
1,2,8443,2021-2-4T14:13:53,-62.15765,-58.48388,168.8,10
1,2,8453,2021-2-4T14:15:40,-62.15765,-58.48391,173.7,11
1,2,8454,2021-2-4T14:15:51,-62.15765,-58.48389,172.7,11
1,2,8455,2021-2-4T14:16:3,-62.15765,-58.48389,172.3,11
1,2,8456,2021-2-4T14:16:14,-62.15765,-58.48388,171.8,11
1,2,8457,2021-2-4T14:16:25,-62.15765,-58.48388,171.8,11
1,2,8458,2021-2-4T14:16:36,-62.15765,-58.48388,171.5,11
1,2,8459,2021-2-4T14:16:47,-62.15765,-58.48388,171.4,11
1,2,8460,2021-2-4T14:16:58,-62.15765,-58.48388,170.6,11
1,2,8461,2021-2-4T14:17:9,-62.15765,-58.48388,170.3,11
1,2,8462,2021-2-4T14:17:20,-62.15765,-58.48388,170.1,11
1,2,8463,2021-2-4T14:17:31,-62.15765,-58.48388,170.1,11
1,2,8464,2021-2-4T14:17:42,-62.15765,-58.48388,169.4,11
1,2,8465,2021-2-4T14:17:53,-62.15765,-58.48388,169.0,11
1,2,8466,2021-2-4T14:18:4,-62.15765,-58.48388,169.1,11
1,2,8467,2021-2-4T14:18:15,-62.15767,-58.48388,171.2,10
1,2,8468,2021-2-4T14:18:26,-62.15766,-58.48388,170.3,11
1,2,8469,2021-2-4T14:18:37,-62.15765,-58.48387,170.3,11
1,2,8470,2021-2-4T14:18:48,-62.15765,-58.48387,170.4,11
1,2,8471,2021-2-4T14:18:59,-62.15765,-58.48387,170.0,11
1,2,8472,2021-2-4T14:19:10,-62.15764,-58.48387,169.9,10
1,2,8473,2021-2-4T14:19:21,-62.15764,-58.48387,169.5,11
1,2,8474,2021-2-4T14:19:32,-62.15764,-58.48387,170.2,11
1,2,8475,2021-2-4T14:19:43,-62.15764,-58.48387,169.5,11
1,2,8476,2021-2-4T14:19:54,-62.15764,-58.48387,169.4,11
1,2,8477,2021-2-4T14:20:5,-62.15764,-58.48387,169.7,10
1,2,8478,2021-2-4T14:20:16,-62.15764,-58.48386,169.8,11
1,2,8479,2021-2-4T14:20:27,-62.15764,-58.48386,169.6,10
1,2,8480,2021-2-4T14:20:38,-62.15764,-58.48386,169.8,11
1,2,8481,2021-2-4T14:20:49,-62.15764,-58.48386,170.0,10
1,2,8482,2021-2-4T14:21:0,-62.15764,-58.48386,169.9,11
1,2,8483,2021-2-4T14:21:11,-62.15764,-58.48386,170.1,11
1,2,8484,2021-2-4T14:21:22,-62.15763,-58.48386,169.4,11
1,2,8485,2021-2-4T14:21:33,-62.15763,-58.48386,169.3,10
1,2,8486,2021-2-4T14:21:44,-62.15763,-58.48386,169.1,11
1,2,8487,2021-2-4T14:21:55,-62.15763,-58.48386,168.5,10
1,2,8488,2021-2-4T14:22:6,-62.15762,-58.48386,167.8,11
1,2,8489,2021-2-4T14:22:17,-62.15762,-58.48386,167.3,11
1,2,8490,2021-2-4T14:22:28,-62.15762,-58.48386,166.9,11
1,2,8491,2021-2-4T14:22:39,-62.15762,-58.48386,166.8,11
1,2,8492,2021-2-4T14:22:50,-62.15762,-58.48386,167.2,11
1,2,8493,2021-2-4T14:23:1,-62.15763,-58.48386,167.3,11
1,2,8494,2021-2-4T14:23:12,-62.15762,-58.48386,167.6,11
1,2,8495,2021-2-4T14:23:23,-62.15762,-58.48386,167.7,11
1,2,8496,2021-2-4T14:23:34,-62.15762,-58.48386,167.9,11
1,2,8497,2021-2-4T14:23:45,-62.15762,-58.48386,167.9,11
1,2,8498,2021-2-4T14:23:56,-62.15762,-58.48386,167.5,11
1,2,8499,2021-2-4T14:24:7,-62.15763,-58.48386,168.5,11
1,2,8500,2021-2-4T14:24:18,-62.15763,-58.48386,169.1,11
1,2,8501,2021-2-4T14:24:29,-62.15763,-58.48385,169.3,11
1,2,8502,2021-2-4T0:0:0,0.0,0.0,0.0,0
1,2,8504,2021-2-4T14:25:3,-62.15765,-58.48385,173.1,12
1,2,8505,2021-2-4T14:25:14,-62.15764,-58.48386,172.5,11
1,2,8506,2021-2-4T14:25:25,-62.15763,-58.48385,170.5,12
1,2,8513,2021-2-4T14:26:40,-62.15773,-58.48364,163.4,12
1,2,8514,2021-2-4T14:26:51,-62.15779,-58.48362,160.6,12
1,2,8515,2021-2-4T14:27:2,-62.15783,-58.48357,159.6,12
1,2,8516,2021-2-4T14:27:13,-62.15784,-58.48354,159.9,12
1,2,8517,2021-2-4T14:27:24,-62.15789,-58.48340,154.7,12
1,2,8532,2021-2-4T0:0:0,0.0,0.0,0.0,0
1,2,8533,2021-2-4T14:30:18,-62.15912,-58.48074,99.7,12
1,2,8534,2021-2-4T14:30:29,-62.15919,-58.48056,97.2,12
1,2,8535,2021-2-4T14:30:40,-62.15929,-58.48045,92.2,12
1,2,8536,2021-2-4T14:30:51,-62.15937,-58.48030,89.2,12
1,2,8537,2021-2-4T14:31:2,-62.15936,-58.48010,87.8,12
1,2,8540,2021-2-4T14:31:35,-62.15922,-58.47950,78.0,12
1,2,8542,2021-2-4T14:31:57,-62.15917,-58.47907,70.0,12
1,2,8543,2021-2-4T14:32:8,-62.15919,-58.47890,67.0,12
1,2,8544,2021-2-4T14:32:19,-62.15925,-58.47877,60.6,12
1,2,8545,2021-2-4T14:32:30,-62.15932,-58.47865,57.8,12
1,2,8546,2021-2-4T14:32:41,-62.15934,-58.47843,54.5,12
1,2,8548,2021-2-4T14:33:3,-62.15952,-58.47812,48.0,12
1,2,8549,2021-2-4T14:33:14,-62.15961,-58.47802,44.7,12
1,2,8550,2021-2-4T14:33:25,-62.15961,-58.47782,42.2,12
1,2,8551,2021-2-4T14:33:36,-62.15956,-58.47764,37.3,12
1,2,8552,2021-2-4T14:33:47,-62.15949,-58.47744,34.8,12
1,2,8554,2021-2-4T14:34:9,-62.15948,-58.47705,28.1,12
1,2,8555,2021-2-4T14:34:20,-62.15947,-58.47685,25.3,12
1,2,8556,2021-2-4T14:34:31,-62.15950,-58.47669,20.3,11
1,2,8557,2021-2-4T14:34:42,-62.15954,-58.47652,16.8,12
1,2,8558,2021-2-4T14:34:53,-62.15958,-58.47625,16.3,11
1,2,8559,2021-2-4T14:35:4,-62.15962,-58.47596,13.8,12
1,2,8560,2021-2-4T14:35:15,-62.15967,-58.47569,12.7,12
1,2,8561,2021-2-4T14:35:26,-62.15973,-58.47541,8.8,12
1,2,8562,2021-2-4T14:35:37,-62.15981,-58.47512,8.3,12
1,2,8564,2021-2-4T14:35:58,-62.15980,-58.47472,0.0,0
1,2,8574,2021-2-4T14:37:46,-62.15993,-58.47393,16.3,8
1,2,8577,2021-2-4T14:38:18,-62.15998,-58.47375,0.0,0
1,2,8579,2021-2-4T14:38:40,-62.16001,-58.47359,19.1,12
1,2,8589,2021-2-5T14:40:28,-62.16033,-58.47340,23.6,10
1,2,8590,2021-2-5T14:40:39,-62.16033,-58.47390,21.3,9
1,2,8591,2021-2-5T14:40:50,-62.16032,-58.47382,18.7,8
1,2,8593,2021-2-5T14:41:12,-62.16033,-58.47345,14.2,6
1,2,8623,2021-2-5T14:46:38,-62.15976,-58.47298,10.5,12
1,2,8624,2021-2-5T14:46:49,-62.15967,-58.47275,9.8,12
1,2,8625,2021-2-5T14:47:0,-62.15959,-58.47253,7.9,12
1,2,8626,2021-2-5T14:47:12,-62.15950,-58.47229,6.6,12
1,2,8627,2021-2-5T14:47:23,-62.15942,-58.47200,7.0,12
1,2,8628,2021-2-5T14:47:34,-62.15934,-58.47166,8.0,12
1,2,8629,2021-2-5T14:47:45,-62.15921,-58.47144,8.8,12
1,2,8630,2021-2-5T14:47:56,-62.15911,-58.47126,7.1,12
1,2,8631,2021-2-5T14:48:7,-62.15910,-58.47107,2.3,12
1,2,8632,2021-2-5T14:48:18,-62.15915,-58.47097,0.9,12
1,2,8633,2021-2-5T14:48:29,-62.15921,-58.47123,-7.2,7
1,2,8634,2021-2-5T14:48:40,0.0,-1.33929,-7.9,7
1,2,8635,2021-2-5T14:48:51,0.0,-1.33929,-7.9,7
