1,2,8308,2021-2-4T13:49:9,-62.15767,-58.48383,185.8,11
1,2,8309,2021-2-4T13:49:20,-62.15767,-58.48384,183.1,11
1,2,8310,2021-2-4T13:49:31,-62.15767,-58.48384,181.0,11
1,2,8311,2021-2-4T13:49:42,-62.15767,-58.48384,179.3,10
1,2,8312,2021-2-4T13:49:53,-62.15767,-58.48384,176.4,10
1,2,8313,2021-2-4T13:50:4,-62.15766,-58.48385,175.7,10
1,2,8314,2021-2-4T13:50:15,-62.15766,-58.48384,177.5,11
1,2,8315,2021-2-4T13:50:26,-62.15766,-58.48384,179.3,11
1,2,8316,2021-2-4T13:50:37,-62.15766,-58.48384,178.4,11
1,2,8317,2021-2-4T13:50:48,-62.15766,-58.48384,179.6,11
1,2,8318,2021-2-4T13:50:59,-62.15766,-58.48384,178.7,11
1,2,8319,2021-2-0T0:0:0,0.0,0.0,0.0,0
1,2,8320,2021-2-4T13:51:22,-62.15766,-58.48384,178.5,11
1,2,8321,2021-2-4T13:51:33,-62.15766,-58.48384,178.2,11
1,2,8328,2021-2-4T13:52:48,-62.15766,-58.48385,176.0,11
1,2,8329,2021-2-4T13:52:59,-62.15766,-58.48385,176.1,11
1,2,8330,2021-2-4T13:53:10,-62.15766,-58.48385,175.9,11
1,2,8331,2021-2-4T13:53:21,-62.15766,-58.48385,176.5,11
1,2,8332,2021-2-4T13:53:32,-62.15765,-58.48385,175.8,11
1,2,8333,2021-2-4T13:53:43,-62.15765,-58.48385,174.8,11
1,2,8334,2021-2-4T13:53:54,-62.15765,-58.48385,175.2,11
1,2,8335,2021-2-4T13:54:5,-62.15765,-58.48386,174.6,11
1,2,8336,2021-2-4T13:54:16,-62.15766,-58.48386,174.6,11
1,2,8337,2021-2-4T13:54:27,-62.15766,-58.48386,174.6,10
1,2,8338,2021-2-4T13:54:38,-62.15766,-58.48387,173.6,10
1,2,8339,2021-2-4T13:54:49,-62.15766,-58.48387,173.3,10
1,2,8340,2021-2-4T13:55:0,-62.15765,-58.48387,173.2,10
1,2,8341,2021-2-4T13:55:11,-62.15765,-58.48388,171.5,10
1,2,8342,2021-2-4T13:55:22,-62.149,0.0,0.0,0
1,2,8343,2021-2-4T13:55:34,-62.15766,-58.48388,170.3,10
1,2,8344,2021-2-4T13:55:45,-62.15766,-58.48388,169.9,10
1,2,8345,2021-2-4T13:55:56,-62.15766,-58.48388,170.7,10
1,2,8346,2021-2-4T13:56:7,-62.15766,-58.48389,169.6,10
1,2,8347,2021-2-4T13:56:18,-62.15766,-58.48389,168.8,10
1,2,8348,2021-2-4T13:56:29,-62.15766,-58.48388,169.6,10
1,2,8349,2021-2-4T13:56:40,-62.15766,-58.48388,170.2,10
1,2,8350,2021-2-4T13:56:51,-62.15766,-58.48388,170.8,10
1,2,8351,2021-2-4T13:57:2,-62.15766,-58.48388,171.2,10
1,2,8352,2021-2-4T13:57:13,-62.15766,-58.48388,172.7,10
1,2,8353,2021-2-4T13:57:24,-62.15767,-58.48388,175.0,10
1,2,8354,2021-2-4T13:57:35,-62.15767,-58.48388,173.7,10
1,2,8355,2021-2-4T13:57:46,-62.15766,-58.48387,173.5,10
1,2,8356,2021-2-4T13:57:57,-62.15766,-58.48388,173.1,10
1,2,8357,2021-2-4T13:58:8,-62.15766,-58.48388,171.9,10
1,2,8358,2021-2-4T13:58:19,-62.15766,-58.48388,171.8,11
1,2,8359,2021-2-4T13:58:30,-62.15766,-58.48388,172.1,11
1,2,8360,2021-2-4T13:58:40,-62.15766,-58.48388,172.0,11
1,2,8361,2021-2-4T13:58:51,-62.15766,-58.48388,171.9,11
1,2,8367,2021-2-4T13:59:56,-62.15766,-58.48389,173.5,11
1,2,8368,2021-2-4T14:0:7,-62.15766,-58.48389,172.8,11
1,2,8369,2021-2-4T14:0:18,-62.15766,-58.48389,173.6,11
1,2,8370,2021-2-4T14:0:29,-62.15766,-58.48389,173.9,11
1,2,8371,2021-2-4T14:0:40,-62.15766,-58.48389,174.0,11
1,2,8372,2021-2-4T14:0:51,-62.15767,-58.48390,173.4,11
1,2,8373,2021-2-4T14:1:2,-62.15767,-58.48389,172.7,11
1,2,8374,2021-2-4T14:1:13,-62.15767,-58.48390,173.0,11
1,2,8375,2021-2-4T14:1:24,-62.15767,-58.48390,173.4,11
1,2,8376,2021-2-4T14:1:35,-62.15767,-58.48390,173.6,11
1,2,8377,2021-2-4T14:1:46,-62.15767,-58.48390,172.7,11
1,2,8378,2021-2-4T14:1:57,-62.15767,-58.48389,172.6,11
1,2,8379,2021-2-4T14:2:8,-62.15767,-58.48390,171.8,11
1,2,8380,2021-2-4T14:2:19,-62.15767,-58.48389,172.0,11
1,2,8381,2021-2-4T14:2:30,-62.15766,-58.48388,172.4,11
1,2,8382,2021-2-4T14:2:41,-62.15766,-58.48388,172.9,11
1,2,8383,2021-2-4T14:2:52,-62.15766,-58.48388,173.1,11
1,2,8384,2021-2-4T14:3:3,-62.15766,-58.48388,173.4,11
1,2,8385,2021-2-4T14:3:14,-62.15766,-58.48388,173.1,11
1,2,8386,2021-2-4T14:3:25,-62.15766,-58.48388,172.7,11
1,2,8387,2021-2-4T14:3:36,-62.15766,-58.48389,172.0,11
1,2,8388,2021-2-4T14:3:47,-62.15766,-58.48389,171.8,11
1,2,8389,2021-2-4T14:3:58,-62.15767,-58.48389,172.2,11
1,2,8390,2021-2-4T14:4:9,-62.15767,-58.48390,0.0,0
1,2,0,200-0-0T0:0:0,0.0,0.0,0.0,0
1,2,8392,2021-2-4T14:4:32,-62.15767,-58.48388,172.1,11
1,2,8393,2021-2-4T14:4:43,-62.15767,-58.48388,171.7,11
1,2,8394,2021-2-4T14:4:54,-62.15767,-58.48389,172.1,11
1,2,8395,2021-2-4T14:5:5,-62.15767,-58.48389,171.4,11
1,2,8396,2021-2-4T14:5:16,-62.15767,-58.48389,171.2,11
1,2,8397,2021-2-4T14:5:27,-62.15766,-58.48389,171.4,11
1,2,8398,2021-2-4T14:5:38,-62.15767,-58.48388,171.9,11
1,2,8399,2021-2-4T14:5:49,-62.15766,-58.48388,171.6,11
1,2,8405,2021-2-4T14:6:53,0.0,0.0,0.0,0
1,2,8406,2021-2-4T14:7:4,-62.15766,-58.48388,171.5,11
1,2,8407,2021-2-4T14:7:15,-62.15766,-58.48388,171.7,10
1,2,8408,2021-2-4T14:7:26,-62.15766,-58.48388,0.0,0
1,0,0,200-0-0T0:0:0,0.0,0.0,0.0,0
1,2,8410,2021-2-4T14:7:49,-62.15766,-58.48388,171.5,11
1,2,8411,2021-2-4T14:8:0,-62.15766,-58.48388,170.9,10
1,2,8412,2021-2-4T14:8:11,-62.15766,-58.48388,171.0,11
1,2,8413,2021-2-4T14:8:22,-62.15766,-58.48388,171.0,11
1,2,8414,2021-2-4T14:8:33,-62.15766,-58.48388,171.3,10
1,2,8415,2021-2-4T14:8:44,-62.15766,-58.48388,171.5,11
1,2,8416,2021-2-4T14:8:55,-62.15766,-58.48388,171.5,11
1,2,8417,2021-2-4T14:9:6,-62.15766,-58.48387,171.9,11
1,2,8418,2021-2-4T14:9:17,-62.15766,-58.48388,172.0,11
1,2,8419,2021-2-4T14:9:28,-62.15766,-58.48387,172.0,11
1,2,8420,2021-2-4T14:9:40,-62.15766,-58.48387,171.8,11
1,2,8421,2021-2-4T14:9:51,-62.15765,-58.48387,171.0,11
1,2,8422,2021-2-4T14:10:2,-62.15765,-58.48388,170.6,11
1,2,8423,2021-2-4T14:10:13,-62.15765,-58.48387,170.3,11
