2021-2-8T14:1:34,-62.15917,-58.47106,5.0
2021-2-8T14:1:45,-62.15916,-58.47106,5.3
2021-2-8T14:1:55,-62.15916,-58.47107,4.7
2021-2-8T14:2:6,-62.15914,-58.47105,6.0
2021-2-8T14:2:16,-62.15914,-58.47103,6.0
2021-2-8T14:2:27,-62.15914,-58.47103,5.1
2021-2-8T14:2:37,-62.15914,-58.47101,4.7
2021-2-8T14:2:48,-62.15914,-58.47098,4.4
2021-2-8T14:2:58,-62.15914,-58.47098,4.1
2021-2-8T14:3:9,-62.15914,-58.47097,4.1
2021-2-8T14:3:20,-62.15914,-58.47096,3.8
2021-2-8T14:3:30,-62.15914,-58.47098,4.0
2021-2-8T14:3:38,-62.15914,-58.47098,4.2
2021-2-8T14:3:48,-62.15914,-58.47097,3.7
2021-2-8T14:3:59,-62.15914,-58.47096,3.1
2021-2-8T14:4:9,-62.15914,-58.47094,3.6
2021-2-8T14:4:20,-62.15914,-58.47096,3.9
2021-2-8T14:4:30,-62.15914,-58.47097,3.8
2021-2-8T14:4:41,-62.15913,-58.47098,3.7
2021-2-8T14:4:51,-62.15914,-58.47100,4.6
2021-2-8T14:5:2,-62.15914,-58.47100,4.8
2021-2-8T14:5:12,-62.15914,-58.47101,4.5
2021-2-8T14:5:23,-62.15914,-58.47102,4.4
2021-2-8T14:5:34,-62.15914,-58.47103,4.1
2021-2-8T14:5:44,-62.15914,-58.47102,4.5
2021-2-8T14:5:55,-62.15914,-58.47103,4.7
2021-2-8T14:6:5,-62.15914,-58.47105,4.8
2021-2-8T14:6:16,-62.15915,-58.47106,4.9
2021-2-8T14:6:26,-62.15916,-58.47108,4.9
2021-2-8T14:6:37,-62.15915,-58.47108,5.0
2021-2-8T14:6:47,-62.15915,-58.47108,5.6
2021-2-8T14:6:58,-62.15915,-58.47108,5.5
2021-2-8T14:7:8,-62.15916,-58.47110,5.5
2021-2-8T14:7:19,-62.15916,-58.47110,5.7
2021-2-8T14:7:29,-62.15916,-58.47111,5.6
2021-2-8T14:7:40,-62.15917,-58.47113,5.5
2021-2-8T14:7:50,-62.15917,-58.47113,5.4
2021-2-8T14:8:1,-62.15917,-58.47114,4.7
2021-2-8T14:8:12,-62.15918,-58.47116,3.9
2021-2-8T14:8:22,-62.15918,-58.47118,4.0
2021-2-8T14:8:33,-62.15918,-58.47118,4.2
2021-2-8T14:8:43,-62.15917,-58.47113,4.4
2021-2-8T14:8:54,-62.15915,-58.47105,5.0
2021-2-8T14:9:4,-62.15914,-58.47100,5.5
2021-2-8T14:9:15,-62.15913,-58.47095,5.9
2021-2-8T14:9:25,-62.15913,-58.47095,6.4
2021-2-8T14:9:36,-62.15913,-58.47096,6.4
2021-2-8T14:9:46,-62.15913,-58.47097,6.6
2021-2-8T14:9:57,-62.15913,-58.47097,6.7
2021-2-8T14:10:7,-62.15913,-58.47098,7.2
2021-2-8T14:10:18,-62.15914,-58.47102,7.7
2021-2-8T14:10:29,-62.15914,-58.47102,8.8
2021-2-8T14:10:39,-62.15913,-58.47100,9.7
2021-2-8T14:10:50,-62.15914,-58.47101,10.0
2021-2-8T14:11:0,-62.15914,-58.47101,10.5
2021-2-8T14:11:11,-62.15914,-58.47101,10.9
2021-2-8T14:11:21,-62.15914,-58.47102,10.8
2021-2-8T14:11:32,-62.15914,-58.47103,10.9
2021-2-8T14:11:42,-62.15914,-58.47102,11.4
2021-2-8T14:11:53,-62.15914,-58.47102,12.0
2021-2-8T14:12:3,-62.15914,-58.47103,12.2
2021-2-8T14:12:14,-62.15915,-58.47105,12.5
2021-2-8T14:12:24,-62.15915,-58.47106,12.7
2021-2-8T14:12:35,-62.15915,-58.47106,13.0
2021-2-8T14:12:46,-62.15915,-58.47105,12.7
2021-2-8T14:12:56,-62.15915,-58.47105,12.9
2021-2-8T14:13:7,-62.15915,-58.47105,12.6
2021-2-8T14:13:17,-62.15915,-58.47104,12.4
2021-2-8T14:13:28,-62.15915,-58.47103,12.4
2021-2-8T14:13:38,-62.15914,-58.47102,12.2
2021-2-8T14:13:49,-62.15914,-58.47099,11.7
2021-2-8T14:13:59,-62.15914,-58.47097,11.3
2021-2-8T14:14:10,-62.15914,-58.47096,10.7
2021-2-8T14:14:20,-62.15914,-58.47095,9.7
2021-2-8T14:14:31,-62.15914,-58.47092,8.6
2021-2-8T14:14:42,-62.15914,-58.47089,7.7
2021-2-8T14:14:52,-62.15913,-58.47089,7.7
2021-2-8T14:15:3,-62.15913,-58.47089,7.7
2021-2-8T14:15:13,-62.15913,-58.47092,7.6
2021-2-8T14:15:24,-62.15914,-58.47094,7.6
2021-2-8T14:15:34,-62.15915,-58.47097,7.3
2021-2-8T14:15:45,-62.15915,-58.47099,7.7
2021-2-8T14:15:55,-62.15915,-58.47101,7.8
2021-2-8T14:16:6,-62.15915,-58.47102,7.9
2021-2-8T14:16:16,-62.15916,-58.47104,8.1
2021-2-8T14:16:27,-62.15916,-58.47105,8.2
2021-2-8T14:16:37,-62.15917,-58.47106,8.2
2021-2-8T14:16:48,-62.15916,-58.47106,8.7
2021-2-8T14:16:59,-62.15916,-58.47106,9.3
2021-2-8T14:17:9,-62.15916,-58.47106,10.0
2021-2-8T14:17:20,-62.15915,-58.47106,10.5
2021-2-8T14:17:30,-62.15916,-58.47106,10.7
2021-2-8T14:17:41,-62.15915,-58.47106,11.2
2021-2-8T14:17:51,-62.15915,-58.47106,11.1
2021-2-8T14:18:2,-62.15915,-58.47106,11.2
2021-2-8T14:18:12,-62.15915,-58.47106,10.9
2021-2-8T14:18:23,-62.15915,-58.47106,10.8
2021-2-8T14:18:33,-62.15914,-58.47106,10.9
2021-2-8T14:18:44,-62.15914,-58.47105,11.0
2021-2-8T14:18:55,-62.15914,-58.47105,10.7
200-0-0T14:27:0,-62.15931,-58.47148,-3.1
200-0-0T14:27:11,-62.15937,-58.47167,-3.8
200-0-0T14:27:21,-62.15930,-58.47154,-4.0
200-0-0T14:27:32,-62.15933,-58.47152,-4.0
200-0-0T14:27:43,-62.15930,-58.47141,-4.1
200-0-0T14:27:53,-62.15927,-58.47136,-4.4
200-0-0T14:28:4,-62.15929,-58.47140,-5.1
200-0-0T14:28:14,-62.15929,-58.47146,-7.0
200-0-0T14:28:25,-62.15926,-58.47140,-7.3
200-0-0T14:28:35,-62.15922,-58.47132,-7.5
200-0-0T14:28:46,-62.15923,-58.47133,-7.7
200-0-0T14:28:56,-62.15925,-58.47140,-8.2
200-0-0T14:29:7,-62.15927,-58.47142,-7.1
200-0-0T14:29:17,-62.15927,-58.47144,-5.8
200-0-0T14:29:28,-62.15926,-58.47141,-4.5
200-0-0T14:29:38,-62.15923,-58.47134,-4.6
200-0-0T14:29:49,-62.15922,-58.47135,-8.9
200-0-0T14:29:59,-62.15921,-58.47136,-11.5
200-0-0T14:30:10,-62.15920,-58.47134,-10.0
2021-2-8T14:37:11,-62.15912,-58.47078,56.0
2021-2-8T14:37:22,-62.15910,-58.47078,57.2
2021-2-8T14:37:33,-62.15913,-58.47077,43.1
2021-2-8T14:37:43,-62.15913,-58.47077,36.6
2021-2-8T14:37:54,-62.15912,-58.47077,31.3
2021-2-8T14:38:4,-62.15912,-58.47075,26.6
2021-2-8T14:38:15,-62.15912,-58.47074,22.8
2021-2-8T14:38:25,-62.15912,-58.47072,19.9
2021-2-8T14:38:36,-62.15912,-58.47070,17.8
2021-2-8T14:38:46,-62.15911,-58.47071,16.5
2021-2-8T14:38:57,-62.15911,-58.47072,15.6
2021-2-8T14:39:7,-62.15911,-58.47072,14.7
2021-2-8T14:39:18,-62.15912,-58.47071,13.7
2021-2-8T14:39:28,-62.15912,-58.47071,13.4
2021-2-8T14:39:39,-62.15912,-58.47070,12.5
2021-2-8T14:39:50,-62.15912,-58.47069,11.6
2021-2-8T14:40:0,-62.15912,-58.47068,11.0
2021-2-8T14:40:11,-62.15911,-58.47067,10.2
2021-2-8T14:40:21,-62.15911,-58.47067,10.1
2021-2-8T14:40:32,-62.15911,-58.47066,10.2
2021-2-8T14:40:43,-62.15911,-58.47067,10.2
2021-2-8T14:40:53,-62.15911,-58.47067,10.8
2021-2-8T14:41:4,-62.15911,-58.47067,10.6
2021-2-8T14:41:11,-62.15910,-58.47066,9.9
2021-2-8T14:41:22,-62.15910,-58.47066,9.5
2021-2-8T14:41:32,-62.15910,-58.47066,9.2
2021-2-8T14:41:43,-62.15910,-58.47067,8.5
2021-2-8T14:41:53,-62.15910,-58.47067,8.4
2021-2-8T14:42:4,-62.15910,-58.47067,8.1
2021-2-8T14:42:14,-62.15910,-58.47068,8.1
2021-2-8T14:42:25,-62.15910,-58.47067,8.4
2021-2-8T14:42:35,-62.15910,-58.47067,8.9
2021-2-8T14:42:46,-62.15910,-58.47067,9.5
2021-2-8T14:42:57,-62.15910,-58.47068,10.9
2021-2-8T14:43:7,-62.15911,-58.47069,12.1
2021-2-8T14:43:18,-62.15911,-58.47070,13.6
2021-2-8T14:43:28,-62.15911,-58.47071,14.3
2021-2-8T14:43:39,-62.15911,-58.47071,15.4
2021-2-8T14:43:49,-62.15912,-58.47071,15.7
2021-2-8T14:44:0,-62.15912,-58.47072,16.0
2021-2-8T14:44:10,-62.15913,-58.47072,16.3
2021-2-8T14:44:21,-62.15913,-58.47074,17.5
2021-2-8T14:44:31,-62.15913,-58.47074,18.6
2021-2-8T14:44:42,-62.15913,-58.47074,19.0
2021-2-8T14:44:53,-62.15913,-58.47075,19.7
2021-2-8T14:45:3,-62.15914,-58.47075,20.8
2021-2-8T14:45:14,-62.15914,-58.47075,21.8
2021-2-8T14:45:24,-62.15913,-58.47075,21.5
2021-2-8T14:45:35,-62.15914,-58.47075,21.6
2021-2-8T14:45:45,-62.15913,-58.47075,21.1
2021-2-8T14:45:56,-62.15913,-58.47075,21.2
2021-2-8T14:46:6,-62.15913,-58.47074,20.1
2021-2-8T14:46:17,-62.15912,-58.47073,18.2
2021-2-8T14:46:27,-62.15912,-58.47071,15.3
2021-2-8T14:46:38,-62.15911,-58.47070,13.7
2021-2-8T14:46:49,-62.15911,-58.47068,11.9
2021-2-8T14:46:59,-62.15911,-58.47067,10.9
2021-2-8T14:47:10,-62.15910,-58.47067,10.2
2021-2-8T14:47:20,-62.15910,-58.47067,9.6
2021-2-8T14:47:31,-62.15910,-58.47067,9.2
2021-2-8T14:47:41,-62.15910,-58.47066,9.0
2021-2-8T14:47:52,-62.15910,-58.47066,8.3
2021-2-8T14:48:2,-62.15911,-58.47066,8.2
2021-2-8T14:48:13,-62.15911,-58.47065,7.9
2021-2-8T14:48:23,-62.15910,-58.47065,7.7
2021-2-8T14:48:34,-62.15910,-58.47065,8.0
2021-2-8T14:48:44,-62.15910,-58.47066,8.0
2021-2-8T14:48:55,-62.15910,-58.47066,8.0
2021-2-8T14:49:6,-62.15910,-58.47066,7.7
2021-2-8T14:49:16,-62.15910,-58.47066,7.5
2021-2-8T14:49:27,-62.15910,-58.47066,7.0
2021-2-8T14:49:37,-62.15910,-58.47066,7.0
2021-2-8T14:49:48,-62.15910,-58.47066,7.2
2021-2-8T14:49:58,-62.15910,-58.47067,7.4
2021-2-8T14:50:9,-62.15910,-58.47067,7.9
2021-2-8T14:50:20,-62.15911,-58.47067,7.8
2021-2-8T14:50:30,-62.15911,-58.47067,8.2
2021-2-8T14:50:41,-62.15910,-58.47067,8.0
2021-2-8T14:50:52,-62.15910,-58.47066,7.8
2021-2-8T14:51:2,-62.15910,-58.47066,7.5
2021-2-8T14:51:13,-62.15911,-58.47066,7.7
2021-2-8T14:51:23,-62.15911,-58.47066,7.5
2021-2-8T14:51:34,-62.15911,-58.47066,7.5
2021-2-8T14:51:45,-62.15910,-58.47066,7.7
2021-2-8T14:51:55,-62.15910,-58.47066,7.9
2021-2-8T14:52:6,-62.15910,-58.47066,7.7
2021-2-8T14:52:16,-62.15910,-58.47066,7.9
2021-2-8T14:52:27,-62.15910,-58.47070,7.6
2021-2-8T14:52:38,-62.15918,-58.47095,4.9
2021-2-8T14:52:48,0.0,-1.33929,7.0
2021-2-8T15:0:57,-62.15908,-58.47144,3.1
2021-2-8T15:1:8,-62.15924,-58.47111,47.9
2021-2-8T15:1:19,-62.15928,-58.47113,51.7
2021-2-8T15:1:29,-62.15926,-58.47108,54.3
2021-2-8T15:1:40,-62.15928,-58.47109,56.9
2021-2-8T15:1:50,-62.15928,-58.47113,58.3
2021-2-8T15:2:1,-62.15929,-58.47106,60.8
2021-2-8T15:2:12,-62.15930,-58.47114,60.2
2021-2-8T15:2:22,-62.15931,-58.47118,61.5
2021-2-8T15:2:33,-62.15934,-58.47155,57.2
2021-2-8T15:2:43,-62.15934,-58.47143,60.0
2021-2-8T15:2:54,-62.15933,-58.47136,60.1
2021-2-8T15:3:5,-62.15932,-58.47128,58.8
2021-2-8T15:3:15,-62.15932,-58.47132,57.0
2021-2-8T15:3:26,-62.15931,-58.47129,55.0
2021-2-8T15:3:36,-62.15932,-58.47139,52.7
2021-2-8T15:3:47,-62.15932,-58.47144,51.3
2021-2-8T15:3:58,-62.15932,-58.47147,51.0
2021-2-8T15:4:8,-62.15933,-58.47148,50.2
2021-2-8T15:4:19,-62.15928,-58.47134,48.0
2021-2-8T15:4:29,-62.15927,-58.47127,47.0
2021-2-8T15:4:40,-62.15926,-58.47123,45.2
2021-2-8T15:4:51,-62.15926,-58.47123,44.3
2021-2-8T15:5:1,-62.15927,-58.47122,43.7
2021-2-8T15:5:12,-62.15926,-58.47120,44.0
2021-2-8T15:5:22,-62.15926,-58.47120,45.7
2021-2-8T15:5:33,-62.15928,-58.47123,46.8
2021-2-8T15:5:44,-62.15930,-58.47131,50.2
2021-2-8T15:5:54,-62.15932,-58.47137,54.1
2021-2-8T15:6:5,-62.15931,-58.47135,56.6
2021-2-8T15:6:12,-62.15930,-58.47135,57.5
2021-2-8T15:6:23,-62.15929,-58.47131,57.9
2021-2-8T15:6:34,-62.15928,-58.47131,56.0
2021-2-8T15:6:44,-62.15928,-58.47133,55.1
2021-2-8T15:6:55,-62.15926,-58.47133,53.9
2021-2-8T15:7:5,-62.15926,-58.47136,52.2
2021-2-8T15:7:16,-62.15923,-58.47132,48.0
2021-2-8T15:7:27,-62.15922,-58.47134,44.0
2021-2-8T15:7:37,-62.15921,-58.47131,43.0
2021-2-8T15:7:48,-62.15923,-58.47132,42.7
2021-2-8T15:7:58,-62.15922,-58.47127,43.5
2021-2-8T15:8:9,-62.15925,-58.47129,47.1
2021-2-8T15:8:20,-62.15924,-58.47125,51.0
2021-2-8T15:8:30,-62.15925,-58.47124,53.9
2021-2-8T15:8:41,-62.15925,-58.47122,55.0
2021-2-8T15:8:51,-62.15926,-58.47122,55.0
2021-2-8T15:9:2,-62.15926,-58.47123,55.7
2021-2-8T15:9:13,-62.15927,-58.47123,55.9
2021-2-8T15:9:23,-62.15928,-58.47126,56.2
2021-2-8T15:9:34,-62.15928,-58.47123,52.9
2021-2-8T15:9:44,-62.15926,-58.47117,49.6
2021-2-8T15:9:55,-62.15925,-58.47112,44.9
2021-2-8T15:10:6,-62.15925,-58.47111,43.6
2021-2-8T15:10:16,-62.15925,-58.47110,42.9
2021-2-8T15:10:27,-62.15923,-58.47105,40.0
2021-2-8T15:10:38,-62.15922,-58.47103,38.2
2021-2-8T15:10:48,-62.15922,-58.47101,38.8
2021-2-8T15:10:59,-62.15922,-58.47104,40.7
2021-2-8T15:11:9,-62.15922,-58.47105,40.6
2021-2-8T15:11:20,-62.15923,-58.47109,41.5
2021-2-8T15:11:31,-62.15924,-58.47109,42.7
2021-2-8T15:11:41,-62.15924,-58.47113,44.9
2021-2-8T15:11:52,-62.15927,-58.47113,49.2
2021-2-8T15:12:2,-62.15930,-58.47115,52.1
2021-2-8T15:12:13,-62.15931,-58.47115,54.5
2021-2-8T15:12:24,-62.15925,-58.47110,40.6
2021-2-8T15:12:34,-62.15924,-58.47111,31.5
2021-2-8T15:12:45,-62.15923,-58.47110,26.5
2021-2-8T15:12:55,-62.15923,-58.47112,24.9
2021-2-8T15:13:6,-62.15922,-58.47112,22.7
2021-2-8T15:13:17,-62.15920,-58.47108,20.2
2021-2-8T15:13:27,-62.15919,-58.47107,19.2
2021-2-8T15:13:38,-62.15920,-58.47109,18.4
2021-2-8T15:13:48,-62.15921,-58.47112,18.7
2021-2-8T15:13:59,-62.15918,-58.47105,18.8
2021-2-8T15:14:10,-62.15917,-58.47105,19.6
2021-2-8T15:14:20,-62.15918,-58.47107,19.8
2021-2-8T15:14:31,-62.15917,-58.47104,17.3
2021-2-8T15:14:42,-62.15920,-58.47109,17.0
2021-2-8T15:14:52,-62.15923,-58.47114,16.5
2021-2-8T15:15:3,-62.15921,-58.47111,15.7
2021-2-8T15:15:13,-62.15918,-58.47105,14.7
2021-2-8T15:15:24,-62.15915,-58.47098,12.6
2021-2-8T15:15:35,-62.15913,-58.47094,12.1
2021-2-8T15:15:45,-62.15913,-58.47093,11.5
2021-2-8T15:15:56,-62.15915,-58.47095,10.2
2021-2-8T15:16:6,-62.15915,-58.47095,9.5
2021-2-8T15:16:17,-62.15913,-58.47094,10.2
2021-2-8T15:16:28,-62.15910,-58.47091,10.1
2021-2-8T15:16:38,-62.15910,-58.47091,9.9
2021-2-8T15:16:49,-62.15913,-58.47097,10.2
2021-2-8T15:16:59,-62.15916,-58.47103,10.1
2021-2-8T15:17:10,-62.15914,-58.47101,10.2
2021-2-8T15:17:21,-62.15913,-58.47099,10.4
2021-2-8T15:17:31,-62.15911,-58.47096,11.2
2021-2-8T15:17:42,-62.15911,-58.47096,12.1
2021-2-8T15:17:52,-62.15912,-58.47098,12.8
2021-2-8T15:18:3,-62.15914,-58.47102,12.8
2021-2-8T15:18:14,-62.15914,-58.47101,12.8
2021-2-8T15:18:24,-62.15915,-58.47102,13.1
200-0-0T15:37:26,-62.15924,-58.47119,4.2
200-0-0T15:37:37,-62.15922,-58.47119,4.3
200-0-0T15:37:48,-62.15918,-58.47108,4.4
200-0-0T15:37:58,-62.15917,-58.47108,4.4
200-0-0T15:38:19,-62.15908,-58.47139,4.5
2021-2-8T15:38:30,-62.15899,-58.47065,4.5
2021-2-8T15:38:40,-62.15906,-58.47080,4.5
2021-2-8T15:38:51,-62.15908,-58.47084,4.6
2021-2-8T15:39:2,-62.15909,-58.47086,4.6
2021-2-8T15:39:12,-62.15909,-58.47087,4.6
2021-2-8T15:39:23,-62.15909,-58.47087,4.7
2021-2-8T15:39:33,-62.15909,-58.47087,5.0
2021-2-8T15:39:44,-62.15911,-58.47089,5.5
2021-2-8T15:39:55,-62.15910,-58.47089,4.9
2021-2-8T15:40:5,-62.15910,-58.47089,4.6
2021-2-8T15:40:16,-62.15911,-58.47089,5.2
2021-2-8T15:40:26,-62.15911,-58.47088,6.0
2021-2-8T15:40:37,-62.15911,-58.47088,5.6
2021-2-8T15:40:48,-62.15911,-58.47089,4.6
2021-2-8T15:40:58,-62.15911,-58.47089,4.2
2021-2-8T15:41:9,-62.15911,-58.47090,4.7
2021-2-8T15:41:19,-62.15911,-58.47090,4.6
2021-2-8T15:41:30,-62.15911,-58.47090,4.1
2021-2-8T15:41:41,-62.15911,-58.47089,3.7
2021-2-8T15:41:51,-62.15911,-58.47089,3.4
2021-2-8T15:42:2,-62.15911,-58.47089,3.4
2021-2-8T15:42:12,-62.15911,-58.47090,2.6
2021-2-8T15:42:23,-62.15911,-58.47091,2.6
2021-2-8T15:42:34,-62.15911,-58.47091,3.2
2021-2-8T15:42:44,-62.15912,-58.47092,4.0
2021-2-8T15:42:55,-62.15912,-58.47093,4.7
2021-2-8T15:43:5,-62.15912,-58.47092,4.5
2021-2-8T15:43:16,-62.15912,-58.47092,4.5
2021-2-8T15:43:27,-62.15911,-58.47092,5.2
2021-2-8T15:43:37,-62.15911,-58.47091,5.8
2021-2-8T15:43:48,-62.15911,-58.47092,5.3
2021-2-8T15:43:58,-62.15911,-58.47093,4.2
2021-2-8T15:44:9,-62.15911,-58.47093,3.4
2021-2-8T15:44:20,-62.15911,-58.47093,3.0
2021-2-8T15:44:30,-62.15911,-58.47094,3.1
2021-2-8T15:44:41,-62.15911,-58.47095,3.1
2021-2-8T15:44:51,-62.15911,-58.47095,2.7
2021-2-8T15:45:2,-62.15911,-58.47095,2.5
2021-2-8T15:45:13,-62.15911,-58.47096,2.4
2021-2-8T15:45:23,-62.15912,-58.47096,2.4
2021-2-8T15:45:34,-62.15911,-58.47095,2.2
2021-2-8T15:45:44,-62.15911,-58.47095,1.6
2021-2-8T15:45:55,-62.15911,-58.47095,1.7
2021-2-8T19:32:57,-62.15919,-58.47092,8.8
2021-2-8T19:33:59,-62.15914,-58.47081,15.8
2021-2-8T19:34:10,-62.15914,-58.47086,11.0
2021-2-8T19:34:20,-62.15915,-58.47091,6.1
2021-2-8T19:34:31,-62.15915,-58.47090,7.0
2021-2-8T19:34:42,-62.15915,-58.47091,5.7
2021-2-8T19:34:52,-62.15915,-58.47091,5.8
2021-2-8T19:35:3,-62.15915,-58.47092,4.9
2021-2-8T19:35:13,-62.15915,-58.47093,4.5
2021-2-8T19:35:24,-62.15915,-58.47094,4.3
2021-2-8T19:35:34,-62.15914,-58.47091,4.5
2021-2-8T19:35:45,-62.15914,-58.47091,4.4
2021-2-8T19:35:56,-62.15924,-58.47081,3.2
2021-2-8T19:36:6,-62.15923,-58.47089,0.6
2021-2-8T19:36:17,-62.15921,-58.47100,0.5
2021-2-8T19:36:27,-62.15928,-58.47110,0.2
2021-2-8T19:36:38,-62.15929,-58.47117,-6.8
2021-2-8T19:36:48,-62.15929,-58.47119,-3.7
2021-2-8T19:36:59,-62.15931,-58.47123,-2.5
2021-2-8T19:37:10,-62.15932,-58.47123,0.1
2021-2-8T19:37:20,-62.15931,-58.47121,4.2
2021-2-8T19:37:31,-62.15932,-58.47120,6.1
2021-2-8T19:37:41,-62.15932,-58.47116,10.5
2021-2-8T19:37:52,-62.15932,-58.47111,9.9
2021-2-8T19:38:2,-62.15935,-58.47117,10.2
2021-2-8T19:38:13,-62.15934,-58.47117,12.5
2021-2-8T19:38:24,-62.15932,-58.47118,13.0
2021-2-8T19:38:34,-62.15932,-58.47117,12.5
2021-2-8T19:38:45,-62.15933,-58.47113,15.1
2021-2-8T19:38:55,-62.15932,-58.47114,13.6
2021-2-8T19:39:6,-62.15932,-58.47116,13.5
2021-2-8T19:39:16,-62.15930,-58.47109,11.9
2021-2-8T19:39:27,-62.15930,-58.47116,11.4
2021-2-8T19:39:38,-62.15929,-58.47122,8.9
2021-2-8T19:39:48,-62.15929,-58.47122,7.2
2021-2-8T19:39:59,-62.15928,-58.47115,4.9
2021-2-8T19:40:10,-62.15931,-58.47121,6.7
2021-2-8T19:40:20,-62.15934,-58.47134,7.3
2021-2-8T19:40:31,-62.15943,-58.47164,9.2
2021-2-8T19:40:42,-62.15951,-58.47198,9.5
2021-2-8T19:40:52,-62.15957,-58.47229,9.2
2021-2-8T19:41:3,-62.15965,-58.47260,9.7
2021-2-8T19:41:10,-62.15975,-58.47284,9.5
2021-2-8T19:41:21,-62.15986,-58.47310,10.8
2021-2-8T19:41:31,-62.15995,-58.47328,8.7
2021-2-8T19:41:42,-62.16004,-58.47344,6.4
2021-2-8T19:41:53,-62.16013,-58.47331,2.1
2021-2-8T19:42:3,-62.16013,-58.47313,-10.2
2021-2-8T19:42:14,-62.16016,-58.47331,8.5
2021-2-8T19:42:24,-62.16019,-58.47339,10.6
2021-2-8T19:42:35,-62.16013,-58.47352,12.4
2021-2-8T19:42:45,-62.16021,-58.47321,13.0
2021-2-8T19:42:56,-62.16016,-58.47325,13.6
2021-2-8T19:43:7,-62.15995,-58.47367,14.0
2021-2-8T19:43:17,-62.15983,-58.47402,16.3
2021-2-8T19:43:28,-62.15985,-58.47398,16.8
2021-2-8T19:43:38,-62.15991,-58.47377,17.1
2021-2-8T19:43:49,-62.15991,-58.47363,16.7
2021-2-8T19:43:59,-62.15997,-58.47280,14.2
2021-2-8T19:44:10,-62.16016,-58.47252,13.5
2021-2-8T19:44:21,-62.16024,-58.47312,10.8
2021-2-8T19:44:31,-62.16024,-58.47323,9.5
2021-2-8T19:44:42,-62.16023,-58.47312,8.8
2021-2-8T19:44:52,-62.16022,-58.47301,8.6
2021-2-8T19:45:3,-62.16012,-58.47313,8.2
2021-2-8T19:45:13,-62.16009,-58.47315,6.8
2021-2-8T19:45:24,-62.16006,-58.47314,7.3
2021-2-8T19:45:35,-62.16005,-58.47315,8.6
2021-2-8T19:45:45,-62.16005,-58.47322,11.1
2021-2-8T19:45:56,-62.16008,-58.47331,14.5
2021-2-8T19:46:6,-62.16006,-58.47346,16.5
2021-2-8T19:46:17,-62.15998,-58.47355,15.3
2021-2-8T19:46:27,-62.16001,-58.47362,21.5
2021-2-8T19:46:38,-62.16000,-58.47364,30.4
2021-2-8T19:46:49,-62.15999,-58.47358,39.5
2021-2-8T19:46:59,-62.16000,-58.47335,46.9
2021-2-8T19:47:10,-62.15995,-58.47312,46.3
2021-2-8T19:47:20,-62.15993,-58.47388,19.7
2021-2-8T19:47:31,-62.15987,-58.47369,11.4
2021-2-8T19:47:41,-62.15981,-58.47343,7.4
2021-2-8T19:47:52,-62.15975,-58.47327,6.7
2021-2-8T19:48:3,-62.15966,-58.47304,4.5
2021-2-8T19:48:13,-62.15957,-58.47279,3.0
2021-2-8T19:48:24,-62.15947,-58.47260,2.6
2021-2-8T19:48:34,-62.15943,-58.47257,3.4
2021-2-8T19:48:45,-62.15942,-58.47261,1.4
2021-2-8T19:48:56,-62.15948,-58.47290,2.0
2021-2-8T19:49:6,-62.15955,-58.47314,4.3
2021-2-8T19:49:17,-62.15956,-58.47317,4.7
2021-2-8T19:49:27,-62.15957,-58.47317,6.5
2021-2-8T19:49:38,-62.15958,-58.47318,6.4
2021-2-8T19:49:48,-62.15958,-58.47316,6.0
2021-2-8T19:49:59,-62.15957,-58.47315,5.6
2021-2-8T19:50:10,-62.15957,-58.47314,5.2
2021-2-8T19:50:20,-62.15957,-58.47315,4.4
2021-2-8T19:50:31,-62.15957,-58.47314,4.7
2021-2-8T19:50:41,-62.15956,-58.47313,3.7
2021-2-8T19:50:52,-62.15956,-58.47314,2.7
2021-2-8T19:51:3,-62.15956,-58.47314,2.4
2021-2-8T19:51:13,-62.15956,-58.47314,2.4
