2021-2-8T14:19:5,-62.15914,-58.47104,10.6
2021-2-8T14:19:16,-62.15914,-58.47102,10.2
2021-2-8T14:19:27,-62.15913,-58.47101,9.9
2021-2-8T14:19:37,-62.15913,-58.47100,9.6
2021-2-8T14:19:48,-62.15913,-58.47099,9.4
2021-2-8T14:19:58,-62.15913,-58.47099,9.3
2021-2-8T14:20:9,-62.15913,-58.47098,9.4
2021-2-8T14:20:20,-62.15913,-58.47098,9.1
2021-2-8T14:20:30,-62.15913,-58.47098,8.9
2021-2-8T14:20:41,-62.15913,-58.47098,8.6
2021-2-8T14:20:51,-62.15913,-58.47099,8.5
2021-2-8T14:21:2,-62.15913,-58.47099,8.4
2021-2-8T14:21:12,-62.15913,-58.47100,8.5
2021-2-8T14:21:23,-62.15913,-58.47100,8.4
2021-2-8T14:21:33,-62.15912,-58.47101,8.6
2021-2-8T14:21:44,-62.15912,-58.47100,9.2
2021-2-8T14:21:54,-62.15913,-58.47101,9.2
2021-2-8T14:22:5,-62.15913,-58.47100,9.3
2021-2-8T14:22:16,-62.15912,-58.47100,9.3
2021-2-8T14:22:26,-62.15912,-58.47100,9.1
2021-2-8T14:22:37,-62.15912,-58.47100,8.9
2021-2-8T14:22:47,-62.15913,-58.47100,8.5
2021-2-8T14:22:58,-62.15913,-58.47100,8.3
2021-2-8T14:23:8,-62.15913,-58.47099,8.8
2021-2-8T14:23:19,-62.15912,-58.47098,9.0
2021-2-8T14:23:29,-62.15912,-58.47098,8.9
2021-2-8T14:23:40,-62.15912,-58.47098,8.9
2021-2-8T14:23:50,-62.15912,-58.47097,8.7
2021-2-8T14:24:1,-62.15912,-58.47097,8.4
2021-2-8T14:24:12,-62.15912,-58.47097,8.2
2021-2-8T14:24:22,-62.15912,-58.47097,7.9
2021-2-8T14:24:33,-62.15912,-58.47098,7.3
2021-2-8T14:24:43,-62.15912,-58.47098,7.3
2021-2-8T14:24:54,-62.15913,-58.47098,7.5
2021-2-8T14:25:4,-62.15913,-58.47098,7.5
2021-2-8T14:25:15,-62.15913,-58.47098,7.2
2021-2-8T14:25:25,-62.15912,-58.47098,7.6
2021-2-8T14:25:36,-62.15913,-58.47098,7.6
2021-2-8T14:25:46,-62.15913,-58.47098,7.7
2021-2-8T14:25:57,-62.15915,-58.47097,7.3
2021-2-8T14:26:8,-62.15920,-58.47112,4.9
2021-2-8T14:26:18,-62.15916,-58.47118,-2.8
2021-2-8T14:26:29,-62.15913,-58.47118,-2.6
2021-2-8T15:18:35,-62.15913,-58.47099,13.2
2021-2-8T15:18:45,-62.15913,-58.47098,13.4
2021-2-8T15:18:56,-62.15912,-58.47095,14.0
2021-2-8T15:19:7,-62.15911,-58.47093,14.3
2021-2-8T15:19:17,-62.15911,-58.47093,15.0
2021-2-8T15:19:28,-62.15912,-58.47094,15.7
2021-2-8T15:19:38,-62.15910,-58.47091,15.7
2021-2-8T15:19:49,-62.15910,-58.47090,15.0
2021-2-8T15:19:59,-62.15911,-58.47091,14.7
2021-2-8T15:20:10,-62.15912,-58.47092,15.0
2021-2-8T15:20:21,-62.15917,-58.47097,10.9
2021-2-8T15:20:31,-62.15920,-58.47102,10.4
2021-2-8T15:20:42,-62.15919,-58.47100,9.1
2021-2-8T15:20:52,-62.15912,-58.47089,10.0
2021-2-8T15:21:3,-62.15911,-58.47089,10.7
2021-2-8T15:21:13,-62.15913,-58.47093,9.9
2021-2-8T15:21:24,-62.15914,-58.47094,8.9
2021-2-8T15:21:34,-62.15913,-58.47093,9.2
2021-2-8T15:21:45,-62.15913,-58.47094,9.9
2021-2-8T15:21:56,-62.15910,-58.47091,10.8
2021-2-8T15:22:6,-62.15910,-58.47093,11.7
2021-2-8T15:22:17,-62.15908,-58.47092,12.9
2021-2-8T15:22:27,-62.15907,-58.47093,13.8
2021-2-8T15:22:38,-62.15908,-58.47095,14.6
2021-2-8T15:22:48,-62.15906,-58.47091,15.8
2021-2-8T15:22:59,-62.15909,-58.47095,15.7
2021-2-8T15:23:9,-62.15910,-58.47096,15.7
2021-2-8T15:23:20,-62.15909,-58.47096,16.3
2021-2-8T15:23:30,-62.15910,-58.47096,15.6
2021-2-8T15:23:41,-62.15909,-58.47094,15.9
2021-2-8T15:23:52,-62.15907,-58.47090,15.4
2021-2-8T15:24:2,-62.15906,-58.47089,16.6
2021-2-8T15:24:13,-62.15902,-58.47082,16.4
2021-2-8T15:24:23,-62.15903,-58.47082,15.6
2021-2-8T15:24:34,-62.15904,-58.47082,14.9
2021-2-8T15:24:44,-62.15905,-58.47084,14.7
2021-2-8T15:24:55,-62.15905,-58.47086,13.7
2021-2-8T15:25:5,-62.15906,-58.47086,13.8
2021-2-8T15:25:16,-62.15906,-58.47084,14.2
2021-2-8T15:25:27,-62.15908,-58.47086,13.7
2021-2-8T15:25:37,-62.15907,-58.47085,12.0
2021-2-8T15:25:48,-62.15906,-58.47082,10.9
2021-2-8T15:25:58,-62.15905,-58.47080,9.8
2021-2-8T15:26:9,-62.15903,-58.47073,6.3
2021-2-8T15:26:19,-62.15903,-58.47074,3.3
2021-2-8T15:26:30,-62.15902,-58.47072,2.4
2021-2-8T15:26:40,-62.15902,-58.47072,1.9
2021-2-8T15:26:51,-62.15902,-58.47073,1.5
2021-2-8T15:27:1,-62.15902,-58.47071,1.0
2021-2-8T15:27:12,-62.15903,-58.47073,1.1
2021-2-8T15:27:23,-62.15903,-58.47074,0.9
2021-2-8T15:27:33,-62.15903,-58.47073,0.7
2021-2-8T15:27:44,-62.15904,-58.47073,1.4
2021-2-8T15:27:54,-62.15904,-58.47073,2.1
2021-2-8T15:28:5,-62.15905,-58.47075,2.8
2021-2-8T15:28:15,-62.15905,-58.47074,3.9
2021-2-8T15:28:26,-62.15906,-58.47075,4.2
2021-2-8T15:28:36,-62.15906,-58.47075,4.3
2021-2-8T15:28:47,-62.15907,-58.47076,5.4
2021-2-8T15:28:57,-62.15906,-58.47076,4.7
2021-2-8T15:29:8,-62.15906,-58.47078,3.6
2021-2-8T15:29:19,-62.15905,-58.47078,2.7
2021-2-8T15:29:29,-62.15906,-58.47080,3.2
2021-2-8T15:29:40,-62.15906,-58.47082,4.0
2021-2-8T15:29:50,-62.15905,-58.47081,4.7
2021-2-8T15:30:1,-62.15904,-58.47081,5.1
2021-2-8T15:30:11,-62.15902,-58.47079,5.3
2021-2-8T15:30:22,-62.15903,-58.47081,4.7
2021-2-8T15:30:33,-62.15905,-58.47083,4.5
2021-2-8T15:30:43,-62.15905,-58.47083,6.2
2021-2-8T15:30:54,-62.15908,-58.47085,6.5
2021-2-8T15:31:4,-62.15908,-58.47083,7.2
2021-2-8T15:31:15,-62.15908,-58.47082,8.6
2021-2-8T15:31:25,-62.15907,-58.47079,9.7
2021-2-8T15:31:36,-62.15908,-58.47079,8.9
2021-2-8T15:31:46,-62.15908,-58.47078,9.4
2021-2-8T15:31:57,-62.15909,-58.47078,8.9
2021-2-8T15:32:7,-62.15910,-58.47077,9.4
2021-2-8T15:32:18,-62.15912,-58.47080,10.2
2021-2-8T15:32:29,-62.15911,-58.47079,11.7
2021-2-8T15:32:39,-62.15911,-58.47079,13.2
2021-2-8T15:32:50,-62.15912,-58.47081,14.3
2021-2-8T15:33:0,-62.15912,-58.47082,14.7
2021-2-8T15:33:11,-62.15912,-58.47083,14.9
2021-2-8T15:33:21,-62.15911,-58.47083,15.3
2021-2-8T15:33:32,-62.15910,-58.47080,17.4
2021-2-8T15:33:42,-62.15909,-58.47078,18.3
2021-2-8T15:33:53,-62.15909,-58.47078,17.9
2021-2-8T15:34:3,-62.15910,-58.47080,16.7
2021-2-8T15:34:14,-62.15910,-58.47083,14.8
2021-2-8T15:34:25,-62.15909,-58.47081,13.1
2021-2-8T15:34:35,-62.15908,-58.47082,11.4
2021-2-8T15:34:46,-62.15909,-58.47083,9.8
2021-2-8T15:34:56,-62.15909,-58.47084,9.2
2021-2-8T15:35:7,-62.15908,-58.47084,8.8
2021-2-8T15:35:17,-62.15908,-58.47084,8.0
2021-2-8T15:35:28,-62.15907,-58.47084,7.9
2021-2-8T15:35:38,-62.15909,-58.47087,7.7
2021-2-8T15:35:49,-62.15910,-58.47091,7.2
2021-2-8T15:35:59,-62.15909,-58.47088,7.3
2021-2-8T19:51:24,-62.15957,-58.47314,3.0
2021-2-8T19:51:34,-62.15956,-58.47314,2.9
2021-2-8T19:51:45,-62.15957,-58.47314,3.7
2021-2-8T19:51:55,-62.15957,-58.47314,4.1
2021-2-8T19:52:6,-62.15958,-58.47314,4.7
2021-2-8T19:52:16,-62.15958,-58.47314,5.5
2021-2-8T19:52:27,-62.15958,-58.47315,5.9
2021-2-8T19:52:37,-62.15958,-58.47314,5.8
2021-2-8T19:52:48,-62.15958,-58.47314,5.6
2021-2-8T19:52:58,-62.15958,-58.47314,5.1
2021-2-8T19:53:9,-62.15958,-58.47314,4.4
2021-2-8T19:53:19,-62.15958,-58.47314,4.0
2021-2-8T19:53:30,-62.15958,-58.47314,3.9
2021-2-8T19:53:40,-62.15958,-58.47314,4.0
2021-2-8T19:53:51,-62.15958,-58.47314,4.7
2021-2-8T19:54:1,-62.15958,-58.47313,5.0
2021-2-8T19:54:12,-62.15959,-58.47313,5.7
2021-2-8T19:54:22,-62.15958,-58.47314,4.4
2021-2-8T19:54:33,-62.15958,-58.47315,3.3
2021-2-8T19:54:43,-62.15958,-58.47314,3.0
2021-2-8T19:54:54,-62.15958,-58.47314,2.3
2021-2-8T19:55:4,-62.15959,-58.47314,2.3
2021-2-8T19:55:15,-62.15959,-58.47314,1.7
2021-2-8T19:55:25,-62.15959,-58.47315,2.2
2021-2-8T19:55:36,-62.15959,-58.47316,3.0
2021-2-8T19:55:46,-62.15958,-58.47317,3.3
2021-2-8T19:55:57,-62.15958,-58.47317,3.5
2021-2-8T19:56:8,-62.15957,-58.47317,3.9
2021-2-8T19:56:18,-62.15957,-58.47317,4.8
2021-2-8T19:56:29,-62.15957,-58.47318,3.9
2021-2-8T19:56:39,-62.15957,-58.47317,4.3
2021-2-8T19:56:50,-62.15957,-58.47317,5.5
2021-2-8T19:57:0,-62.15957,-58.47316,5.9
2021-2-8T19:57:11,-62.15958,-58.47315,5.7
2021-2-8T19:57:21,-62.15958,-58.47314,4.9
2021-2-8T19:57:32,-62.15957,-58.47313,4.2
2021-2-8T19:57:42,-62.15957,-58.47313,4.1
2021-2-8T19:57:53,-62.15957,-58.47312,4.4
2021-2-8T19:58:3,-62.15957,-58.47313,4.7
2021-2-8T19:58:14,-62.15957,-58.47313,4.6
2021-2-8T19:58:24,-62.15957,-58.47313,4.1
2021-2-8T19:58:35,-62.15957,-58.47314,3.4
2021-2-8T19:58:45,-62.15957,-58.47313,2.6
2021-2-8T19:58:56,-62.15956,-58.47313,1.4
2021-2-8T19:59:6,-62.15956,-58.47313,1.1
2021-2-8T19:59:17,-62.15956,-58.47313,1.1
2021-2-8T19:59:27,-62.15956,-58.47313,1.6
2021-2-8T19:59:38,-62.15956,-58.47313,2.1
2021-2-8T19:59:48,-62.15956,-58.47313,2.3
2021-2-8T19:59:59,-62.15956,-58.47313,2.3
2021-2-8T20:0:10,-62.15957,-58.47313,2.5
2021-2-8T20:0:20,-62.15957,-58.47314,2.7
2021-2-8T20:0:31,-62.15957,-58.47314,2.8
2021-2-8T20:0:42,-62.15957,-58.47314,3.0
2021-2-8T20:0:52,-62.15958,-58.47313,3.9
2021-2-8T20:1:3,-62.15958,-58.47313,5.2
2021-2-8T20:1:13,-62.15958,-58.47313,5.9
2021-2-8T20:1:24,-62.15958,-58.47313,5.8
2021-2-8T20:1:34,-62.15958,-58.47313,6.2
2021-2-8T20:1:45,-62.15958,-58.47312,6.4
2021-2-8T20:1:56,-62.15958,-58.47313,6.4
2021-2-8T20:2:6,-62.15958,-58.47313,6.2
2021-2-8T20:2:17,-62.15958,-58.47313,5.7
2021-2-8T20:2:27,-62.15958,-58.47314,5.3
2021-2-8T20:2:38,-62.15958,-58.47315,5.1
2021-2-8T20:2:48,-62.15957,-58.47315,5.2
2021-2-8T20:2:59,-62.15957,-58.47314,4.7
2021-2-8T20:3:10,-62.15957,-58.47314,4.4
2021-2-8T20:3:20,-62.15957,-58.47314,4.0
2021-2-8T20:3:31,-62.15957,-58.47315,3.6
2021-2-8T20:3:41,-62.15957,-58.47315,3.8
2021-2-8T20:3:52,-62.15957,-58.47315,3.9
2021-2-8T20:4:2,-62.15957,-58.47314,4.0
2021-2-8T20:4:13,-62.15957,-58.47315,4.3
2021-2-8T20:4:24,-62.15957,-58.47315,4.9
2021-2-8T20:4:34,-62.15957,-58.47314,5.2
2021-2-8T20:4:45,-62.15957,-58.47314,5.3
2021-2-8T20:4:55,-62.15957,-58.47313,5.0
2021-2-8T20:5:6,-62.15957,-58.47313,4.7
2021-2-8T20:5:16,-62.15957,-58.47314,4.1
2021-2-8T20:5:27,-62.15957,-58.47314,3.8
2021-2-8T20:5:38,-62.15957,-58.47315,3.9
2021-2-8T20:5:48,-62.15957,-58.47315,4.1
2021-2-8T20:5:59,-62.15958,-58.47315,4.4
2021-2-8T20:6:9,-62.15958,-58.47315,4.4
2021-2-8T20:6:20,-62.15958,-58.47315,4.2
2021-2-8T20:6:30,-62.15959,-58.47315,4.7
2021-2-8T20:6:41,-62.15959,-58.47315,5.1
2021-2-8T20:6:52,-62.15959,-58.47315,5.6
2021-2-8T20:7:2,-62.15959,-58.47315,6.2
2021-2-8T20:7:13,-62.15959,-58.47315,6.4
2021-2-8T20:7:23,-62.15959,-58.47315,6.0
2021-2-8T20:7:34,-62.15959,-58.47315,6.4
2021-2-8T20:7:44,-62.15959,-58.47315,7.0
2021-2-8T20:7:55,-62.15959,-58.47315,7.2
2021-2-8T20:8:6,-62.15959,-58.47315,7.0
2021-2-8T20:8:16,-62.15959,-58.47315,6.7
2021-2-8T20:8:27,-62.15958,-58.47316,5.9
2021-2-8T20:8:37,-62.15958,-58.47316,4.8
2021-2-8T20:8:48,-62.15958,-58.47315,4.7
