2021-2-8T20:44:3,-62.18561,-58.18996,0.8
2021-2-8T20:44:13,-62.18502,-58.18815,1.1
2021-2-8T20:44:24,-62.18437,-58.18610,0.6
2021-2-8T20:44:35,-62.18375,-58.18403,-1.2
2021-2-8T20:44:45,-62.18315,-58.18224,0.6
2021-2-8T20:44:56,-62.18245,-58.18036,0.1
2021-2-8T20:45:6,-62.18192,-58.17844,0.4
2021-2-8T20:45:17,-62.18132,-58.17634,1.0
2021-2-8T20:45:27,-62.18070,-58.17453,0.3
2021-2-8T20:45:38,-62.17996,-58.17265,0.2
2021-2-8T20:45:48,-62.17931,-58.17090,1.1
2021-2-8T20:45:59,-62.17862,-58.16899,0.9
2021-2-8T20:46:9,-62.17796,-58.16724,1.5
2021-2-8T20:46:20,-62.17716,-58.16550,1.0
2021-2-8T20:46:30,-62.17647,-58.16381,0.9
2021-2-8T20:46:41,-62.17575,-58.16187,0.9
2021-2-8T20:46:51,-62.17504,-58.16021,0.7
2021-2-8T20:47:2,-62.17427,-58.15835,0.3
2021-2-8T20:47:12,-62.17363,-58.15661,0.8
2021-2-8T20:47:23,-62.17293,-58.15464,1.1
2021-2-8T20:47:33,-62.17231,-58.15285,0.5
2021-2-8T20:47:44,-62.17172,-58.15082,0.5
2021-2-8T20:47:54,-62.17115,-58.14899,2.6
2021-2-8T20:48:5,-62.17055,-58.14692,3.1
2021-2-8T20:48:15,-62.17005,-58.14496,2.8
2021-2-8T20:48:26,-62.16950,-58.14280,1.2
2021-2-8T20:48:36,-62.16893,-58.14091,1.5
2021-2-8T20:48:47,-62.16825,-58.13891,1.4
2021-2-8T20:48:57,-62.16760,-58.13716,0.8
2021-2-8T20:49:8,-62.16685,-58.13524,2.3
2021-2-8T20:49:18,-62.16619,-58.13356,2.7
2021-2-8T20:49:29,-62.16568,-58.13142,3.0
2021-2-8T20:49:39,-62.16523,-58.12940,3.6
2021-2-8T20:49:50,-62.16471,-58.12722,4.0
2021-2-8T20:50:0,-62.16425,-58.12514,2.5
2021-2-8T20:50:11,-62.16362,-58.12341,2.4
2021-2-8T20:50:21,-62.16307,-58.12152,0.8
2021-2-8T20:50:32,-62.16253,-58.11931,1.2
2021-2-8T20:50:42,-62.16209,-58.11731,1.8
2021-2-8T20:50:53,-62.16144,-58.11530,2.2
2021-2-8T20:51:3,-62.16065,-58.11389,2.6
2021-2-8T20:51:14,-62.15960,-58.11275,0.9
2021-2-8T20:51:24,-62.15870,-58.11155,0.2
2021-2-8T20:51:35,-62.15775,-58.11014,0.8
2021-2-8T20:51:45,-62.15685,-58.10895,-1.7
2021-2-8T20:51:56,-62.15585,-58.10782,0.6
2021-2-8T20:52:6,-62.15490,-58.10684,0.6
2021-2-8T20:52:17,-62.15380,-58.10590,0.7
2021-2-8T20:52:27,-62.15287,-58.10492,0.4
2021-2-8T20:52:38,-62.15188,-58.10375,0.4
2021-2-8T20:52:49,-62.15083,-58.10266,0.6
2021-2-8T20:52:59,-62.14986,-58.10162,0.2
2021-2-8T20:53:10,-62.14888,-58.10042,0.3
2021-2-8T20:53:20,-62.14797,-58.9935,-1.6
2021-2-8T20:53:31,-62.14692,-58.9850,-1.4
2021-2-8T20:53:41,-62.14589,-58.9794,-1.5
2021-2-8T20:53:52,-62.14474,-58.9765,-1.5
2021-2-8T20:54:2,-62.14408,-58.9734,0.2
2021-2-8T20:54:13,-62.14397,-58.9804,0.2
2021-2-8T20:54:23,-62.14297,-58.9863,0.5
2021-2-8T20:54:34,-62.14179,-58.9902,0.3
2021-2-8T20:54:44,-62.14075,-58.9957,1.3
2021-2-8T20:54:55,-62.13962,-58.10020,1.1
2021-2-8T20:55:5,-62.13862,-58.10085,0.6
2021-2-8T20:55:16,-62.13750,-58.10152,1.4
2021-2-8T20:55:26,-62.13649,-58.10221,1.8
2021-2-8T20:55:37,-62.13538,-58.10292,1.4
2021-2-8T20:55:47,-62.13440,-58.10353,1.7
2021-2-8T20:55:58,-62.13332,-58.10431,2.2
2021-2-8T20:56:8,-62.13236,-58.10508,2.5
2021-2-8T20:56:19,-62.13130,-58.10594,1.5
2021-2-8T20:56:29,-62.13046,-58.10722,2.3
2021-2-8T20:56:40,-62.12949,-58.10864,2.7
2021-2-8T20:56:50,-62.12865,-58.10993,2.6
2021-2-8T20:57:1,-62.12786,-58.11166,3.5
2021-2-8T20:57:11,-62.12733,-58.11354,4.5
2021-2-8T20:57:22,-62.12687,-58.11578,3.6
2021-2-8T20:57:32,-62.12647,-58.11787,2.8
2021-2-8T20:57:43,-62.12610,-58.12020,1.8
2021-2-8T20:57:53,-62.12585,-58.12226,3.7
2021-2-8T20:58:4,-62.12564,-58.12465,3.5
2021-2-8T20:58:14,-62.12557,-58.12683,3.6
2021-2-8T20:58:25,-62.12547,-58.12923,2.6
2021-2-8T20:58:35,-62.12536,-58.13145,3.3
2021-2-8T20:58:46,-62.12522,-58.13393,3.1
2021-2-8T20:58:56,-62.12498,-58.13613,3.7
2021-2-8T20:59:7,-62.12475,-58.13856,5.2
2021-2-8T20:59:18,-62.12451,-58.14096,4.7
2021-2-8T20:59:28,-62.12425,-58.14313,5.2
2021-2-8T20:59:39,-62.12397,-58.14553,4.0
2021-2-8T20:59:49,-62.12394,-58.14775,3.7
2021-2-8T21:0:0,-62.12424,-58.15010,5.0
2021-2-8T21:0:10,-62.12480,-58.15198,3.7
2021-2-8T21:0:21,-62.12573,-58.15345,2.9
2021-2-8T21:0:31,-62.12653,-58.15413,2.4
2021-2-8T21:0:42,-62.12681,-58.15443,2.0
2021-2-8T21:0:52,-62.12704,-58.15452,1.7
2021-2-8T21:1:3,-62.12723,-58.15459,1.5
2021-2-8T21:1:13,-62.12736,-58.15465,1.2
2021-2-8T21:1:24,-62.12747,-58.15472,0.9
