2021-2-8T21:1:34,-62.12757,-58.15477,1.0
2021-2-8T21:1:45,-62.12770,-58.15476,0.6
2021-2-8T21:1:56,-62.12777,-58.15479,0.7
2021-2-8T21:2:6,-62.12788,-58.15486,0.8
2021-2-8T21:2:17,-62.12808,-58.15489,0.4
2021-2-8T21:2:27,-62.12823,-58.15488,0.3
2021-2-8T21:2:38,-62.12836,-58.15483,0.2
2021-2-8T21:2:48,-62.12850,-58.15471,0.4
2021-2-8T21:2:59,-62.12865,-58.15464,0.0
2021-2-8T21:3:9,-62.12874,-58.15461,0.0
2021-2-8T21:3:20,-62.12874,-58.15462,0.2
2021-2-8T21:3:30,-62.12874,-58.15463,0.2
2021-2-8T21:3:41,-62.12873,-58.15463,0.0
2021-2-8T21:3:51,-62.12875,-58.15466,0.5
2021-2-8T21:4:2,-62.12876,-58.15466,0.8
2021-2-8T21:4:12,-62.12876,-58.15466,0.9
2021-2-8T21:4:23,-62.12877,-58.15466,1.2
2021-2-8T21:4:33,-62.12877,-58.15467,1.7
2021-2-8T21:4:44,-62.12877,-58.15468,2.7
2021-2-8T21:4:54,-62.12876,-58.15468,3.0
2021-2-8T21:5:5,-62.12876,-58.15468,2.9
2021-2-8T21:5:15,-62.12876,-58.15467,2.6
2021-2-8T21:5:26,-62.12876,-58.15468,2.4
2021-2-8T21:5:36,-62.12876,-58.15468,2.7
2021-2-8T21:5:47,-62.12876,-58.15469,2.8
2021-2-8T21:5:57,-62.12876,-58.15469,2.9
2021-2-8T21:6:8,-62.12876,-58.15468,3.0
2021-2-8T21:6:19,-62.12876,-58.15468,2.8
2021-2-8T21:6:29,-62.12875,-58.15468,2.6
2021-2-8T21:6:40,-62.12875,-58.15468,2.2
2021-2-8T21:6:50,-62.12875,-58.15468,2.0
2021-2-8T21:7:1,-62.12875,-58.15467,2.0
2021-2-8T21:7:11,-62.12875,-58.15467,2.0
2021-2-8T21:7:22,-62.12875,-58.15467,1.9
2021-2-8T21:7:32,-62.12875,-58.15467,2.1
2021-2-8T21:7:43,-62.12875,-58.15466,1.9
2021-2-8T21:7:53,-62.12875,-58.15466,2.0
2021-2-8T21:8:4,-62.12875,-58.15466,2.6
2021-2-8T21:8:14,-62.12876,-58.15466,2.7
2021-2-8T21:8:25,-62.12875,-58.15465,2.7
2021-2-8T21:8:35,-62.12875,-58.15465,2.8
2021-2-8T21:8:46,-62.12875,-58.15465,2.8
2021-2-8T21:8:56,-62.12875,-58.15465,2.9
2021-2-8T21:9:7,-62.12876,-58.15467,3.0
2021-2-8T21:9:17,-62.12876,-58.15467,3.2
2021-2-8T21:9:28,-62.12876,-58.15467,3.0
2021-2-8T21:9:38,-62.12875,-58.15468,2.9
2021-2-8T21:9:49,-62.12875,-58.15469,3.0
2021-2-8T21:9:59,-62.12874,-58.15469,2.9
2021-2-8T21:10:10,-62.12874,-58.15468,2.2
2021-2-8T21:10:20,-62.12875,-58.15469,2.0
2021-2-8T21:10:31,-62.12875,-58.15470,2.2
2021-2-8T21:10:41,-62.12875,-58.15470,2.6
2021-2-8T21:10:52,-62.12875,-58.15470,2.1
2021-2-8T21:11:2,-62.12875,-58.15469,1.3
2021-2-8T21:11:13,-62.12875,-58.15469,1.3
2021-2-8T21:11:23,-62.12875,-58.15470,1.4
2021-2-8T21:11:34,-62.12876,-58.15471,1.6
2021-2-8T21:11:44,-62.12876,-58.15471,1.9
2021-2-8T21:11:55,-62.12876,-58.15472,2.1
2021-2-8T21:12:5,-62.12876,-58.15472,2.3
2021-2-8T21:12:16,-62.12876,-58.15471,2.6
2021-2-8T21:12:26,-62.12876,-58.15472,3.2
2021-2-8T21:12:37,-62.12877,-58.15472,3.5
2021-2-8T21:12:48,-62.12876,-58.15472,3.9
2021-2-8T21:12:58,-62.12876,-58.15472,4.3
2021-2-8T21:13:9,-62.12877,-58.15473,4.1
2021-2-8T21:13:19,-62.12875,-58.15473,4.0
2021-2-8T21:13:30,-62.12875,-58.15472,3.5
2021-2-8T21:13:40,-62.12875,-58.15472,3.5
2021-2-8T21:13:51,-62.12875,-58.15473,3.7
2021-2-8T21:14:1,-62.12875,-58.15473,3.7
2021-2-8T21:14:12,-62.12875,-58.15474,4.0
2021-2-8T21:14:22,-62.12873,-58.15478,3.5
2021-2-8T21:14:33,-62.12874,-58.15479,3.3
2021-2-8T21:14:43,-62.12875,-58.15481,3.6
2021-2-8T21:14:54,-62.12874,-58.15482,3.1
2021-2-8T21:15:4,-62.12874,-58.15483,2.3
2021-2-8T21:15:15,-62.12875,-58.15484,3.1
2021-2-8T21:15:25,-62.12876,-58.15486,4.1
2021-2-8T21:15:36,-62.12876,-58.15485,5.4
2021-2-8T21:15:46,-62.12876,-58.15487,5.3
2021-2-8T21:15:57,-62.12877,-58.15487,5.9
2021-2-8T21:16:7,-62.12878,-58.15487,5.6
2021-2-8T21:16:18,-62.12877,-58.15489,5.5
2021-2-8T21:16:28,-62.12876,-58.15489,5.0
2021-2-8T21:16:39,-62.12876,-58.15490,5.7
2021-2-8T21:16:49,-62.12878,-58.15489,6.8
2021-2-8T21:17:0,-62.12878,-58.15489,6.2
2021-2-8T21:17:10,-62.12877,-58.15489,4.5
2021-2-8T21:17:21,-62.12878,-58.15488,5.1
2021-2-8T21:17:31,-62.12878,-58.15488,4.3
2021-2-8T21:17:42,-62.12878,-58.15488,3.3
2021-2-8T21:17:52,-62.12878,-58.15488,2.7
2021-2-8T21:18:3,-62.12878,-58.15489,2.8
2021-2-8T21:18:13,-62.12878,-58.15490,4.9
2021-2-8T21:18:24,-62.12879,-58.15492,5.4
2021-2-8T21:18:34,-62.12879,-58.15491,6.6
2021-2-8T21:18:45,-62.12879,-58.15491,6.2
2021-2-8T21:18:55,-62.12878,-58.15492,7.4
