2021-2-8T21:54:10,-62.19562,-58.21151,4.9
2021-2-8T21:54:20,-62.19564,-58.21162,5.6
2021-2-8T21:54:31,-62.19565,-58.21166,5.9
2021-2-8T21:54:42,-62.19566,-58.21167,6.3
2021-2-8T21:54:52,-62.19567,-58.21168,6.7
2021-2-8T21:55:3,-62.19567,-58.21192,6.6
2021-2-8T21:55:13,-62.19575,-58.21254,6.5
2021-2-8T21:55:24,-62.19597,-58.21425,5.7
2021-2-8T21:55:34,-62.19635,-58.21615,5.5
2021-2-8T21:55:45,-62.19676,-58.21857,6.2
2021-2-8T21:55:55,-62.19713,-58.22085,5.7
2021-2-8T21:56:6,-62.19749,-58.22342,6.0
2021-2-8T21:56:16,-62.19779,-58.22574,4.5
2021-2-8T21:56:27,-62.19803,-58.22829,5.2
2021-2-8T21:56:37,-62.19845,-58.23036,6.2
2021-2-8T21:56:48,-62.19882,-58.23273,5.4
2021-2-8T21:56:58,-62.19881,-58.23498,6.3
2021-2-8T21:57:9,-62.19894,-58.23756,7.7
2021-2-8T21:57:19,-62.19888,-58.23987,7.8
2021-2-8T21:57:30,-62.19888,-58.24249,7.2
2021-2-8T21:57:40,-62.19888,-58.24487,8.1
2021-2-8T21:57:51,-62.19883,-58.24745,8.4
2021-2-8T21:58:1,-62.19873,-58.24983,8.1
2021-2-8T21:58:12,-62.19864,-58.25247,8.7
2021-2-8T21:58:22,-62.19872,-58.25488,9.2
2021-2-8T21:58:33,-62.19886,-58.25747,9.0
2021-2-8T21:58:43,-62.19903,-58.25984,8.7
2021-2-8T21:58:54,-62.19924,-58.26243,8.0
2021-2-8T21:59:4,-62.19946,-58.26477,8.4
2021-2-8T21:59:15,-62.19970,-58.26736,8.4
2021-2-8T21:59:25,-62.19987,-58.26968,8.2
2021-2-8T21:59:36,-62.20006,-58.27225,6.5
2021-2-8T21:59:46,-62.20014,-58.27454,6.7
2021-2-8T21:59:57,-62.20000,-58.27715,6.7
2021-2-8T22:0:7,-62.19981,-58.27951,6.1
2021-2-8T22:0:18,-62.19956,-58.28210,8.0
2021-2-8T22:0:28,-62.19924,-58.28439,6.7
2021-2-8T22:0:39,-62.19878,-58.28689,5.1
2021-2-8T22:0:50,-62.19828,-58.28934,4.2
2021-2-8T22:1:0,-62.19777,-58.29153,3.6
2021-2-8T22:1:11,-62.19726,-58.29396,3.0
2021-2-8T22:1:21,-62.19686,-58.29623,4.1
2021-2-8T22:1:32,-62.19646,-58.29877,4.8
2021-2-8T22:1:42,-62.19607,-58.30107,4.0
2021-2-8T22:1:53,-62.19562,-58.30360,4.9
2021-2-8T22:2:3,-62.19519,-58.30592,4.9
2021-2-8T22:2:14,-62.19463,-58.30837,4.8
2021-2-8T22:2:24,-62.19409,-58.31055,4.4
2021-2-8T22:2:35,-62.19347,-58.31285,4.0
2021-2-8T22:2:45,-62.19289,-58.31499,2.4
2021-2-8T22:2:56,-62.19232,-58.31738,3.5
2021-2-8T22:3:6,-62.19183,-58.31963,3.5
2021-2-8T22:3:17,-62.19125,-58.32203,3.7
2021-2-8T22:3:27,-62.19068,-58.32415,3.8
2021-2-8T22:3:38,-62.19007,-58.32647,5.5
2021-2-8T22:3:48,-62.18949,-58.32863,5.3
2021-2-8T22:3:59,-62.18888,-58.33098,5.3
2021-2-8T22:4:9,-62.18831,-58.33309,6.2
2021-2-8T22:4:20,-62.18767,-58.33538,5.6
2021-2-8T22:4:30,-62.18712,-58.33751,6.0
2021-2-8T22:4:41,-62.18657,-58.33996,5.4
2021-2-8T22:4:51,-62.18605,-58.34209,5.9
2021-2-8T22:5:2,-62.18545,-58.34444,5.0
2021-2-8T22:5:12,-62.18491,-58.34656,6.3
2021-2-8T22:5:23,-62.18429,-58.34889,6.7
2021-2-8T22:5:33,-62.18372,-58.35099,6.4
2021-2-8T22:5:44,-62.18310,-58.35330,5.4
2021-2-8T22:5:54,-62.18249,-58.35533,3.9
2021-2-8T22:6:5,-62.18182,-58.35759,3.7
2021-2-8T22:6:15,-62.18126,-58.35964,4.0
2021-2-8T22:6:26,-62.18077,-58.36206,4.0
2021-2-8T22:6:36,-62.18031,-58.36426,4.0
2021-2-8T22:6:47,-62.17977,-58.36668,3.5
2021-2-8T22:6:57,-62.17951,-58.36898,3.4
2021-2-8T22:7:8,-62.17930,-58.37160,4.9
2021-2-8T22:7:18,-62.17905,-58.37397,5.3
2021-2-8T22:7:29,-62.17867,-58.37649,5.0
2021-2-8T22:7:39,-62.17821,-58.37867,4.9
2021-2-8T22:7:50,-62.17769,-58.38103,4.2
2021-2-8T22:8:0,-62.17713,-58.38308,5.7
2021-2-8T22:8:11,-62.17654,-58.38542,5.2
2021-2-8T22:8:21,-62.17603,-58.38757,3.8
2021-2-8T22:8:32,-62.17548,-58.38989,4.9
2021-2-8T22:8:42,-62.17496,-58.39199,4.6
2021-2-8T22:8:53,-62.17442,-58.39436,4.3
2021-2-8T22:9:3,-62.17390,-58.39649,3.8
2021-2-8T22:9:14,-62.17330,-58.39871,3.9
2021-2-8T22:9:24,-62.17282,-58.40082,5.0
2021-2-8T22:9:35,-62.17230,-58.40316,5.5
2021-2-8T22:9:45,-62.17183,-58.40530,5.7
2021-2-8T22:9:56,-62.17135,-58.40759,6.2
2021-2-8T22:10:7,-62.17084,-58.40987,6.5
2021-2-8T22:10:17,-62.17036,-58.41189,6.4
2021-2-8T22:10:28,-62.16986,-58.41415,6.6
2021-2-8T22:10:38,-62.16941,-58.41600,6.7
2021-2-8T22:10:49,-62.16893,-58.41793,6.2
2021-2-8T22:10:59,-62.16855,-58.41963,8.5
2021-2-8T22:11:10,-62.16811,-58.42142,8.7
2021-2-8T22:11:20,-62.16769,-58.42302,7.5
2021-2-8T22:11:31,-62.16721,-58.42469,7.2
