2021-2-8T15:36:10,-62.15908,-58.47089,6.0
2021-2-8T15:36:21,-62.15901,-58.47068,2.7
2021-2-8T15:36:32,-62.15916,-58.47111,5.2
2021-2-8T15:36:42,-62.15916,-58.47107,5.5
2021-2-8T15:36:53,0.0,-1.33929,5.4
2021-2-8T20:8:58,-62.15957,-58.47316,4.5
2021-2-8T20:9:9,-62.15957,-58.47317,3.8
2021-2-8T20:9:19,-62.15957,-58.47317,3.6
2021-2-8T20:9:30,-62.15957,-58.47317,4.3
2021-2-8T20:9:40,-62.15950,-58.47319,4.5
2021-2-8T20:9:51,-62.15932,-58.47316,3.1
2021-2-8T20:10:1,-62.15920,-58.47294,2.6
2021-2-8T20:10:12,-62.15907,-58.47272,3.0
2021-2-8T20:10:23,-62.15896,-58.47302,2.6
2021-2-8T20:10:33,-62.15904,-58.47330,3.2
2021-2-8T20:10:44,-62.15897,-58.47325,1.6
2021-2-8T20:10:54,-62.15894,-58.47325,0.6
2021-2-8T20:11:5,-62.15884,-58.47321,0.0
2021-2-8T20:11:15,-62.15879,-58.47314,0.1
2021-2-8T20:11:26,-62.15868,-58.47304,0.3
2021-2-8T20:11:36,-62.15858,-58.47291,-1.2
2021-2-8T20:11:47,-62.15855,-58.47287,-1.4
2021-2-8T20:11:57,-62.15855,-58.47287,-1.8
2021-2-8T20:12:8,-62.15854,-58.47286,-2.5
2021-2-8T20:12:18,-62.15854,-58.47286,-2.6
2021-2-8T20:12:29,-62.15854,-58.47287,-2.6
2021-2-8T20:12:39,-62.15854,-58.47287,-2.6
2021-2-8T20:12:50,-62.15854,-58.47288,-2.0
2021-2-8T20:13:0,-62.15850,-58.47283,-1.7
2021-2-8T20:13:11,-62.15842,-58.47263,-1.7
2021-2-8T20:13:22,-62.15834,-58.47253,-1.5
2021-2-8T20:13:32,-62.15832,-58.47241,0.7
2021-2-8T20:13:43,-62.15823,-58.47228,0.6
2021-2-8T20:13:53,-62.15816,-58.47218,0.1
2021-2-8T20:14:4,-62.15809,-58.47202,0.1
2021-2-8T20:14:14,-62.15811,-58.47187,0.3
2021-2-8T20:14:25,-62.15817,-58.47184,0.0
2021-2-8T20:14:35,-62.15815,-58.47189,0.5
2021-2-8T20:14:46,-62.15804,-58.47164,0.3
2021-2-8T20:14:56,-62.15793,-58.47134,0.1
2021-2-8T20:15:7,-62.15779,-58.47104,0.1
2021-2-8T20:15:17,-62.15770,-58.47085,0.3
2021-2-8T20:15:28,-62.15746,-58.47052,0.9
2021-2-8T20:15:38,-62.15702,-58.46974,0.6
2021-2-8T20:15:49,-62.15705,-58.46973,0.2
2021-2-8T20:15:59,-62.15716,-58.46975,0.9
2021-2-8T20:16:10,-62.15712,-58.46960,-1.2
2021-2-8T20:16:20,-62.15687,-58.46953,0.8
2021-2-8T20:16:31,-62.15673,-58.46914,0.1
2021-2-8T20:16:41,-62.15661,-58.46873,0.3
2021-2-8T20:16:52,-62.15650,-58.46822,0.5
2021-2-8T20:17:2,-62.15635,-58.46780,0.2
2021-2-8T20:17:13,-62.15637,-58.46766,0.2
2021-2-8T20:17:23,-62.15638,-58.46807,0.4
2021-2-8T20:17:34,-62.15642,-58.46855,0.7
2021-2-8T20:17:44,-62.15653,-58.46857,-1.1
2021-2-8T20:17:55,-62.15642,-58.46809,0.8
2021-2-8T20:18:5,-62.15614,-58.46753,0.1
2021-2-8T20:18:16,-62.15560,-58.46619,0.1
2021-2-8T20:18:26,-62.15539,-58.46458,0.1
2021-2-8T20:18:37,-62.15517,-58.46290,0.1
2021-2-8T20:18:47,-62.15516,-58.46241,0.3
2021-2-8T20:18:58,-62.15514,-58.46190,0.2
2021-2-8T20:19:8,-62.15508,-58.46133,0.3
2021-2-8T20:19:19,-62.15506,-58.46101,0.1
2021-2-8T20:19:29,-62.15515,-58.46079,0.4
2021-2-8T20:19:40,-62.15520,-58.45973,0.1
2021-2-8T20:19:50,-62.15521,-58.45804,0.5
2021-2-8T20:20:1,-62.15533,-58.45644,0.4
2021-2-8T20:20:12,-62.15544,-58.45584,0.3
2021-2-8T20:20:22,-62.15553,-58.45564,0.3
2021-2-8T20:20:33,-62.15558,-58.45558,0.2
2021-2-8T20:20:43,-62.15566,-58.45558,0.3
2021-2-8T20:20:54,-62.15619,-58.45456,0.6
2021-2-8T20:21:4,-62.15655,-58.45285,0.5
2021-2-8T20:21:15,-62.15710,-58.45076,0.3
2021-2-8T20:21:25,-62.15756,-58.44877,0.2
2021-2-8T20:21:36,-62.15811,-58.44658,0.1
2021-2-8T20:21:46,-62.15859,-58.44461,0.1
2021-2-8T20:21:57,-62.15918,-58.44258,0.1
2021-2-8T20:22:7,-62.15964,-58.44069,0.6
2021-2-8T20:22:18,-62.16013,-58.43860,0.3
2021-2-8T20:22:28,-62.16060,-58.43673,0.8
2021-2-8T20:22:39,-62.16103,-58.43461,0.0
2021-2-8T20:22:49,-62.16151,-58.43279,0.7
2021-2-8T20:23:0,-62.16200,-58.43076,0.8
2021-2-8T20:23:10,-62.16238,-58.42885,0.6
2021-2-8T20:23:21,-62.16279,-58.42680,0.3
2021-2-8T20:23:32,-62.16319,-58.42465,-1.8
2021-2-8T20:23:42,-62.16360,-58.42276,-2.4
2021-2-8T20:23:53,-62.16405,-58.42064,-1.7
2021-2-8T20:24:3,-62.16450,-58.41872,-3.2
2021-2-8T20:24:14,-62.16498,-58.41666,-4.9
2021-2-8T20:24:24,-62.16539,-58.41498,-5.3
2021-2-8T20:24:35,-62.16580,-58.41298,-2.4
2021-2-8T20:24:45,-62.16622,-58.41120,-2.8
2021-2-8T20:24:56,-62.16669,-58.40911,-3.4
2021-2-8T20:25:6,-62.16721,-58.40734,-1.5
2021-2-8T20:25:17,-62.16777,-58.40554,0.9
2021-2-8T20:25:27,-62.16823,-58.40382,-1.2
2021-2-8T20:25:38,-62.16872,-58.40180,0.3
2021-2-8T20:25:48,-62.16917,-58.39998,-2.3
2021-2-8T20:25:59,-62.16963,-58.39800,-1.0
2021-2-8T20:26:9,-62.17010,-58.39634,-1.9
2021-2-8T20:26:20,-62.17063,-58.39442,0.8
