2021-2-8T14:1:34,-62.15917,-58.47106,5.0
2021-2-8T14:1:45,-62.15916,-58.47106,5.3
2021-2-8T14:1:55,-62.15916,-58.47107,4.7
2021-2-8T14:2:6,-62.15914,-58.47105,6.0
2021-2-8T14:2:16,-62.15914,-58.47103,6.0
2021-2-8T14:2:27,-62.15914,-58.47103,5.1
2021-2-8T14:2:37,-62.15914,-58.47101,4.7
2021-2-8T14:2:48,-62.15914,-58.47098,4.4
2021-2-8T14:2:58,-62.15914,-58.47098,4.1
2021-2-8T14:3:9,-62.15914,-58.47097,4.1
2021-2-8T14:3:20,-62.15914,-58.47096,3.8
2021-2-8T14:3:30,-62.15914,-58.47098,4.0
2021-2-8T14:3:38,-62.15914,-58.47098,4.2
2021-2-8T14:3:48,-62.15914,-58.47097,3.7
2021-2-8T14:3:59,-62.15914,-58.47096,3.1
2021-2-8T14:4:9,-62.15914,-58.47094,3.6
2021-2-8T14:4:20,-62.15914,-58.47096,3.9
2021-2-8T14:4:30,-62.15914,-58.47097,3.8
2021-2-8T14:4:41,-62.15913,-58.47098,3.7
2021-2-8T14:4:51,-62.15914,-58.47100,4.6
2021-2-8T14:5:2,-62.15914,-58.47100,4.8
2021-2-8T14:5:12,-62.15914,-58.47101,4.5
2021-2-8T14:5:23,-62.15914,-58.47102,4.4
2021-2-8T14:5:34,-62.15914,-58.47103,4.1
2021-2-8T14:5:44,-62.15914,-58.47102,4.5
2021-2-8T14:5:55,-62.15914,-58.47103,4.7
2021-2-8T14:6:5,-62.15914,-58.47105,4.8
2021-2-8T14:6:16,-62.15915,-58.47106,4.9
2021-2-8T14:6:26,-62.15916,-58.47108,4.9
2021-2-8T14:6:37,-62.15915,-58.47108,5.0
2021-2-8T14:6:47,-62.15915,-58.47108,5.6
2021-2-8T14:6:58,-62.15915,-58.47108,5.5
2021-2-8T14:7:8,-62.15916,-58.47110,5.5
2021-2-8T14:7:19,-62.15916,-58.47110,5.7
2021-2-8T14:7:29,-62.15916,-58.47111,5.6
2021-2-8T14:7:40,-62.15917,-58.47113,5.5
2021-2-8T14:7:50,-62.15917,-58.47113,5.4
2021-2-8T14:8:1,-62.15917,-58.47114,4.7
2021-2-8T14:8:12,-62.15918,-58.47116,3.9
2021-2-8T14:8:22,-62.15918,-58.47118,4.0
2021-2-8T14:8:33,-62.15918,-58.47118,4.2
2021-2-8T14:8:43,-62.15917,-58.47113,4.4
2021-2-8T14:8:54,-62.15915,-58.47105,5.0
2021-2-8T14:9:4,-62.15914,-58.47100,5.5
2021-2-8T14:9:15,-62.15913,-58.47095,5.9
2021-2-8T14:9:25,-62.15913,-58.47095,6.4
2021-2-8T14:9:36,-62.15913,-58.47096,6.4
2021-2-8T14:9:46,-62.15913,-58.47097,6.6
2021-2-8T14:9:57,-62.15913,-58.47097,6.7
2021-2-8T14:10:7,-62.15913,-58.47098,7.2
2021-2-8T14:10:18,-62.15914,-58.47102,7.7
2021-2-8T14:10:29,-62.15914,-58.47102,8.8
2021-2-8T14:10:39,-62.15913,-58.47100,9.7
2021-2-8T14:10:50,-62.15914,-58.47101,10.0
2021-2-8T14:11:0,-62.15914,-58.47101,10.5
2021-2-8T14:11:11,-62.15914,-58.47101,10.9
2021-2-8T14:11:21,-62.15914,-58.47102,10.8
2021-2-8T14:11:32,-62.15914,-58.47103,10.9
2021-2-8T14:11:42,-62.15914,-58.47102,11.4
2021-2-8T14:11:53,-62.15914,-58.47102,12.0
2021-2-8T14:12:3,-62.15914,-58.47103,12.2
2021-2-8T14:12:14,-62.15915,-58.47105,12.5
2021-2-8T14:12:24,-62.15915,-58.47106,12.7
2021-2-8T14:12:35,-62.15915,-58.47106,13.0
2021-2-8T14:12:46,-62.15915,-58.47105,12.7
2021-2-8T14:12:56,-62.15915,-58.47105,12.9
2021-2-8T14:13:7,-62.15915,-58.47105,12.6
2021-2-8T14:13:17,-62.15915,-58.47104,12.4
2021-2-8T14:13:28,-62.15915,-58.47103,12.4
2021-2-8T14:13:38,-62.15914,-58.47102,12.2
2021-2-8T14:13:49,-62.15914,-58.47099,11.7
2021-2-8T14:13:59,-62.15914,-58.47097,11.3
2021-2-8T14:14:10,-62.15914,-58.47096,10.7
2021-2-8T14:14:20,-62.15914,-58.47095,9.7
2021-2-8T14:14:31,-62.15914,-58.47092,8.6
2021-2-8T14:14:42,-62.15914,-58.47089,7.7
2021-2-8T14:14:52,-62.15913,-58.47089,7.7
2021-2-8T14:15:3,-62.15913,-58.47089,7.7
2021-2-8T14:15:13,-62.15913,-58.47092,7.6
2021-2-8T14:15:24,-62.15914,-58.47094,7.6
2021-2-8T14:15:34,-62.15915,-58.47097,7.3
2021-2-8T14:15:45,-62.15915,-58.47099,7.7
2021-2-8T14:15:55,-62.15915,-58.47101,7.8
2021-2-8T14:16:6,-62.15915,-58.47102,7.9
2021-2-8T14:16:16,-62.15916,-58.47104,8.1
2021-2-8T14:16:27,-62.15916,-58.47105,8.2
2021-2-8T14:16:37,-62.15917,-58.47106,8.2
2021-2-8T14:16:48,-62.15916,-58.47106,8.7
2021-2-8T14:16:59,-62.15916,-58.47106,9.3
2021-2-8T14:17:9,-62.15916,-58.47106,10.0
2021-2-8T14:17:20,-62.15915,-58.47106,10.5
2021-2-8T14:17:30,-62.15916,-58.47106,10.7
2021-2-8T14:17:41,-62.15915,-58.47106,11.2
2021-2-8T14:17:51,-62.15915,-58.47106,11.1
2021-2-8T14:18:2,-62.15915,-58.47106,11.2
2021-2-8T14:18:12,-62.15915,-58.47106,10.9
2021-2-8T14:18:23,-62.15915,-58.47106,10.8
2021-2-8T14:18:33,-62.15914,-58.47106,10.9
2021-2-8T14:18:44,-62.15914,-58.47105,11.0
2021-2-8T14:18:55,-62.15914,-58.47105,10.7
200-0-0T14:27:0,-62.15931,-58.47148,-3.1
200-0-0T14:27:11,-62.15937,-58.47167,-3.8
200-0-0T14:27:21,-62.15930,-58.47154,-4.0
200-0-0T14:27:32,-62.15933,-58.47152,-4.0
200-0-0T14:27:43,-62.15930,-58.47141,-4.1
200-0-0T14:27:53,-62.15927,-58.47136,-4.4
200-0-0T14:28:4,-62.15929,-58.47140,-5.1
200-0-0T14:28:14,-62.15929,-58.47146,-7.0
200-0-0T14:28:25,-62.15926,-58.47140,-7.3
200-0-0T14:28:35,-62.15922,-58.47132,-7.5
200-0-0T14:28:46,-62.15923,-58.47133,-7.7
200-0-0T14:28:56,-62.15925,-58.47140,-8.2
200-0-0T14:29:7,-62.15927,-58.47142,-7.1
200-0-0T14:29:17,-62.15927,-58.47144,-5.8
200-0-0T14:29:28,-62.15926,-58.47141,-4.5
200-0-0T14:29:38,-62.15923,-58.47134,-4.6
200-0-0T14:29:49,-62.15922,-58.47135,-8.9
200-0-0T14:29:59,-62.15921,-58.47136,-11.5
200-0-0T14:30:10,-62.15920,-58.47134,-10.0
2021-2-8T14:37:11,-62.15912,-58.47078,56.0
2021-2-8T14:37:22,-62.15910,-58.47078,57.2
2021-2-8T14:37:33,-62.15913,-58.47077,43.1
2021-2-8T14:37:43,-62.15913,-58.47077,36.6
2021-2-8T14:37:54,-62.15912,-58.47077,31.3
2021-2-8T14:38:4,-62.15912,-58.47075,26.6
2021-2-8T14:38:15,-62.15912,-58.47074,22.8
2021-2-8T14:38:25,-62.15912,-58.47072,19.9
2021-2-8T14:38:36,-62.15912,-58.47070,17.8
2021-2-8T14:38:46,-62.15911,-58.47071,16.5
2021-2-8T14:38:57,-62.15911,-58.47072,15.6
2021-2-8T14:39:7,-62.15911,-58.47072,14.7
2021-2-8T14:39:18,-62.15912,-58.47071,13.7
2021-2-8T14:39:28,-62.15912,-58.47071,13.4
2021-2-8T14:39:39,-62.15912,-58.47070,12.5
2021-2-8T14:39:50,-62.15912,-58.47069,11.6
2021-2-8T14:40:0,-62.15912,-58.47068,11.0
2021-2-8T14:40:11,-62.15911,-58.47067,10.2
2021-2-8T14:40:21,-62.15911,-58.47067,10.1
2021-2-8T14:40:32,-62.15911,-58.47066,10.2
2021-2-8T14:40:43,-62.15911,-58.47067,10.2
2021-2-8T14:40:53,-62.15911,-58.47067,10.8
2021-2-8T14:41:4,-62.15911,-58.47067,10.6
2021-2-8T14:41:11,-62.15910,-58.47066,9.9
2021-2-8T14:41:22,-62.15910,-58.47066,9.5
2021-2-8T14:41:32,-62.15910,-58.47066,9.2
2021-2-8T14:41:43,-62.15910,-58.47067,8.5
2021-2-8T14:41:53,-62.15910,-58.47067,8.4
2021-2-8T14:42:4,-62.15910,-58.47067,8.1
2021-2-8T14:42:14,-62.15910,-58.47068,8.1
2021-2-8T14:42:25,-62.15910,-58.47067,8.4
2021-2-8T14:42:35,-62.15910,-58.47067,8.9
2021-2-8T14:42:46,-62.15910,-58.47067,9.5
2021-2-8T14:42:57,-62.15910,-58.47068,10.9
2021-2-8T14:43:7,-62.15911,-58.47069,12.1
2021-2-8T14:43:18,-62.15911,-58.47070,13.6
2021-2-8T14:43:28,-62.15911,-58.47071,14.3
2021-2-8T14:43:39,-62.15911,-58.47071,15.4
2021-2-8T14:43:49,-62.15912,-58.47071,15.7
2021-2-8T14:44:0,-62.15912,-58.47072,16.0
2021-2-8T14:44:10,-62.15913,-58.47072,16.3
2021-2-8T14:44:21,-62.15913,-58.47074,17.5
2021-2-8T14:44:31,-62.15913,-58.47074,18.6
2021-2-8T14:44:42,-62.15913,-58.47074,19.0
2021-2-8T14:44:53,-62.15913,-58.47075,19.7
2021-2-8T14:45:3,-62.15914,-58.47075,20.8
2021-2-8T14:45:14,-62.15914,-58.47075,21.8
2021-2-8T14:45:24,-62.15913,-58.47075,21.5
2021-2-8T14:45:35,-62.15914,-58.47075,21.6
2021-2-8T14:45:45,-62.15913,-58.47075,21.1
2021-2-8T14:45:56,-62.15913,-58.47075,21.2
2021-2-8T14:46:6,-62.15913,-58.47074,20.1
2021-2-8T14:46:17,-62.15912,-58.47073,18.2
2021-2-8T14:46:27,-62.15912,-58.47071,15.3
2021-2-8T14:46:38,-62.15911,-58.47070,13.7
2021-2-8T14:46:49,-62.15911,-58.47068,11.9
2021-2-8T14:46:59,-62.15911,-58.47067,10.9
2021-2-8T14:47:10,-62.15910,-58.47067,10.2
2021-2-8T14:47:20,-62.15910,-58.47067,9.6
2021-2-8T14:47:31,-62.15910,-58.47067,9.2
2021-2-8T14:47:41,-62.15910,-58.47066,9.0
2021-2-8T14:47:52,-62.15910,-58.47066,8.3
2021-2-8T14:48:2,-62.15911,-58.47066,8.2
2021-2-8T14:48:13,-62.15911,-58.47065,7.9
2021-2-8T14:48:23,-62.15910,-58.47065,7.7
2021-2-8T14:48:34,-62.15910,-58.47065,8.0
2021-2-8T14:48:44,-62.15910,-58.47066,8.0
2021-2-8T14:48:55,-62.15910,-58.47066,8.0
2021-2-8T14:49:6,-62.15910,-58.47066,7.7
2021-2-8T14:49:16,-62.15910,-58.47066,7.5
2021-2-8T14:49:27,-62.15910,-58.47066,7.0
2021-2-8T14:49:37,-62.15910,-58.47066,7.0
2021-2-8T14:49:48,-62.15910,-58.47066,7.2
2021-2-8T14:49:58,-62.15910,-58.47067,7.4
2021-2-8T14:50:9,-62.15910,-58.47067,7.9
2021-2-8T14:50:20,-62.15911,-58.47067,7.8
2021-2-8T14:50:30,-62.15911,-58.47067,8.2
2021-2-8T14:50:41,-62.15910,-58.47067,8.0
2021-2-8T14:50:52,-62.15910,-58.47066,7.8
2021-2-8T14:51:2,-62.15910,-58.47066,7.5
2021-2-8T14:51:13,-62.15911,-58.47066,7.7
2021-2-8T14:51:23,-62.15911,-58.47066,7.5
2021-2-8T14:51:34,-62.15911,-58.47066,7.5
2021-2-8T14:51:45,-62.15910,-58.47066,7.7
2021-2-8T14:51:55,-62.15910,-58.47066,7.9
2021-2-8T14:52:6,-62.15910,-58.47066,7.7
2021-2-8T14:52:16,-62.15910,-58.47066,7.9
2021-2-8T14:52:27,-62.15910,-58.47070,7.6
2021-2-8T14:52:38,-62.15918,-58.47095,4.9
2021-2-8T14:52:48,0.0,-1.33929,7.0
2021-2-8T15:0:57,-62.15908,-58.47144,3.1
2021-2-8T15:1:8,-62.15924,-58.47111,47.9
2021-2-8T15:1:19,-62.15928,-58.47113,51.7
2021-2-8T15:1:29,-62.15926,-58.47108,54.3
2021-2-8T15:1:40,-62.15928,-58.47109,56.9
2021-2-8T15:1:50,-62.15928,-58.47113,58.3
2021-2-8T15:2:1,-62.15929,-58.47106,60.8
2021-2-8T15:2:12,-62.15930,-58.47114,60.2
2021-2-8T15:2:22,-62.15931,-58.47118,61.5
2021-2-8T15:2:33,-62.15934,-58.47155,57.2
2021-2-8T15:2:43,-62.15934,-58.47143,60.0
2021-2-8T15:2:54,-62.15933,-58.47136,60.1
2021-2-8T15:3:5,-62.15932,-58.47128,58.8
2021-2-8T15:3:15,-62.15932,-58.47132,57.0
2021-2-8T15:3:26,-62.15931,-58.47129,55.0
2021-2-8T15:3:36,-62.15932,-58.47139,52.7
2021-2-8T15:3:47,-62.15932,-58.47144,51.3
2021-2-8T15:3:58,-62.15932,-58.47147,51.0
2021-2-8T15:4:8,-62.15933,-58.47148,50.2
2021-2-8T15:4:19,-62.15928,-58.47134,48.0
2021-2-8T15:4:29,-62.15927,-58.47127,47.0
2021-2-8T15:4:40,-62.15926,-58.47123,45.2
2021-2-8T15:4:51,-62.15926,-58.47123,44.3
2021-2-8T15:5:1,-62.15927,-58.47122,43.7
2021-2-8T15:5:12,-62.15926,-58.47120,44.0
2021-2-8T15:5:22,-62.15926,-58.47120,45.7
2021-2-8T15:5:33,-62.15928,-58.47123,46.8
2021-2-8T15:5:44,-62.15930,-58.47131,50.2
2021-2-8T15:5:54,-62.15932,-58.47137,54.1
2021-2-8T15:6:5,-62.15931,-58.47135,56.6
2021-2-8T15:6:12,-62.15930,-58.47135,57.5
2021-2-8T15:6:23,-62.15929,-58.47131,57.9
2021-2-8T15:6:34,-62.15928,-58.47131,56.0
2021-2-8T15:6:44,-62.15928,-58.47133,55.1
2021-2-8T15:6:55,-62.15926,-58.47133,53.9
2021-2-8T15:7:5,-62.15926,-58.47136,52.2
2021-2-8T15:7:16,-62.15923,-58.47132,48.0
2021-2-8T15:7:27,-62.15922,-58.47134,44.0
2021-2-8T15:7:37,-62.15921,-58.47131,43.0
2021-2-8T15:7:48,-62.15923,-58.47132,42.7
2021-2-8T15:7:58,-62.15922,-58.47127,43.5
2021-2-8T15:8:9,-62.15925,-58.47129,47.1
2021-2-8T15:8:20,-62.15924,-58.47125,51.0
2021-2-8T15:8:30,-62.15925,-58.47124,53.9
2021-2-8T15:8:41,-62.15925,-58.47122,55.0
2021-2-8T15:8:51,-62.15926,-58.47122,55.0
2021-2-8T15:9:2,-62.15926,-58.47123,55.7
2021-2-8T15:9:13,-62.15927,-58.47123,55.9
2021-2-8T15:9:23,-62.15928,-58.47126,56.2
2021-2-8T15:9:34,-62.15928,-58.47123,52.9
2021-2-8T15:9:44,-62.15926,-58.47117,49.6
2021-2-8T15:9:55,-62.15925,-58.47112,44.9
2021-2-8T15:10:6,-62.15925,-58.47111,43.6
2021-2-8T15:10:16,-62.15925,-58.47110,42.9
2021-2-8T15:10:27,-62.15923,-58.47105,40.0
2021-2-8T15:10:38,-62.15922,-58.47103,38.2
2021-2-8T15:10:48,-62.15922,-58.47101,38.8
2021-2-8T15:10:59,-62.15922,-58.47104,40.7
2021-2-8T15:11:9,-62.15922,-58.47105,40.6
2021-2-8T15:11:20,-62.15923,-58.47109,41.5
2021-2-8T15:11:31,-62.15924,-58.47109,42.7
2021-2-8T15:11:41,-62.15924,-58.47113,44.9
2021-2-8T15:11:52,-62.15927,-58.47113,49.2
2021-2-8T15:12:2,-62.15930,-58.47115,52.1
2021-2-8T15:12:13,-62.15931,-58.47115,54.5
2021-2-8T15:12:24,-62.15925,-58.47110,40.6
2021-2-8T15:12:34,-62.15924,-58.47111,31.5
2021-2-8T15:12:45,-62.15923,-58.47110,26.5
2021-2-8T15:12:55,-62.15923,-58.47112,24.9
2021-2-8T15:13:6,-62.15922,-58.47112,22.7
2021-2-8T15:13:17,-62.15920,-58.47108,20.2
2021-2-8T15:13:27,-62.15919,-58.47107,19.2
2021-2-8T15:13:38,-62.15920,-58.47109,18.4
2021-2-8T15:13:48,-62.15921,-58.47112,18.7
2021-2-8T15:13:59,-62.15918,-58.47105,18.8
2021-2-8T15:14:10,-62.15917,-58.47105,19.6
2021-2-8T15:14:20,-62.15918,-58.47107,19.8
2021-2-8T15:14:31,-62.15917,-58.47104,17.3
2021-2-8T15:14:42,-62.15920,-58.47109,17.0
2021-2-8T15:14:52,-62.15923,-58.47114,16.5
2021-2-8T15:15:3,-62.15921,-58.47111,15.7
2021-2-8T15:15:13,-62.15918,-58.47105,14.7
2021-2-8T15:15:24,-62.15915,-58.47098,12.6
2021-2-8T15:15:35,-62.15913,-58.47094,12.1
2021-2-8T15:15:45,-62.15913,-58.47093,11.5
2021-2-8T15:15:56,-62.15915,-58.47095,10.2
2021-2-8T15:16:6,-62.15915,-58.47095,9.5
2021-2-8T15:16:17,-62.15913,-58.47094,10.2
2021-2-8T15:16:28,-62.15910,-58.47091,10.1
2021-2-8T15:16:38,-62.15910,-58.47091,9.9
2021-2-8T15:16:49,-62.15913,-58.47097,10.2
2021-2-8T15:16:59,-62.15916,-58.47103,10.1
2021-2-8T15:17:10,-62.15914,-58.47101,10.2
2021-2-8T15:17:21,-62.15913,-58.47099,10.4
2021-2-8T15:17:31,-62.15911,-58.47096,11.2
2021-2-8T15:17:42,-62.15911,-58.47096,12.1
2021-2-8T15:17:52,-62.15912,-58.47098,12.8
2021-2-8T15:18:3,-62.15914,-58.47102,12.8
2021-2-8T15:18:14,-62.15914,-58.47101,12.8
2021-2-8T15:18:24,-62.15915,-58.47102,13.1
200-0-0T15:37:26,-62.15924,-58.47119,4.2
200-0-0T15:37:37,-62.15922,-58.47119,4.3
200-0-0T15:37:48,-62.15918,-58.47108,4.4
200-0-0T15:37:58,-62.15917,-58.47108,4.4
200-0-0T15:38:19,-62.15908,-58.47139,4.5
2021-2-8T15:38:30,-62.15899,-58.47065,4.5
2021-2-8T15:38:40,-62.15906,-58.47080,4.5
2021-2-8T15:38:51,-62.15908,-58.47084,4.6
2021-2-8T15:39:2,-62.15909,-58.47086,4.6
2021-2-8T15:39:12,-62.15909,-58.47087,4.6
2021-2-8T15:39:23,-62.15909,-58.47087,4.7
2021-2-8T15:39:33,-62.15909,-58.47087,5.0
2021-2-8T15:39:44,-62.15911,-58.47089,5.5
2021-2-8T15:39:55,-62.15910,-58.47089,4.9
2021-2-8T15:40:5,-62.15910,-58.47089,4.6
2021-2-8T15:40:16,-62.15911,-58.47089,5.2
2021-2-8T15:40:26,-62.15911,-58.47088,6.0
2021-2-8T15:40:37,-62.15911,-58.47088,5.6
2021-2-8T15:40:48,-62.15911,-58.47089,4.6
2021-2-8T15:40:58,-62.15911,-58.47089,4.2
2021-2-8T15:41:9,-62.15911,-58.47090,4.7
2021-2-8T15:41:19,-62.15911,-58.47090,4.6
2021-2-8T15:41:30,-62.15911,-58.47090,4.1
2021-2-8T15:41:41,-62.15911,-58.47089,3.7
2021-2-8T15:41:51,-62.15911,-58.47089,3.4
2021-2-8T15:42:2,-62.15911,-58.47089,3.4
2021-2-8T15:42:12,-62.15911,-58.47090,2.6
2021-2-8T15:42:23,-62.15911,-58.47091,2.6
2021-2-8T15:42:34,-62.15911,-58.47091,3.2
2021-2-8T15:42:44,-62.15912,-58.47092,4.0
2021-2-8T15:42:55,-62.15912,-58.47093,4.7
2021-2-8T15:43:5,-62.15912,-58.47092,4.5
2021-2-8T15:43:16,-62.15912,-58.47092,4.5
2021-2-8T15:43:27,-62.15911,-58.47092,5.2
2021-2-8T15:43:37,-62.15911,-58.47091,5.8
2021-2-8T15:43:48,-62.15911,-58.47092,5.3
2021-2-8T15:43:58,-62.15911,-58.47093,4.2
2021-2-8T15:44:9,-62.15911,-58.47093,3.4
2021-2-8T15:44:20,-62.15911,-58.47093,3.0
2021-2-8T15:44:30,-62.15911,-58.47094,3.1
2021-2-8T15:44:41,-62.15911,-58.47095,3.1
2021-2-8T15:44:51,-62.15911,-58.47095,2.7
2021-2-8T15:45:2,-62.15911,-58.47095,2.5
2021-2-8T15:45:13,-62.15911,-58.47096,2.4
2021-2-8T15:45:23,-62.15912,-58.47096,2.4
2021-2-8T15:45:34,-62.15911,-58.47095,2.2
2021-2-8T15:45:44,-62.15911,-58.47095,1.6
2021-2-8T15:45:55,-62.15911,-58.47095,1.7
2021-2-8T19:32:57,-62.15919,-58.47092,8.8
2021-2-8T19:33:59,-62.15914,-58.47081,15.8
2021-2-8T19:34:10,-62.15914,-58.47086,11.0
2021-2-8T19:34:20,-62.15915,-58.47091,6.1
2021-2-8T19:34:31,-62.15915,-58.47090,7.0
2021-2-8T19:34:42,-62.15915,-58.47091,5.7
2021-2-8T19:34:52,-62.15915,-58.47091,5.8
2021-2-8T19:35:3,-62.15915,-58.47092,4.9
2021-2-8T19:35:13,-62.15915,-58.47093,4.5
2021-2-8T19:35:24,-62.15915,-58.47094,4.3
2021-2-8T19:35:34,-62.15914,-58.47091,4.5
2021-2-8T19:35:45,-62.15914,-58.47091,4.4
2021-2-8T19:35:56,-62.15924,-58.47081,3.2
2021-2-8T19:36:6,-62.15923,-58.47089,0.6
2021-2-8T19:36:17,-62.15921,-58.47100,0.5
2021-2-8T19:36:27,-62.15928,-58.47110,0.2
2021-2-8T19:36:38,-62.15929,-58.47117,-6.8
2021-2-8T19:36:48,-62.15929,-58.47119,-3.7
2021-2-8T19:36:59,-62.15931,-58.47123,-2.5
2021-2-8T19:37:10,-62.15932,-58.47123,0.1
2021-2-8T19:37:20,-62.15931,-58.47121,4.2
2021-2-8T19:37:31,-62.15932,-58.47120,6.1
2021-2-8T19:37:41,-62.15932,-58.47116,10.5
2021-2-8T19:37:52,-62.15932,-58.47111,9.9
2021-2-8T19:38:2,-62.15935,-58.47117,10.2
2021-2-8T19:38:13,-62.15934,-58.47117,12.5
2021-2-8T19:38:24,-62.15932,-58.47118,13.0
2021-2-8T19:38:34,-62.15932,-58.47117,12.5
2021-2-8T19:38:45,-62.15933,-58.47113,15.1
2021-2-8T19:38:55,-62.15932,-58.47114,13.6
2021-2-8T19:39:6,-62.15932,-58.47116,13.5
2021-2-8T19:39:16,-62.15930,-58.47109,11.9
2021-2-8T19:39:27,-62.15930,-58.47116,11.4
2021-2-8T19:39:38,-62.15929,-58.47122,8.9
2021-2-8T19:39:48,-62.15929,-58.47122,7.2
2021-2-8T19:39:59,-62.15928,-58.47115,4.9
2021-2-8T19:40:10,-62.15931,-58.47121,6.7
2021-2-8T19:40:20,-62.15934,-58.47134,7.3
2021-2-8T19:40:31,-62.15943,-58.47164,9.2
2021-2-8T19:40:42,-62.15951,-58.47198,9.5
2021-2-8T19:40:52,-62.15957,-58.47229,9.2
2021-2-8T19:41:3,-62.15965,-58.47260,9.7
2021-2-8T19:41:10,-62.15975,-58.47284,9.5
2021-2-8T19:41:21,-62.15986,-58.47310,10.8
2021-2-8T19:41:31,-62.15995,-58.47328,8.7
2021-2-8T19:41:42,-62.16004,-58.47344,6.4
2021-2-8T19:41:53,-62.16013,-58.47331,2.1
2021-2-8T19:42:3,-62.16013,-58.47313,-10.2
2021-2-8T19:42:14,-62.16016,-58.47331,8.5
2021-2-8T19:42:24,-62.16019,-58.47339,10.6
2021-2-8T19:42:35,-62.16013,-58.47352,12.4
2021-2-8T19:42:45,-62.16021,-58.47321,13.0
2021-2-8T19:42:56,-62.16016,-58.47325,13.6
2021-2-8T19:43:7,-62.15995,-58.47367,14.0
2021-2-8T19:43:17,-62.15983,-58.47402,16.3
2021-2-8T19:43:28,-62.15985,-58.47398,16.8
2021-2-8T19:43:38,-62.15991,-58.47377,17.1
2021-2-8T19:43:49,-62.15991,-58.47363,16.7
2021-2-8T19:43:59,-62.15997,-58.47280,14.2
2021-2-8T19:44:10,-62.16016,-58.47252,13.5
2021-2-8T19:44:21,-62.16024,-58.47312,10.8
2021-2-8T19:44:31,-62.16024,-58.47323,9.5
2021-2-8T19:44:42,-62.16023,-58.47312,8.8
2021-2-8T19:44:52,-62.16022,-58.47301,8.6
2021-2-8T19:45:3,-62.16012,-58.47313,8.2
2021-2-8T19:45:13,-62.16009,-58.47315,6.8
2021-2-8T19:45:24,-62.16006,-58.47314,7.3
2021-2-8T19:45:35,-62.16005,-58.47315,8.6
2021-2-8T19:45:45,-62.16005,-58.47322,11.1
2021-2-8T19:45:56,-62.16008,-58.47331,14.5
2021-2-8T19:46:6,-62.16006,-58.47346,16.5
2021-2-8T19:46:17,-62.15998,-58.47355,15.3
2021-2-8T19:46:27,-62.16001,-58.47362,21.5
2021-2-8T19:46:38,-62.16000,-58.47364,30.4
2021-2-8T19:46:49,-62.15999,-58.47358,39.5
2021-2-8T19:46:59,-62.16000,-58.47335,46.9
2021-2-8T19:47:10,-62.15995,-58.47312,46.3
2021-2-8T19:47:20,-62.15993,-58.47388,19.7
2021-2-8T19:47:31,-62.15987,-58.47369,11.4
2021-2-8T19:47:41,-62.15981,-58.47343,7.4
2021-2-8T19:47:52,-62.15975,-58.47327,6.7
2021-2-8T19:48:3,-62.15966,-58.47304,4.5
2021-2-8T19:48:13,-62.15957,-58.47279,3.0
2021-2-8T19:48:24,-62.15947,-58.47260,2.6
2021-2-8T19:48:34,-62.15943,-58.47257,3.4
2021-2-8T19:48:45,-62.15942,-58.47261,1.4
2021-2-8T19:48:56,-62.15948,-58.47290,2.0
2021-2-8T19:49:6,-62.15955,-58.47314,4.3
2021-2-8T19:49:17,-62.15956,-58.47317,4.7
2021-2-8T19:49:27,-62.15957,-58.47317,6.5
2021-2-8T19:49:38,-62.15958,-58.47318,6.4
2021-2-8T19:49:48,-62.15958,-58.47316,6.0
2021-2-8T19:49:59,-62.15957,-58.47315,5.6
2021-2-8T19:50:10,-62.15957,-58.47314,5.2
2021-2-8T19:50:20,-62.15957,-58.47315,4.4
2021-2-8T19:50:31,-62.15957,-58.47314,4.7
2021-2-8T19:50:41,-62.15956,-58.47313,3.7
2021-2-8T19:50:52,-62.15956,-58.47314,2.7
2021-2-8T19:51:3,-62.15956,-58.47314,2.4
2021-2-8T19:51:13,-62.15956,-58.47314,2.4
2021-2-8T14:19:5,-62.15914,-58.47104,10.6
2021-2-8T14:19:16,-62.15914,-58.47102,10.2
2021-2-8T14:19:27,-62.15913,-58.47101,9.9
2021-2-8T14:19:37,-62.15913,-58.47100,9.6
2021-2-8T14:19:48,-62.15913,-58.47099,9.4
2021-2-8T14:19:58,-62.15913,-58.47099,9.3
2021-2-8T14:20:9,-62.15913,-58.47098,9.4
2021-2-8T14:20:20,-62.15913,-58.47098,9.1
2021-2-8T14:20:30,-62.15913,-58.47098,8.9
2021-2-8T14:20:41,-62.15913,-58.47098,8.6
2021-2-8T14:20:51,-62.15913,-58.47099,8.5
2021-2-8T14:21:2,-62.15913,-58.47099,8.4
2021-2-8T14:21:12,-62.15913,-58.47100,8.5
2021-2-8T14:21:23,-62.15913,-58.47100,8.4
2021-2-8T14:21:33,-62.15912,-58.47101,8.6
2021-2-8T14:21:44,-62.15912,-58.47100,9.2
2021-2-8T14:21:54,-62.15913,-58.47101,9.2
2021-2-8T14:22:5,-62.15913,-58.47100,9.3
2021-2-8T14:22:16,-62.15912,-58.47100,9.3
2021-2-8T14:22:26,-62.15912,-58.47100,9.1
2021-2-8T14:22:37,-62.15912,-58.47100,8.9
2021-2-8T14:22:47,-62.15913,-58.47100,8.5
2021-2-8T14:22:58,-62.15913,-58.47100,8.3
2021-2-8T14:23:8,-62.15913,-58.47099,8.8
2021-2-8T14:23:19,-62.15912,-58.47098,9.0
2021-2-8T14:23:29,-62.15912,-58.47098,8.9
2021-2-8T14:23:40,-62.15912,-58.47098,8.9
2021-2-8T14:23:50,-62.15912,-58.47097,8.7
2021-2-8T14:24:1,-62.15912,-58.47097,8.4
2021-2-8T14:24:12,-62.15912,-58.47097,8.2
2021-2-8T14:24:22,-62.15912,-58.47097,7.9
2021-2-8T14:24:33,-62.15912,-58.47098,7.3
2021-2-8T14:24:43,-62.15912,-58.47098,7.3
2021-2-8T14:24:54,-62.15913,-58.47098,7.5
2021-2-8T14:25:4,-62.15913,-58.47098,7.5
2021-2-8T14:25:15,-62.15913,-58.47098,7.2
2021-2-8T14:25:25,-62.15912,-58.47098,7.6
2021-2-8T14:25:36,-62.15913,-58.47098,7.6
2021-2-8T14:25:46,-62.15913,-58.47098,7.7
2021-2-8T14:25:57,-62.15915,-58.47097,7.3
2021-2-8T14:26:8,-62.15920,-58.47112,4.9
2021-2-8T14:26:18,-62.15916,-58.47118,-2.8
2021-2-8T14:26:29,-62.15913,-58.47118,-2.6
2021-2-8T15:18:35,-62.15913,-58.47099,13.2
2021-2-8T15:18:45,-62.15913,-58.47098,13.4
2021-2-8T15:18:56,-62.15912,-58.47095,14.0
2021-2-8T15:19:7,-62.15911,-58.47093,14.3
2021-2-8T15:19:17,-62.15911,-58.47093,15.0
2021-2-8T15:19:28,-62.15912,-58.47094,15.7
2021-2-8T15:19:38,-62.15910,-58.47091,15.7
2021-2-8T15:19:49,-62.15910,-58.47090,15.0
2021-2-8T15:19:59,-62.15911,-58.47091,14.7
2021-2-8T15:20:10,-62.15912,-58.47092,15.0
2021-2-8T15:20:21,-62.15917,-58.47097,10.9
2021-2-8T15:20:31,-62.15920,-58.47102,10.4
2021-2-8T15:20:42,-62.15919,-58.47100,9.1
2021-2-8T15:20:52,-62.15912,-58.47089,10.0
2021-2-8T15:21:3,-62.15911,-58.47089,10.7
2021-2-8T15:21:13,-62.15913,-58.47093,9.9
2021-2-8T15:21:24,-62.15914,-58.47094,8.9
2021-2-8T15:21:34,-62.15913,-58.47093,9.2
2021-2-8T15:21:45,-62.15913,-58.47094,9.9
2021-2-8T15:21:56,-62.15910,-58.47091,10.8
2021-2-8T15:22:6,-62.15910,-58.47093,11.7
2021-2-8T15:22:17,-62.15908,-58.47092,12.9
2021-2-8T15:22:27,-62.15907,-58.47093,13.8
2021-2-8T15:22:38,-62.15908,-58.47095,14.6
2021-2-8T15:22:48,-62.15906,-58.47091,15.8
2021-2-8T15:22:59,-62.15909,-58.47095,15.7
2021-2-8T15:23:9,-62.15910,-58.47096,15.7
2021-2-8T15:23:20,-62.15909,-58.47096,16.3
2021-2-8T15:23:30,-62.15910,-58.47096,15.6
2021-2-8T15:23:41,-62.15909,-58.47094,15.9
2021-2-8T15:23:52,-62.15907,-58.47090,15.4
2021-2-8T15:24:2,-62.15906,-58.47089,16.6
2021-2-8T15:24:13,-62.15902,-58.47082,16.4
2021-2-8T15:24:23,-62.15903,-58.47082,15.6
2021-2-8T15:24:34,-62.15904,-58.47082,14.9
2021-2-8T15:24:44,-62.15905,-58.47084,14.7
2021-2-8T15:24:55,-62.15905,-58.47086,13.7
2021-2-8T15:25:5,-62.15906,-58.47086,13.8
2021-2-8T15:25:16,-62.15906,-58.47084,14.2
2021-2-8T15:25:27,-62.15908,-58.47086,13.7
2021-2-8T15:25:37,-62.15907,-58.47085,12.0
2021-2-8T15:25:48,-62.15906,-58.47082,10.9
2021-2-8T15:25:58,-62.15905,-58.47080,9.8
2021-2-8T15:26:9,-62.15903,-58.47073,6.3
2021-2-8T15:26:19,-62.15903,-58.47074,3.3
2021-2-8T15:26:30,-62.15902,-58.47072,2.4
2021-2-8T15:26:40,-62.15902,-58.47072,1.9
2021-2-8T15:26:51,-62.15902,-58.47073,1.5
2021-2-8T15:27:1,-62.15902,-58.47071,1.0
2021-2-8T15:27:12,-62.15903,-58.47073,1.1
2021-2-8T15:27:23,-62.15903,-58.47074,0.9
2021-2-8T15:27:33,-62.15903,-58.47073,0.7
2021-2-8T15:27:44,-62.15904,-58.47073,1.4
2021-2-8T15:27:54,-62.15904,-58.47073,2.1
2021-2-8T15:28:5,-62.15905,-58.47075,2.8
2021-2-8T15:28:15,-62.15905,-58.47074,3.9
2021-2-8T15:28:26,-62.15906,-58.47075,4.2
2021-2-8T15:28:36,-62.15906,-58.47075,4.3
2021-2-8T15:28:47,-62.15907,-58.47076,5.4
2021-2-8T15:28:57,-62.15906,-58.47076,4.7
2021-2-8T15:29:8,-62.15906,-58.47078,3.6
2021-2-8T15:29:19,-62.15905,-58.47078,2.7
2021-2-8T15:29:29,-62.15906,-58.47080,3.2
2021-2-8T15:29:40,-62.15906,-58.47082,4.0
2021-2-8T15:29:50,-62.15905,-58.47081,4.7
2021-2-8T15:30:1,-62.15904,-58.47081,5.1
2021-2-8T15:30:11,-62.15902,-58.47079,5.3
2021-2-8T15:30:22,-62.15903,-58.47081,4.7
2021-2-8T15:30:33,-62.15905,-58.47083,4.5
2021-2-8T15:30:43,-62.15905,-58.47083,6.2
2021-2-8T15:30:54,-62.15908,-58.47085,6.5
2021-2-8T15:31:4,-62.15908,-58.47083,7.2
2021-2-8T15:31:15,-62.15908,-58.47082,8.6
2021-2-8T15:31:25,-62.15907,-58.47079,9.7
2021-2-8T15:31:36,-62.15908,-58.47079,8.9
2021-2-8T15:31:46,-62.15908,-58.47078,9.4
2021-2-8T15:31:57,-62.15909,-58.47078,8.9
2021-2-8T15:32:7,-62.15910,-58.47077,9.4
2021-2-8T15:32:18,-62.15912,-58.47080,10.2
2021-2-8T15:32:29,-62.15911,-58.47079,11.7
2021-2-8T15:32:39,-62.15911,-58.47079,13.2
2021-2-8T15:32:50,-62.15912,-58.47081,14.3
2021-2-8T15:33:0,-62.15912,-58.47082,14.7
2021-2-8T15:33:11,-62.15912,-58.47083,14.9
2021-2-8T15:33:21,-62.15911,-58.47083,15.3
2021-2-8T15:33:32,-62.15910,-58.47080,17.4
2021-2-8T15:33:42,-62.15909,-58.47078,18.3
2021-2-8T15:33:53,-62.15909,-58.47078,17.9
2021-2-8T15:34:3,-62.15910,-58.47080,16.7
2021-2-8T15:34:14,-62.15910,-58.47083,14.8
2021-2-8T15:34:25,-62.15909,-58.47081,13.1
2021-2-8T15:34:35,-62.15908,-58.47082,11.4
2021-2-8T15:34:46,-62.15909,-58.47083,9.8
2021-2-8T15:34:56,-62.15909,-58.47084,9.2
2021-2-8T15:35:7,-62.15908,-58.47084,8.8
2021-2-8T15:35:17,-62.15908,-58.47084,8.0
2021-2-8T15:35:28,-62.15907,-58.47084,7.9
2021-2-8T15:35:38,-62.15909,-58.47087,7.7
2021-2-8T15:35:49,-62.15910,-58.47091,7.2
2021-2-8T15:35:59,-62.15909,-58.47088,7.3
2021-2-8T19:51:24,-62.15957,-58.47314,3.0
2021-2-8T19:51:34,-62.15956,-58.47314,2.9
2021-2-8T19:51:45,-62.15957,-58.47314,3.7
2021-2-8T19:51:55,-62.15957,-58.47314,4.1
2021-2-8T19:52:6,-62.15958,-58.47314,4.7
2021-2-8T19:52:16,-62.15958,-58.47314,5.5
2021-2-8T19:52:27,-62.15958,-58.47315,5.9
2021-2-8T19:52:37,-62.15958,-58.47314,5.8
2021-2-8T19:52:48,-62.15958,-58.47314,5.6
2021-2-8T19:52:58,-62.15958,-58.47314,5.1
2021-2-8T19:53:9,-62.15958,-58.47314,4.4
2021-2-8T19:53:19,-62.15958,-58.47314,4.0
2021-2-8T19:53:30,-62.15958,-58.47314,3.9
2021-2-8T19:53:40,-62.15958,-58.47314,4.0
2021-2-8T19:53:51,-62.15958,-58.47314,4.7
2021-2-8T19:54:1,-62.15958,-58.47313,5.0
2021-2-8T19:54:12,-62.15959,-58.47313,5.7
2021-2-8T19:54:22,-62.15958,-58.47314,4.4
2021-2-8T19:54:33,-62.15958,-58.47315,3.3
2021-2-8T19:54:43,-62.15958,-58.47314,3.0
2021-2-8T19:54:54,-62.15958,-58.47314,2.3
2021-2-8T19:55:4,-62.15959,-58.47314,2.3
2021-2-8T19:55:15,-62.15959,-58.47314,1.7
2021-2-8T19:55:25,-62.15959,-58.47315,2.2
2021-2-8T19:55:36,-62.15959,-58.47316,3.0
2021-2-8T19:55:46,-62.15958,-58.47317,3.3
2021-2-8T19:55:57,-62.15958,-58.47317,3.5
2021-2-8T19:56:8,-62.15957,-58.47317,3.9
2021-2-8T19:56:18,-62.15957,-58.47317,4.8
2021-2-8T19:56:29,-62.15957,-58.47318,3.9
2021-2-8T19:56:39,-62.15957,-58.47317,4.3
2021-2-8T19:56:50,-62.15957,-58.47317,5.5
2021-2-8T19:57:0,-62.15957,-58.47316,5.9
2021-2-8T19:57:11,-62.15958,-58.47315,5.7
2021-2-8T19:57:21,-62.15958,-58.47314,4.9
2021-2-8T19:57:32,-62.15957,-58.47313,4.2
2021-2-8T19:57:42,-62.15957,-58.47313,4.1
2021-2-8T19:57:53,-62.15957,-58.47312,4.4
2021-2-8T19:58:3,-62.15957,-58.47313,4.7
2021-2-8T19:58:14,-62.15957,-58.47313,4.6
2021-2-8T19:58:24,-62.15957,-58.47313,4.1
2021-2-8T19:58:35,-62.15957,-58.47314,3.4
2021-2-8T19:58:45,-62.15957,-58.47313,2.6
2021-2-8T19:58:56,-62.15956,-58.47313,1.4
2021-2-8T19:59:6,-62.15956,-58.47313,1.1
2021-2-8T19:59:17,-62.15956,-58.47313,1.1
2021-2-8T19:59:27,-62.15956,-58.47313,1.6
2021-2-8T19:59:38,-62.15956,-58.47313,2.1
2021-2-8T19:59:48,-62.15956,-58.47313,2.3
2021-2-8T19:59:59,-62.15956,-58.47313,2.3
2021-2-8T20:0:10,-62.15957,-58.47313,2.5
2021-2-8T20:0:20,-62.15957,-58.47314,2.7
2021-2-8T20:0:31,-62.15957,-58.47314,2.8
2021-2-8T20:0:42,-62.15957,-58.47314,3.0
2021-2-8T20:0:52,-62.15958,-58.47313,3.9
2021-2-8T20:1:3,-62.15958,-58.47313,5.2
2021-2-8T20:1:13,-62.15958,-58.47313,5.9
2021-2-8T20:1:24,-62.15958,-58.47313,5.8
2021-2-8T20:1:34,-62.15958,-58.47313,6.2
2021-2-8T20:1:45,-62.15958,-58.47312,6.4
2021-2-8T20:1:56,-62.15958,-58.47313,6.4
2021-2-8T20:2:6,-62.15958,-58.47313,6.2
2021-2-8T20:2:17,-62.15958,-58.47313,5.7
2021-2-8T20:2:27,-62.15958,-58.47314,5.3
2021-2-8T20:2:38,-62.15958,-58.47315,5.1
2021-2-8T20:2:48,-62.15957,-58.47315,5.2
2021-2-8T20:2:59,-62.15957,-58.47314,4.7
2021-2-8T20:3:10,-62.15957,-58.47314,4.4
2021-2-8T20:3:20,-62.15957,-58.47314,4.0
2021-2-8T20:3:31,-62.15957,-58.47315,3.6
2021-2-8T20:3:41,-62.15957,-58.47315,3.8
2021-2-8T20:3:52,-62.15957,-58.47315,3.9
2021-2-8T20:4:2,-62.15957,-58.47314,4.0
2021-2-8T20:4:13,-62.15957,-58.47315,4.3
2021-2-8T20:4:24,-62.15957,-58.47315,4.9
2021-2-8T20:4:34,-62.15957,-58.47314,5.2
2021-2-8T20:4:45,-62.15957,-58.47314,5.3
2021-2-8T20:4:55,-62.15957,-58.47313,5.0
2021-2-8T20:5:6,-62.15957,-58.47313,4.7
2021-2-8T20:5:16,-62.15957,-58.47314,4.1
2021-2-8T20:5:27,-62.15957,-58.47314,3.8
2021-2-8T20:5:38,-62.15957,-58.47315,3.9
2021-2-8T20:5:48,-62.15957,-58.47315,4.1
2021-2-8T20:5:59,-62.15958,-58.47315,4.4
2021-2-8T20:6:9,-62.15958,-58.47315,4.4
2021-2-8T20:6:20,-62.15958,-58.47315,4.2
2021-2-8T20:6:30,-62.15959,-58.47315,4.7
2021-2-8T20:6:41,-62.15959,-58.47315,5.1
2021-2-8T20:6:52,-62.15959,-58.47315,5.6
2021-2-8T20:7:2,-62.15959,-58.47315,6.2
2021-2-8T20:7:13,-62.15959,-58.47315,6.4
2021-2-8T20:7:23,-62.15959,-58.47315,6.0
2021-2-8T20:7:34,-62.15959,-58.47315,6.4
2021-2-8T20:7:44,-62.15959,-58.47315,7.0
2021-2-8T20:7:55,-62.15959,-58.47315,7.2
2021-2-8T20:8:6,-62.15959,-58.47315,7.0
2021-2-8T20:8:16,-62.15959,-58.47315,6.7
2021-2-8T20:8:27,-62.15958,-58.47316,5.9
2021-2-8T20:8:37,-62.15958,-58.47316,4.8
2021-2-8T20:8:48,-62.15958,-58.47315,4.7
2021-2-8T22:29:14,-62.16014,-58.47338,14.8
2021-2-8T22:29:24,-62.16014,-58.47338,16.2
2021-2-8T22:29:35,-62.16014,-58.47338,17.9
2021-2-8T22:29:46,-62.16014,-58.47337,18.3
2021-2-8T22:29:56,-62.16014,-58.47337,17.9
2021-2-8T22:30:7,-62.16014,-58.47337,15.9
2021-2-8T22:30:17,-62.16014,-58.47337,14.7
2021-2-8T22:30:28,-62.16015,-58.47336,15.6
2021-2-8T22:30:38,-62.16015,-58.47336,15.2
2021-2-8T22:30:49,-62.16014,-58.47337,13.9
2021-2-8T22:30:59,-62.16014,-58.47338,14.6
2021-2-8T22:31:10,-62.16015,-58.47338,16.1
2021-2-8T22:31:20,-62.16014,-58.47339,15.9
2021-2-8T22:31:31,-62.16015,-58.47339,17.5
2021-2-8T22:31:41,-62.16015,-58.47340,16.8
2021-2-8T22:31:52,-62.16015,-58.47340,14.6
2021-2-8T22:32:2,-62.16015,-58.47340,12.2
2021-2-8T22:32:13,-62.16015,-58.47340,11.1
2021-2-8T22:32:23,-62.16014,-58.47340,10.1
2021-2-8T22:32:34,-62.16012,-58.47340,8.6
2021-2-8T22:32:44,-62.16012,-58.47339,8.9
2021-2-8T22:32:55,-62.16012,-58.47339,11.4
2021-2-8T22:33:5,-62.16012,-58.47340,12.0
2021-2-8T22:33:16,-62.16013,-58.47340,12.4
2021-2-8T22:33:27,-62.16013,-58.47341,13.7
2021-2-8T22:33:37,-62.16013,-58.47342,13.1
2021-2-8T22:33:48,-62.16012,-58.47342,11.7
2021-2-8T22:33:58,-62.16012,-58.47341,11.0
2021-2-8T22:34:9,-62.16011,-58.47338,9.2
2021-2-8T22:34:19,-62.16012,-58.47337,11.6
2021-2-8T22:34:30,-62.16013,-58.47338,10.2
2021-2-8T22:34:40,-62.16011,-58.47339,12.1
2021-2-8T22:34:51,-62.16014,-58.47339,13.0
2021-2-8T22:35:43,-62.16021,-58.47245,16.0
2021-2-8T22:35:53,-62.16021,-58.47219,16.1
2021-2-8T22:36:24,0.0,-1.33929,16.2
2021-2-8T22:36:35,0.0,-1.33929,16.2
2021-2-8T22:36:45,0.0,-1.33929,16.2
2021-2-8T22:36:56,0.0,-1.33929,16.2
2021-2-8T22:37:6,0.0,-1.33929,16.2
2021-2-8T22:37:17,0.0,-1.33929,16.2
2021-2-8T22:37:27,0.0,-1.33929,16.2
2021-2-8T22:37:38,0.0,-1.33929,16.2
2021-2-8T22:37:48,0.0,-1.33929,16.2
2021-2-8T22:37:59,0.0,-1.33929,16.2
2021-2-8T22:38:9,0.0,-1.33929,16.2
2021-2-8T22:38:20,0.0,-1.33929,16.2
2021-2-8T22:38:30,0.0,-1.33929,16.2
2021-2-8T22:38:41,0.0,0.11667,16.2
2021-2-8T22:38:51,0.0,0.11667,16.2
2021-2-8T22:39:2,0.0,0.11667,16.2
2021-2-8T22:39:12,0.0,0.11667,16.2
2021-2-8T22:39:22,0.0,0.11667,16.2
2021-2-8T22:39:33,0.0,0.11667,16.2
2021-2-8T22:39:43,0.0,0.11667,16.2
2021-2-8T22:39:54,0.0,-1.33929,25.5
2021-2-8T23:35:11,-62.16000,-58.47291,24.2
2021-2-8T23:35:21,-62.15986,-58.47302,13.9
2021-2-8T23:35:32,-62.15972,-58.47286,9.0
2021-2-8T23:35:42,-62.15966,-58.47267,4.5
2021-2-8T23:35:53,-62.15952,-58.47234,4.0
2021-2-8T23:36:3,-62.15941,-58.47207,1.7
2021-2-8T23:36:14,-62.15930,-58.47174,3.8
2021-2-8T23:36:25,-62.15916,-58.47142,4.8
2021-2-8T23:36:35,-62.15907,-58.47114,4.4
2021-2-8T23:36:46,-62.15918,-58.47098,3.4
2021-2-8T23:36:56,0.0,-1.33929,2.2
2021-2-8T23:37:7,0.0,-1.33929,2.2
2021-2-8T23:37:17,0.0,-1.33929,2.2
2021-2-8T23:37:28,0.0,-1.33929,2.2
2021-2-8T23:37:38,0.0,-1.33929,2.2
2021-2-8T23:37:49,0.0,-1.33929,2.2
2021-2-8T23:37:59,0.0,-1.33929,2.2
2021-2-8T23:38:10,0.0,-1.33929,2.2
2021-2-8T23:38:20,0.0,-1.33929,2.2
2021-2-8T15:36:10,-62.15908,-58.47089,6.0
2021-2-8T15:36:21,-62.15901,-58.47068,2.7
2021-2-8T15:36:32,-62.15916,-58.47111,5.2
2021-2-8T15:36:42,-62.15916,-58.47107,5.5
2021-2-8T15:36:53,0.0,-1.33929,5.4
2021-2-8T20:8:58,-62.15957,-58.47316,4.5
2021-2-8T20:9:9,-62.15957,-58.47317,3.8
2021-2-8T20:9:19,-62.15957,-58.47317,3.6
2021-2-8T20:9:30,-62.15957,-58.47317,4.3
2021-2-8T20:9:40,-62.15950,-58.47319,4.5
2021-2-8T20:9:51,-62.15932,-58.47316,3.1
2021-2-8T20:10:1,-62.15920,-58.47294,2.6
2021-2-8T20:10:12,-62.15907,-58.47272,3.0
2021-2-8T20:10:23,-62.15896,-58.47302,2.6
2021-2-8T20:10:33,-62.15904,-58.47330,3.2
2021-2-8T20:10:44,-62.15897,-58.47325,1.6
2021-2-8T20:10:54,-62.15894,-58.47325,0.6
2021-2-8T20:11:5,-62.15884,-58.47321,0.0
2021-2-8T20:11:15,-62.15879,-58.47314,0.1
2021-2-8T20:11:26,-62.15868,-58.47304,0.3
2021-2-8T20:11:36,-62.15858,-58.47291,-1.2
2021-2-8T20:11:47,-62.15855,-58.47287,-1.4
2021-2-8T20:11:57,-62.15855,-58.47287,-1.8
2021-2-8T20:12:8,-62.15854,-58.47286,-2.5
2021-2-8T20:12:18,-62.15854,-58.47286,-2.6
2021-2-8T20:12:29,-62.15854,-58.47287,-2.6
2021-2-8T20:12:39,-62.15854,-58.47287,-2.6
2021-2-8T20:12:50,-62.15854,-58.47288,-2.0
2021-2-8T20:13:0,-62.15850,-58.47283,-1.7
2021-2-8T20:13:11,-62.15842,-58.47263,-1.7
2021-2-8T20:13:22,-62.15834,-58.47253,-1.5
2021-2-8T20:13:32,-62.15832,-58.47241,0.7
2021-2-8T20:13:43,-62.15823,-58.47228,0.6
2021-2-8T20:13:53,-62.15816,-58.47218,0.1
2021-2-8T20:14:4,-62.15809,-58.47202,0.1
2021-2-8T20:14:14,-62.15811,-58.47187,0.3
2021-2-8T20:14:25,-62.15817,-58.47184,0.0
2021-2-8T20:14:35,-62.15815,-58.47189,0.5
2021-2-8T20:14:46,-62.15804,-58.47164,0.3
2021-2-8T20:14:56,-62.15793,-58.47134,0.1
2021-2-8T20:15:7,-62.15779,-58.47104,0.1
2021-2-8T20:15:17,-62.15770,-58.47085,0.3
2021-2-8T20:15:28,-62.15746,-58.47052,0.9
2021-2-8T20:15:38,-62.15702,-58.46974,0.6
2021-2-8T20:15:49,-62.15705,-58.46973,0.2
2021-2-8T20:15:59,-62.15716,-58.46975,0.9
2021-2-8T20:16:10,-62.15712,-58.46960,-1.2
2021-2-8T20:16:20,-62.15687,-58.46953,0.8
2021-2-8T20:16:31,-62.15673,-58.46914,0.1
2021-2-8T20:16:41,-62.15661,-58.46873,0.3
2021-2-8T20:16:52,-62.15650,-58.46822,0.5
2021-2-8T20:17:2,-62.15635,-58.46780,0.2
2021-2-8T20:17:13,-62.15637,-58.46766,0.2
2021-2-8T20:17:23,-62.15638,-58.46807,0.4
2021-2-8T20:17:34,-62.15642,-58.46855,0.7
2021-2-8T20:17:44,-62.15653,-58.46857,-1.1
2021-2-8T20:17:55,-62.15642,-58.46809,0.8
2021-2-8T20:18:5,-62.15614,-58.46753,0.1
2021-2-8T20:18:16,-62.15560,-58.46619,0.1
2021-2-8T20:18:26,-62.15539,-58.46458,0.1
2021-2-8T20:18:37,-62.15517,-58.46290,0.1
2021-2-8T20:18:47,-62.15516,-58.46241,0.3
2021-2-8T20:18:58,-62.15514,-58.46190,0.2
2021-2-8T20:19:8,-62.15508,-58.46133,0.3
2021-2-8T20:19:19,-62.15506,-58.46101,0.1
2021-2-8T20:19:29,-62.15515,-58.46079,0.4
2021-2-8T20:19:40,-62.15520,-58.45973,0.1
2021-2-8T20:19:50,-62.15521,-58.45804,0.5
2021-2-8T20:20:1,-62.15533,-58.45644,0.4
2021-2-8T20:20:12,-62.15544,-58.45584,0.3
2021-2-8T20:20:22,-62.15553,-58.45564,0.3
2021-2-8T20:20:33,-62.15558,-58.45558,0.2
2021-2-8T20:20:43,-62.15566,-58.45558,0.3
2021-2-8T20:20:54,-62.15619,-58.45456,0.6
2021-2-8T20:21:4,-62.15655,-58.45285,0.5
2021-2-8T20:21:15,-62.15710,-58.45076,0.3
2021-2-8T20:21:25,-62.15756,-58.44877,0.2
2021-2-8T20:21:36,-62.15811,-58.44658,0.1
2021-2-8T20:21:46,-62.15859,-58.44461,0.1
2021-2-8T20:21:57,-62.15918,-58.44258,0.1
2021-2-8T20:22:7,-62.15964,-58.44069,0.6
2021-2-8T20:22:18,-62.16013,-58.43860,0.3
2021-2-8T20:22:28,-62.16060,-58.43673,0.8
2021-2-8T20:22:39,-62.16103,-58.43461,0.0
2021-2-8T20:22:49,-62.16151,-58.43279,0.7
2021-2-8T20:23:0,-62.16200,-58.43076,0.8
2021-2-8T20:23:10,-62.16238,-58.42885,0.6
2021-2-8T20:23:21,-62.16279,-58.42680,0.3
2021-2-8T20:23:32,-62.16319,-58.42465,-1.8
2021-2-8T20:23:42,-62.16360,-58.42276,-2.4
2021-2-8T20:23:53,-62.16405,-58.42064,-1.7
2021-2-8T20:24:3,-62.16450,-58.41872,-3.2
2021-2-8T20:24:14,-62.16498,-58.41666,-4.9
2021-2-8T20:24:24,-62.16539,-58.41498,-5.3
2021-2-8T20:24:35,-62.16580,-58.41298,-2.4
2021-2-8T20:24:45,-62.16622,-58.41120,-2.8
2021-2-8T20:24:56,-62.16669,-58.40911,-3.4
2021-2-8T20:25:6,-62.16721,-58.40734,-1.5
2021-2-8T20:25:17,-62.16777,-58.40554,0.9
2021-2-8T20:25:27,-62.16823,-58.40382,-1.2
2021-2-8T20:25:38,-62.16872,-58.40180,0.3
2021-2-8T20:25:48,-62.16917,-58.39998,-2.3
2021-2-8T20:25:59,-62.16963,-58.39800,-1.0
2021-2-8T20:26:9,-62.17010,-58.39634,-1.9
2021-2-8T20:26:20,-62.17063,-58.39442,0.8
2021-2-8T20:26:30,-62.17104,-58.39251,-1.4
2021-2-8T20:26:41,-62.17150,-58.39033,-2.3
2021-2-8T20:26:52,-62.17197,-58.38821,-1.7
2021-2-8T20:27:2,-62.17238,-58.38622,0.6
2021-2-8T20:27:13,-62.17286,-58.38402,0.8
2021-2-8T20:27:23,-62.17337,-58.38209,-1.2
2021-2-8T20:27:34,-62.17387,-58.37996,-2.0
2021-2-8T20:27:44,-62.17424,-58.37796,-2.8
2021-2-8T20:27:55,-62.17470,-58.37576,-1.3
2021-2-8T20:28:5,-62.17513,-58.37384,0.1
2021-2-8T20:28:16,-62.17555,-58.37162,-1.8
2021-2-8T20:28:26,-62.17603,-58.36962,-2.6
2021-2-8T20:28:37,-62.17648,-58.36741,-3.3
2021-2-8T20:28:47,-62.17692,-58.36538,-2.4
2021-2-8T20:28:58,-62.17741,-58.36324,-4.3
2021-2-8T20:29:9,-62.17786,-58.36115,-3.4
2021-2-8T20:29:19,-62.17831,-58.35932,-3.4
2021-2-8T20:29:30,-62.17882,-58.35738,0.6
2021-2-8T20:29:40,-62.17922,-58.35548,-1.4
2021-2-8T20:29:51,-62.17967,-58.35337,-1.1
2021-2-8T20:30:1,-62.18018,-58.35145,0.7
2021-2-8T20:30:12,-62.18062,-58.34928,0.0
2021-2-8T20:30:22,-62.18108,-58.34729,-1.5
2021-2-8T20:30:33,-62.18165,-58.34519,0.5
2021-2-8T20:30:43,-62.18205,-58.34317,-2.3
2021-2-8T20:30:54,-62.18249,-58.34095,-1.5
2021-2-8T20:31:4,-62.18293,-58.33897,-1.6
2021-2-8T20:31:15,-62.18337,-58.33678,-1.4
2021-2-8T20:31:25,-62.18378,-58.33474,-1.9
2021-2-8T20:31:36,-62.18424,-58.33257,0.9
2021-2-8T20:31:46,-62.18483,-58.33080,0.6
2021-2-8T20:31:57,-62.18553,-58.32889,0.1
2021-2-8T20:32:7,-62.18623,-58.32728,-1.7
2021-2-8T20:32:18,-62.18694,-58.32545,-2.6
2021-2-8T20:32:28,-62.18761,-58.32380,-1.3
2021-2-8T20:32:39,-62.18832,-58.32198,0.2
2021-2-8T20:32:49,-62.18895,-58.32031,0.1
2021-2-8T20:33:0,-62.18968,-58.31846,-1.5
2021-2-8T20:33:11,-62.19040,-58.31661,-2.0
2021-2-8T20:33:21,-62.19112,-58.31501,-2.8
2021-2-8T20:33:32,-62.19189,-58.31326,0.2
2021-2-8T20:33:42,-62.19254,-58.31155,-1.3
2021-2-8T20:33:53,-62.19327,-58.30970,-2.0
2021-2-8T20:34:3,-62.19393,-58.30803,0.7
2021-2-8T20:34:14,-62.19466,-58.30616,-1.8
2021-2-8T20:34:24,-62.19534,-58.30449,-1.2
2021-2-8T20:34:35,-62.19610,-58.30270,0.0
2021-2-8T20:34:45,-62.19665,-58.30089,1.3
2021-2-8T20:34:56,-62.19715,-58.29884,1.1
2021-2-8T20:35:6,-62.19751,-58.29691,0.5
2021-2-8T20:35:17,-62.19792,-58.29478,0.5
2021-2-8T20:35:27,-62.19831,-58.29290,0.5
2021-2-8T20:35:38,-62.19877,-58.29083,0.5
2021-2-8T20:35:48,-62.19904,-58.28879,0.2
2021-2-8T20:35:59,-62.19930,-58.28656,0.7
2021-2-8T20:36:9,-62.19955,-58.28458,0.7
2021-2-8T20:36:20,-62.19979,-58.28230,0.3
2021-2-8T20:36:30,-62.20004,-58.28017,0.3
2021-2-8T20:36:41,-62.20026,-58.27786,0.8
2021-2-8T20:36:51,-62.20038,-58.27577,2.4
2021-2-8T20:37:2,-62.20048,-58.27342,3.0
2021-2-8T20:37:13,-62.20051,-58.27110,3.0
2021-2-8T20:37:23,-62.20049,-58.26901,2.9
2021-2-8T20:37:34,-62.20043,-58.26673,2.5
2021-2-8T20:37:44,-62.20039,-58.26469,2.2
2021-2-8T20:37:55,-62.20032,-58.26240,2.7
2021-2-8T20:38:5,-62.20027,-58.26028,1.7
2021-2-8T20:38:16,-62.20023,-58.25801,3.7
2021-2-8T20:38:26,-62.20012,-58.25593,3.5
2021-2-8T20:38:37,-62.20004,-58.25365,2.5
2021-2-8T20:38:47,-62.19989,-58.25150,3.6
2021-2-8T20:38:58,-62.19963,-58.24918,3.2
2021-2-8T20:39:8,-62.19940,-58.24711,1.5
2021-2-8T20:39:19,-62.19922,-58.24483,1.9
2021-2-8T20:39:29,-62.19904,-58.24269,2.7
2021-2-8T20:39:40,-62.19877,-58.24034,0.3
2021-2-8T20:39:50,-62.19851,-58.23823,0.5
2021-2-8T20:40:1,-62.19823,-58.23592,1.9
2021-2-8T20:40:11,-62.19806,-58.23383,2.1
2021-2-8T20:40:22,-62.19780,-58.23158,1.0
2021-2-8T20:40:32,-62.19745,-58.22965,0.4
2021-2-8T20:40:43,-62.19686,-58.22760,0.3
2021-2-8T20:40:53,-62.19633,-58.22570,0.2
2021-2-8T20:41:4,-62.19578,-58.22359,0.2
2021-2-8T20:41:14,-62.19524,-58.22170,0.7
2021-2-8T20:41:25,-62.19466,-58.21961,0.6
2021-2-8T20:41:35,-62.19414,-58.21765,0.1
2021-2-8T20:41:46,-62.19355,-58.21557,0.2
2021-2-8T20:41:56,-62.19299,-58.21369,0.3
2021-2-8T20:42:7,-62.19233,-58.21168,0.7
2021-2-8T20:42:17,-62.19178,-58.20976,0.9
2021-2-8T20:42:28,-62.19122,-58.20757,0.1
2021-2-8T20:42:38,-62.19065,-58.20568,0.0
2021-2-8T20:42:49,-62.19006,-58.20350,0.6
2021-2-8T20:42:59,-62.18950,-58.20159,0.7
2021-2-8T20:43:10,-62.18885,-58.19956,2.3
2021-2-8T20:43:20,-62.18822,-58.19778,0.8
2021-2-8T20:43:31,-62.18750,-58.19577,0.0
2021-2-8T20:43:41,-62.18687,-58.19401,0.2
2021-2-8T20:43:52,-62.18622,-58.19200,0.4
2021-2-8T20:44:3,-62.18561,-58.18996,0.8
2021-2-8T20:44:13,-62.18502,-58.18815,1.1
2021-2-8T20:44:24,-62.18437,-58.18610,0.6
2021-2-8T20:44:35,-62.18375,-58.18403,-1.2
2021-2-8T20:44:45,-62.18315,-58.18224,0.6
2021-2-8T20:44:56,-62.18245,-58.18036,0.1
2021-2-8T20:45:6,-62.18192,-58.17844,0.4
2021-2-8T20:45:17,-62.18132,-58.17634,1.0
2021-2-8T20:45:27,-62.18070,-58.17453,0.3
2021-2-8T20:45:38,-62.17996,-58.17265,0.2
2021-2-8T20:45:48,-62.17931,-58.17090,1.1
2021-2-8T20:45:59,-62.17862,-58.16899,0.9
2021-2-8T20:46:9,-62.17796,-58.16724,1.5
2021-2-8T20:46:20,-62.17716,-58.16550,1.0
2021-2-8T20:46:30,-62.17647,-58.16381,0.9
2021-2-8T20:46:41,-62.17575,-58.16187,0.9
2021-2-8T20:46:51,-62.17504,-58.16021,0.7
2021-2-8T20:47:2,-62.17427,-58.15835,0.3
2021-2-8T20:47:12,-62.17363,-58.15661,0.8
2021-2-8T20:47:23,-62.17293,-58.15464,1.1
2021-2-8T20:47:33,-62.17231,-58.15285,0.5
2021-2-8T20:47:44,-62.17172,-58.15082,0.5
2021-2-8T20:47:54,-62.17115,-58.14899,2.6
2021-2-8T20:48:5,-62.17055,-58.14692,3.1
2021-2-8T20:48:15,-62.17005,-58.14496,2.8
2021-2-8T20:48:26,-62.16950,-58.14280,1.2
2021-2-8T20:48:36,-62.16893,-58.14091,1.5
2021-2-8T20:48:47,-62.16825,-58.13891,1.4
2021-2-8T20:48:57,-62.16760,-58.13716,0.8
2021-2-8T20:49:8,-62.16685,-58.13524,2.3
2021-2-8T20:49:18,-62.16619,-58.13356,2.7
2021-2-8T20:49:29,-62.16568,-58.13142,3.0
2021-2-8T20:49:39,-62.16523,-58.12940,3.6
2021-2-8T20:49:50,-62.16471,-58.12722,4.0
2021-2-8T20:50:0,-62.16425,-58.12514,2.5
2021-2-8T20:50:11,-62.16362,-58.12341,2.4
2021-2-8T20:50:21,-62.16307,-58.12152,0.8
2021-2-8T20:50:32,-62.16253,-58.11931,1.2
2021-2-8T20:50:42,-62.16209,-58.11731,1.8
2021-2-8T20:50:53,-62.16144,-58.11530,2.2
2021-2-8T20:51:3,-62.16065,-58.11389,2.6
2021-2-8T20:51:14,-62.15960,-58.11275,0.9
2021-2-8T20:51:24,-62.15870,-58.11155,0.2
2021-2-8T20:51:35,-62.15775,-58.11014,0.8
2021-2-8T20:51:45,-62.15685,-58.10895,-1.7
2021-2-8T20:51:56,-62.15585,-58.10782,0.6
2021-2-8T20:52:6,-62.15490,-58.10684,0.6
2021-2-8T20:52:17,-62.15380,-58.10590,0.7
2021-2-8T20:52:27,-62.15287,-58.10492,0.4
2021-2-8T20:52:38,-62.15188,-58.10375,0.4
2021-2-8T20:52:49,-62.15083,-58.10266,0.6
2021-2-8T20:52:59,-62.14986,-58.10162,0.2
2021-2-8T20:53:10,-62.14888,-58.10042,0.3
2021-2-8T20:53:20,-62.14797,-58.9935,-1.6
2021-2-8T20:53:31,-62.14692,-58.9850,-1.4
2021-2-8T20:53:41,-62.14589,-58.9794,-1.5
2021-2-8T20:53:52,-62.14474,-58.9765,-1.5
2021-2-8T20:54:2,-62.14408,-58.9734,0.2
2021-2-8T20:54:13,-62.14397,-58.9804,0.2
2021-2-8T20:54:23,-62.14297,-58.9863,0.5
2021-2-8T20:54:34,-62.14179,-58.9902,0.3
2021-2-8T20:54:44,-62.14075,-58.9957,1.3
2021-2-8T20:54:55,-62.13962,-58.10020,1.1
2021-2-8T20:55:5,-62.13862,-58.10085,0.6
2021-2-8T20:55:16,-62.13750,-58.10152,1.4
2021-2-8T20:55:26,-62.13649,-58.10221,1.8
2021-2-8T20:55:37,-62.13538,-58.10292,1.4
2021-2-8T20:55:47,-62.13440,-58.10353,1.7
2021-2-8T20:55:58,-62.13332,-58.10431,2.2
2021-2-8T20:56:8,-62.13236,-58.10508,2.5
2021-2-8T20:56:19,-62.13130,-58.10594,1.5
2021-2-8T20:56:29,-62.13046,-58.10722,2.3
2021-2-8T20:56:40,-62.12949,-58.10864,2.7
2021-2-8T20:56:50,-62.12865,-58.10993,2.6
2021-2-8T20:57:1,-62.12786,-58.11166,3.5
2021-2-8T20:57:11,-62.12733,-58.11354,4.5
2021-2-8T20:57:22,-62.12687,-58.11578,3.6
2021-2-8T20:57:32,-62.12647,-58.11787,2.8
2021-2-8T20:57:43,-62.12610,-58.12020,1.8
2021-2-8T20:57:53,-62.12585,-58.12226,3.7
2021-2-8T20:58:4,-62.12564,-58.12465,3.5
2021-2-8T20:58:14,-62.12557,-58.12683,3.6
2021-2-8T20:58:25,-62.12547,-58.12923,2.6
2021-2-8T20:58:35,-62.12536,-58.13145,3.3
2021-2-8T20:58:46,-62.12522,-58.13393,3.1
2021-2-8T20:58:56,-62.12498,-58.13613,3.7
2021-2-8T20:59:7,-62.12475,-58.13856,5.2
2021-2-8T20:59:18,-62.12451,-58.14096,4.7
2021-2-8T20:59:28,-62.12425,-58.14313,5.2
2021-2-8T20:59:39,-62.12397,-58.14553,4.0
2021-2-8T20:59:49,-62.12394,-58.14775,3.7
2021-2-8T21:0:0,-62.12424,-58.15010,5.0
2021-2-8T21:0:10,-62.12480,-58.15198,3.7
2021-2-8T21:0:21,-62.12573,-58.15345,2.9
2021-2-8T21:0:31,-62.12653,-58.15413,2.4
2021-2-8T21:0:42,-62.12681,-58.15443,2.0
2021-2-8T21:0:52,-62.12704,-58.15452,1.7
2021-2-8T21:1:3,-62.12723,-58.15459,1.5
2021-2-8T21:1:13,-62.12736,-58.15465,1.2
2021-2-8T21:1:24,-62.12747,-58.15472,0.9
2021-2-8T21:1:34,-62.12757,-58.15477,1.0
2021-2-8T21:1:45,-62.12770,-58.15476,0.6
2021-2-8T21:1:56,-62.12777,-58.15479,0.7
2021-2-8T21:2:6,-62.12788,-58.15486,0.8
2021-2-8T21:2:17,-62.12808,-58.15489,0.4
2021-2-8T21:2:27,-62.12823,-58.15488,0.3
2021-2-8T21:2:38,-62.12836,-58.15483,0.2
2021-2-8T21:2:48,-62.12850,-58.15471,0.4
2021-2-8T21:2:59,-62.12865,-58.15464,0.0
2021-2-8T21:3:9,-62.12874,-58.15461,0.0
2021-2-8T21:3:20,-62.12874,-58.15462,0.2
2021-2-8T21:3:30,-62.12874,-58.15463,0.2
2021-2-8T21:3:41,-62.12873,-58.15463,0.0
2021-2-8T21:3:51,-62.12875,-58.15466,0.5
2021-2-8T21:4:2,-62.12876,-58.15466,0.8
2021-2-8T21:4:12,-62.12876,-58.15466,0.9
2021-2-8T21:4:23,-62.12877,-58.15466,1.2
2021-2-8T21:4:33,-62.12877,-58.15467,1.7
2021-2-8T21:4:44,-62.12877,-58.15468,2.7
2021-2-8T21:4:54,-62.12876,-58.15468,3.0
2021-2-8T21:5:5,-62.12876,-58.15468,2.9
2021-2-8T21:5:15,-62.12876,-58.15467,2.6
2021-2-8T21:5:26,-62.12876,-58.15468,2.4
2021-2-8T21:5:36,-62.12876,-58.15468,2.7
2021-2-8T21:5:47,-62.12876,-58.15469,2.8
2021-2-8T21:5:57,-62.12876,-58.15469,2.9
2021-2-8T21:6:8,-62.12876,-58.15468,3.0
2021-2-8T21:6:19,-62.12876,-58.15468,2.8
2021-2-8T21:6:29,-62.12875,-58.15468,2.6
2021-2-8T21:6:40,-62.12875,-58.15468,2.2
2021-2-8T21:6:50,-62.12875,-58.15468,2.0
2021-2-8T21:7:1,-62.12875,-58.15467,2.0
2021-2-8T21:7:11,-62.12875,-58.15467,2.0
2021-2-8T21:7:22,-62.12875,-58.15467,1.9
2021-2-8T21:7:32,-62.12875,-58.15467,2.1
2021-2-8T21:7:43,-62.12875,-58.15466,1.9
2021-2-8T21:7:53,-62.12875,-58.15466,2.0
2021-2-8T21:8:4,-62.12875,-58.15466,2.6
2021-2-8T21:8:14,-62.12876,-58.15466,2.7
2021-2-8T21:8:25,-62.12875,-58.15465,2.7
2021-2-8T21:8:35,-62.12875,-58.15465,2.8
2021-2-8T21:8:46,-62.12875,-58.15465,2.8
2021-2-8T21:8:56,-62.12875,-58.15465,2.9
2021-2-8T21:9:7,-62.12876,-58.15467,3.0
2021-2-8T21:9:17,-62.12876,-58.15467,3.2
2021-2-8T21:9:28,-62.12876,-58.15467,3.0
2021-2-8T21:9:38,-62.12875,-58.15468,2.9
2021-2-8T21:9:49,-62.12875,-58.15469,3.0
2021-2-8T21:9:59,-62.12874,-58.15469,2.9
2021-2-8T21:10:10,-62.12874,-58.15468,2.2
2021-2-8T21:10:20,-62.12875,-58.15469,2.0
2021-2-8T21:10:31,-62.12875,-58.15470,2.2
2021-2-8T21:10:41,-62.12875,-58.15470,2.6
2021-2-8T21:10:52,-62.12875,-58.15470,2.1
2021-2-8T21:11:2,-62.12875,-58.15469,1.3
2021-2-8T21:11:13,-62.12875,-58.15469,1.3
2021-2-8T21:11:23,-62.12875,-58.15470,1.4
2021-2-8T21:11:34,-62.12876,-58.15471,1.6
2021-2-8T21:11:44,-62.12876,-58.15471,1.9
2021-2-8T21:11:55,-62.12876,-58.15472,2.1
2021-2-8T21:12:5,-62.12876,-58.15472,2.3
2021-2-8T21:12:16,-62.12876,-58.15471,2.6
2021-2-8T21:12:26,-62.12876,-58.15472,3.2
2021-2-8T21:12:37,-62.12877,-58.15472,3.5
2021-2-8T21:12:48,-62.12876,-58.15472,3.9
2021-2-8T21:12:58,-62.12876,-58.15472,4.3
2021-2-8T21:13:9,-62.12877,-58.15473,4.1
2021-2-8T21:13:19,-62.12875,-58.15473,4.0
2021-2-8T21:13:30,-62.12875,-58.15472,3.5
2021-2-8T21:13:40,-62.12875,-58.15472,3.5
2021-2-8T21:13:51,-62.12875,-58.15473,3.7
2021-2-8T21:14:1,-62.12875,-58.15473,3.7
2021-2-8T21:14:12,-62.12875,-58.15474,4.0
2021-2-8T21:14:22,-62.12873,-58.15478,3.5
2021-2-8T21:14:33,-62.12874,-58.15479,3.3
2021-2-8T21:14:43,-62.12875,-58.15481,3.6
2021-2-8T21:14:54,-62.12874,-58.15482,3.1
2021-2-8T21:15:4,-62.12874,-58.15483,2.3
2021-2-8T21:15:15,-62.12875,-58.15484,3.1
2021-2-8T21:15:25,-62.12876,-58.15486,4.1
2021-2-8T21:15:36,-62.12876,-58.15485,5.4
2021-2-8T21:15:46,-62.12876,-58.15487,5.3
2021-2-8T21:15:57,-62.12877,-58.15487,5.9
2021-2-8T21:16:7,-62.12878,-58.15487,5.6
2021-2-8T21:16:18,-62.12877,-58.15489,5.5
2021-2-8T21:16:28,-62.12876,-58.15489,5.0
2021-2-8T21:16:39,-62.12876,-58.15490,5.7
2021-2-8T21:16:49,-62.12878,-58.15489,6.8
2021-2-8T21:17:0,-62.12878,-58.15489,6.2
2021-2-8T21:17:10,-62.12877,-58.15489,4.5
2021-2-8T21:17:21,-62.12878,-58.15488,5.1
2021-2-8T21:17:31,-62.12878,-58.15488,4.3
2021-2-8T21:17:42,-62.12878,-58.15488,3.3
2021-2-8T21:17:52,-62.12878,-58.15488,2.7
2021-2-8T21:18:3,-62.12878,-58.15489,2.8
2021-2-8T21:18:13,-62.12878,-58.15490,4.9
2021-2-8T21:18:24,-62.12879,-58.15492,5.4
2021-2-8T21:18:34,-62.12879,-58.15491,6.6
2021-2-8T21:18:45,-62.12879,-58.15491,6.2
2021-2-8T21:18:55,-62.12878,-58.15492,7.4
2021-2-8T21:19:6,-62.12878,-58.15495,8.7
2021-2-8T21:19:17,-62.12879,-58.15496,9.2
2021-2-8T21:19:27,-62.12879,-58.15494,7.9
2021-2-8T21:19:38,-62.12879,-58.15494,10.1
2021-2-8T21:19:48,-62.12879,-58.15494,10.2
2021-2-8T21:19:59,-62.12880,-58.15492,9.0
2021-2-8T21:20:9,-62.12880,-58.15490,7.7
2021-2-8T21:20:20,-62.12877,-58.15489,7.3
2021-2-8T21:20:30,-62.12879,-58.15489,9.0
2021-2-8T21:20:41,-62.12879,-58.15489,7.7
2021-2-8T21:20:51,-62.12879,-58.15489,6.3
2021-2-8T21:21:2,-62.12879,-58.15488,5.2
2021-2-8T21:21:12,-62.12878,-58.15488,5.0
2021-2-8T21:21:23,-62.12879,-58.15488,5.2
2021-2-8T21:21:34,-62.12879,-58.15489,4.7
2021-2-8T21:21:44,-62.12878,-58.15488,4.4
2021-2-8T21:21:55,-62.12878,-58.15488,4.0
2021-2-8T21:22:5,-62.12877,-58.15487,4.6
2021-2-8T21:22:16,-62.12877,-58.15490,3.4
2021-2-8T21:22:26,-62.12878,-58.15488,3.4
2021-2-8T21:22:37,-62.12878,-58.15489,5.5
2021-2-8T21:22:47,-62.12876,-58.15490,7.0
2021-2-8T21:22:58,-62.12876,-58.15489,5.2
2021-2-8T21:23:8,-62.12877,-58.15489,4.5
2021-2-8T21:23:19,-62.12877,-58.15488,4.0
2021-2-8T21:23:29,-62.12877,-58.15487,3.6
2021-2-8T21:23:40,-62.12877,-58.15487,3.7
2021-2-8T21:23:50,-62.12878,-58.15488,2.6
2021-2-8T21:24:1,-62.12878,-58.15488,2.8
2021-2-8T21:24:11,-62.12878,-58.15488,3.5
2021-2-8T21:24:22,-62.12877,-58.15489,3.6
2021-2-8T21:24:32,-62.12875,-58.15490,4.0
2021-2-8T21:24:43,-62.12876,-58.15490,3.9
2021-2-8T21:24:53,-62.12877,-58.15491,4.9
2021-2-8T21:25:4,-62.12876,-58.15492,5.0
2021-2-8T21:25:14,-62.12876,-58.15492,5.9
2021-2-8T21:25:25,-62.12876,-58.15491,5.7
2021-2-8T21:25:35,-62.12878,-58.15492,6.3
2021-2-8T21:25:46,-62.12878,-58.15491,6.1
2021-2-8T21:25:56,-62.12878,-58.15490,6.2
2021-2-8T21:26:7,-62.12878,-58.15490,6.1
2021-2-8T21:26:17,-62.12878,-58.15489,5.8
2021-2-8T21:26:28,-62.12878,-58.15487,5.6
2021-2-8T21:26:38,-62.12877,-58.15488,5.3
2021-2-8T21:26:49,-62.12878,-58.15488,4.4
2021-2-8T21:26:59,-62.12879,-58.15488,3.9
2021-2-8T21:27:10,-62.12879,-58.15487,3.9
2021-2-8T21:27:20,-62.12879,-58.15487,4.0
2021-2-8T21:27:31,-62.12879,-58.15487,4.3
2021-2-8T21:27:42,-62.12878,-58.15487,4.5
2021-2-8T21:27:52,-62.12874,-58.15485,4.4
2021-2-8T21:28:3,-62.12876,-58.15483,5.5
2021-2-8T21:28:13,-62.12876,-58.15484,6.2
2021-2-8T21:28:24,-62.12877,-58.15484,4.4
2021-2-8T21:28:34,-62.12875,-58.15486,4.5
2021-2-8T21:28:45,-62.12875,-58.15486,4.4
2021-2-8T21:28:55,-62.12874,-58.15487,3.7
2021-2-8T21:29:6,-62.12875,-58.15487,3.8
2021-2-8T21:29:16,-62.12875,-58.15489,4.1
2021-2-8T21:29:27,-62.12874,-58.15489,4.4
2021-2-8T21:29:37,-62.12872,-58.15488,3.4
2021-2-8T21:29:48,-62.12869,-58.15486,3.4
2021-2-8T21:29:58,-62.12868,-58.15486,2.9
2021-2-8T21:30:9,-62.12866,-58.15488,4.6
2021-2-8T21:30:19,-62.12864,-58.15491,5.6
2021-2-8T21:30:30,-62.12863,-58.15492,4.4
2021-2-8T21:30:40,-62.12863,-58.15494,4.0
2021-2-8T21:30:51,-62.12862,-58.15496,4.5
2021-2-8T21:31:1,-62.12862,-58.15498,4.3
2021-2-8T21:31:12,-62.12862,-58.15501,4.8
2021-2-8T21:31:22,-62.12862,-58.15503,4.4
2021-2-8T21:31:33,-62.12862,-58.15503,4.2
2021-2-8T21:31:43,-62.12861,-58.15504,4.3
2021-2-8T21:31:54,-62.12865,-58.15505,3.9
2021-2-8T21:32:4,-62.12869,-58.15506,3.9
2021-2-8T21:32:15,-62.12860,-58.15506,3.1
2021-2-8T21:32:25,-62.12851,-58.15494,3.1
2021-2-8T21:32:36,-62.12849,-58.15482,2.7
2021-2-8T21:32:46,-62.12839,-58.15485,3.6
2021-2-8T21:32:57,-62.12825,-58.15482,4.3
2021-2-8T21:33:7,-62.12814,-58.15477,3.9
2021-2-8T21:33:18,-62.12797,-58.15476,3.4
2021-2-8T21:33:28,-62.12780,-58.15477,2.8
2021-2-8T21:33:39,-62.12771,-58.15462,2.3
2021-2-8T21:33:49,-62.12772,-58.15468,2.5
2021-2-8T21:34:0,-62.12772,-58.15468,3.0
2021-2-8T21:34:10,-62.12772,-58.15468,2.5
2021-2-8T21:34:21,-62.12771,-58.15468,2.9
2021-2-8T21:34:31,-62.12770,-58.15468,3.3
2021-2-8T21:34:42,-62.12770,-58.15468,3.4
2021-2-8T21:34:52,-62.12769,-58.15468,3.6
2021-2-8T21:35:3,-62.12766,-58.15458,4.4
2021-2-8T21:35:13,-62.12752,-58.15425,4.0
2021-2-8T21:35:24,-62.12732,-58.15380,4.3
2021-2-8T21:35:34,-62.12698,-58.15308,4.1
2021-2-8T21:35:45,-62.12630,-58.15171,5.3
2021-2-8T21:35:55,-62.12570,-58.15009,5.1
2021-2-8T21:36:6,-62.12520,-58.14808,4.5
2021-2-8T21:36:17,-62.12487,-58.14573,4.1
2021-2-8T21:36:27,-62.12458,-58.14351,2.8
2021-2-8T21:36:38,-62.12426,-58.14100,2.8
2021-2-8T21:36:48,-62.12401,-58.13871,3.8
2021-2-8T21:36:59,-62.12380,-58.13615,3.5
2021-2-8T21:37:10,-62.12367,-58.13358,3.8
2021-2-8T21:37:20,-62.12360,-58.13123,3.1
2021-2-8T21:37:31,-62.12359,-58.12860,3.5
2021-2-8T21:37:41,-62.12365,-58.12621,3.2
2021-2-8T21:37:52,-62.12377,-58.12360,2.8
2021-2-8T21:38:2,-62.12387,-58.12126,3.8
2021-2-8T21:38:13,-62.12413,-58.11866,3.6
2021-2-8T21:38:23,-62.12466,-58.11655,5.2
2021-2-8T21:38:34,-62.12544,-58.11446,5.1
2021-2-8T21:38:44,-62.12628,-58.11282,5.3
2021-2-8T21:38:55,-62.12726,-58.11120,5.1
2021-2-8T21:39:5,-62.12823,-58.11002,3.8
2021-2-8T21:39:16,-62.12928,-58.10875,3.2
2021-2-8T21:39:26,-62.13023,-58.10769,4.8
2021-2-8T21:39:37,-62.13136,-58.10669,2.2
2021-2-8T21:39:47,-62.13240,-58.10590,3.7
2021-2-8T21:39:58,-62.13357,-58.10508,3.4
2021-2-8T21:40:8,-62.13462,-58.10437,2.3
2021-2-8T21:40:19,-62.13578,-58.10356,3.7
2021-2-8T21:40:29,-62.13682,-58.10289,2.5
2021-2-8T21:40:40,-62.13801,-58.10234,3.1
2021-2-8T21:40:50,-62.13911,-58.10191,3.5
2021-2-8T21:41:1,-62.14034,-58.10166,3.0
2021-2-8T21:41:11,-62.14144,-58.10185,1.6
2021-2-8T21:41:22,-62.14264,-58.10222,3.6
2021-2-8T21:41:32,-62.14370,-58.10276,4.5
2021-2-8T21:41:43,-62.14486,-58.10329,3.7
2021-2-8T21:41:53,-62.14594,-58.10382,1.8
2021-2-8T21:42:4,-62.14711,-58.10450,2.0
2021-2-8T21:42:14,-62.14819,-58.10506,2.7
2021-2-8T21:42:25,-62.14937,-58.10569,2.8
2021-2-8T21:42:35,-62.15044,-58.10625,3.3
2021-2-8T21:42:46,-62.15159,-58.10707,3.3
2021-2-8T21:42:56,-62.15264,-58.10779,3.7
2021-2-8T21:43:7,-62.15377,-58.10875,2.4
2021-2-8T21:43:18,-62.15487,-58.10994,3.7
2021-2-8T21:43:28,-62.15573,-58.11078,4.1
2021-2-8T21:43:39,-62.15614,-58.11113,4.4
2021-2-8T21:43:49,-62.15632,-58.11135,4.6
2021-2-8T21:44:0,-62.15652,-58.11161,4.4
2021-2-8T21:44:10,-62.15671,-58.11185,4.0
2021-2-8T21:44:21,-62.15691,-58.11209,3.8
2021-2-8T21:44:31,-62.15712,-58.11226,3.1
2021-2-8T21:44:42,-62.15738,-58.11249,3.2
2021-2-8T21:44:52,-62.15809,-58.11348,1.8
2021-2-8T21:45:3,-62.15920,-58.11421,2.5
2021-2-8T21:45:13,-62.16022,-58.11504,2.7
2021-2-8T21:45:24,-62.16135,-58.11592,3.4
2021-2-8T21:45:34,-62.16226,-58.11712,4.3
2021-2-8T21:45:45,-62.16321,-58.11861,6.3
2021-2-8T21:45:55,-62.16402,-58.12021,5.4
2021-2-8T21:46:6,-62.16499,-58.12172,5.0
2021-2-8T21:46:16,-62.16586,-58.12310,3.8
2021-2-8T21:46:27,-62.16670,-58.12489,5.8
2021-2-8T21:46:37,-62.16745,-58.12647,4.6
2021-2-8T21:46:48,-62.16828,-58.12830,3.3
2021-2-8T21:46:58,-62.16895,-58.12961,4.9
2021-2-8T21:47:9,-62.16960,-58.13073,3.8
2021-2-8T21:47:19,-62.17021,-58.13181,5.4
2021-2-8T21:47:30,-62.17110,-58.13342,6.4
2021-2-8T21:47:40,-62.17182,-58.13523,6.1
2021-2-8T21:47:51,-62.17252,-58.13739,5.6
2021-2-8T21:48:1,-62.17323,-58.13924,5.2
2021-2-8T21:48:12,-62.17405,-58.14122,4.1
2021-2-8T21:48:22,-62.17476,-58.14305,3.5
2021-2-8T21:48:33,-62.17551,-58.14517,5.1
2021-2-8T21:48:44,-62.17627,-58.14726,6.1
2021-2-8T21:48:54,-62.17693,-58.14920,6.2
2021-2-8T21:49:5,-62.17762,-58.15140,5.4
2021-2-8T21:49:15,-62.17826,-58.15338,4.7
2021-2-8T21:49:26,-62.17899,-58.15550,4.3
2021-2-8T21:49:36,-62.17968,-58.15744,4.0
2021-2-8T21:49:47,-62.18044,-58.15953,3.7
2021-2-8T21:49:57,-62.18116,-58.16143,3.5
2021-2-8T21:50:8,-62.18183,-58.16361,4.8
2021-2-8T21:50:18,-62.18252,-58.16546,5.1
2021-2-8T21:50:29,-62.18330,-58.16749,6.4
2021-2-8T21:50:39,-62.18398,-58.16941,6.1
2021-2-8T21:50:50,-62.18469,-58.17156,6.1
2021-2-8T21:51:0,-62.18539,-58.17343,5.6
2021-2-8T21:51:11,-62.18617,-58.17548,3.8
2021-2-8T21:51:21,-62.18684,-58.17741,3.5
2021-2-8T21:51:32,-62.18753,-58.17961,3.9
2021-2-8T21:51:42,-62.18818,-58.18156,2.3
2021-2-8T21:51:53,-62.18881,-58.18380,3.8
2021-2-8T21:52:3,-62.18938,-58.18583,5.1
2021-2-8T21:52:14,-62.19007,-58.18804,6.0
2021-2-8T21:52:24,-62.19068,-58.19007,3.6
2021-2-8T21:52:35,-62.19133,-58.19230,4.6
2021-2-8T21:52:45,-62.19190,-58.19440,4.4
2021-2-8T21:52:56,-62.19252,-58.19669,6.3
2021-2-8T21:53:6,-62.19307,-58.19880,6.0
2021-2-8T21:53:17,-62.19365,-58.20111,5.8
2021-2-8T21:53:27,-62.19412,-58.20329,6.9
2021-2-8T21:53:38,-62.19460,-58.20576,5.0
2021-2-8T21:53:49,-62.19503,-58.20822,4.9
2021-2-8T21:53:59,-62.19539,-58.21042,5.4
2021-2-8T21:54:10,-62.19562,-58.21151,4.9
2021-2-8T21:54:20,-62.19564,-58.21162,5.6
2021-2-8T21:54:31,-62.19565,-58.21166,5.9
2021-2-8T21:54:42,-62.19566,-58.21167,6.3
2021-2-8T21:54:52,-62.19567,-58.21168,6.7
2021-2-8T21:55:3,-62.19567,-58.21192,6.6
2021-2-8T21:55:13,-62.19575,-58.21254,6.5
2021-2-8T21:55:24,-62.19597,-58.21425,5.7
2021-2-8T21:55:34,-62.19635,-58.21615,5.5
2021-2-8T21:55:45,-62.19676,-58.21857,6.2
2021-2-8T21:55:55,-62.19713,-58.22085,5.7
2021-2-8T21:56:6,-62.19749,-58.22342,6.0
2021-2-8T21:56:16,-62.19779,-58.22574,4.5
2021-2-8T21:56:27,-62.19803,-58.22829,5.2
2021-2-8T21:56:37,-62.19845,-58.23036,6.2
2021-2-8T21:56:48,-62.19882,-58.23273,5.4
2021-2-8T21:56:58,-62.19881,-58.23498,6.3
2021-2-8T21:57:9,-62.19894,-58.23756,7.7
2021-2-8T21:57:19,-62.19888,-58.23987,7.8
2021-2-8T21:57:30,-62.19888,-58.24249,7.2
2021-2-8T21:57:40,-62.19888,-58.24487,8.1
2021-2-8T21:57:51,-62.19883,-58.24745,8.4
2021-2-8T21:58:1,-62.19873,-58.24983,8.1
2021-2-8T21:58:12,-62.19864,-58.25247,8.7
2021-2-8T21:58:22,-62.19872,-58.25488,9.2
2021-2-8T21:58:33,-62.19886,-58.25747,9.0
2021-2-8T21:58:43,-62.19903,-58.25984,8.7
2021-2-8T21:58:54,-62.19924,-58.26243,8.0
2021-2-8T21:59:4,-62.19946,-58.26477,8.4
2021-2-8T21:59:15,-62.19970,-58.26736,8.4
2021-2-8T21:59:25,-62.19987,-58.26968,8.2
2021-2-8T21:59:36,-62.20006,-58.27225,6.5
2021-2-8T21:59:46,-62.20014,-58.27454,6.7
2021-2-8T21:59:57,-62.20000,-58.27715,6.7
2021-2-8T22:0:7,-62.19981,-58.27951,6.1
2021-2-8T22:0:18,-62.19956,-58.28210,8.0
2021-2-8T22:0:28,-62.19924,-58.28439,6.7
2021-2-8T22:0:39,-62.19878,-58.28689,5.1
2021-2-8T22:0:50,-62.19828,-58.28934,4.2
2021-2-8T22:1:0,-62.19777,-58.29153,3.6
2021-2-8T22:1:11,-62.19726,-58.29396,3.0
2021-2-8T22:1:21,-62.19686,-58.29623,4.1
2021-2-8T22:1:32,-62.19646,-58.29877,4.8
2021-2-8T22:1:42,-62.19607,-58.30107,4.0
2021-2-8T22:1:53,-62.19562,-58.30360,4.9
2021-2-8T22:2:3,-62.19519,-58.30592,4.9
2021-2-8T22:2:14,-62.19463,-58.30837,4.8
2021-2-8T22:2:24,-62.19409,-58.31055,4.4
2021-2-8T22:2:35,-62.19347,-58.31285,4.0
2021-2-8T22:2:45,-62.19289,-58.31499,2.4
2021-2-8T22:2:56,-62.19232,-58.31738,3.5
2021-2-8T22:3:6,-62.19183,-58.31963,3.5
2021-2-8T22:3:17,-62.19125,-58.32203,3.7
2021-2-8T22:3:27,-62.19068,-58.32415,3.8
2021-2-8T22:3:38,-62.19007,-58.32647,5.5
2021-2-8T22:3:48,-62.18949,-58.32863,5.3
2021-2-8T22:3:59,-62.18888,-58.33098,5.3
2021-2-8T22:4:9,-62.18831,-58.33309,6.2
2021-2-8T22:4:20,-62.18767,-58.33538,5.6
2021-2-8T22:4:30,-62.18712,-58.33751,6.0
2021-2-8T22:4:41,-62.18657,-58.33996,5.4
2021-2-8T22:4:51,-62.18605,-58.34209,5.9
2021-2-8T22:5:2,-62.18545,-58.34444,5.0
2021-2-8T22:5:12,-62.18491,-58.34656,6.3
2021-2-8T22:5:23,-62.18429,-58.34889,6.7
2021-2-8T22:5:33,-62.18372,-58.35099,6.4
2021-2-8T22:5:44,-62.18310,-58.35330,5.4
2021-2-8T22:5:54,-62.18249,-58.35533,3.9
2021-2-8T22:6:5,-62.18182,-58.35759,3.7
2021-2-8T22:6:15,-62.18126,-58.35964,4.0
2021-2-8T22:6:26,-62.18077,-58.36206,4.0
2021-2-8T22:6:36,-62.18031,-58.36426,4.0
2021-2-8T22:6:47,-62.17977,-58.36668,3.5
2021-2-8T22:6:57,-62.17951,-58.36898,3.4
2021-2-8T22:7:8,-62.17930,-58.37160,4.9
2021-2-8T22:7:18,-62.17905,-58.37397,5.3
2021-2-8T22:7:29,-62.17867,-58.37649,5.0
2021-2-8T22:7:39,-62.17821,-58.37867,4.9
2021-2-8T22:7:50,-62.17769,-58.38103,4.2
2021-2-8T22:8:0,-62.17713,-58.38308,5.7
2021-2-8T22:8:11,-62.17654,-58.38542,5.2
2021-2-8T22:8:21,-62.17603,-58.38757,3.8
2021-2-8T22:8:32,-62.17548,-58.38989,4.9
2021-2-8T22:8:42,-62.17496,-58.39199,4.6
2021-2-8T22:8:53,-62.17442,-58.39436,4.3
2021-2-8T22:9:3,-62.17390,-58.39649,3.8
2021-2-8T22:9:14,-62.17330,-58.39871,3.9
2021-2-8T22:9:24,-62.17282,-58.40082,5.0
2021-2-8T22:9:35,-62.17230,-58.40316,5.5
2021-2-8T22:9:45,-62.17183,-58.40530,5.7
2021-2-8T22:9:56,-62.17135,-58.40759,6.2
2021-2-8T22:10:7,-62.17084,-58.40987,6.5
2021-2-8T22:10:17,-62.17036,-58.41189,6.4
2021-2-8T22:10:28,-62.16986,-58.41415,6.6
2021-2-8T22:10:38,-62.16941,-58.41600,6.7
2021-2-8T22:10:49,-62.16893,-58.41793,6.2
2021-2-8T22:10:59,-62.16855,-58.41963,8.5
2021-2-8T22:11:10,-62.16811,-58.42142,8.7
2021-2-8T22:11:20,-62.16769,-58.42302,7.5
2021-2-8T22:11:31,-62.16721,-58.42469,7.2
2021-2-8T22:11:41,-62.16676,-58.42608,6.6
2021-2-8T22:11:52,-62.16621,-58.42774,5.6
2021-2-8T22:12:3,-62.16561,-58.42942,6.5
2021-2-8T22:12:13,-62.16511,-58.43102,5.6
2021-2-8T22:12:24,-62.16454,-58.43283,7.1
2021-2-8T22:12:34,-62.16402,-58.43444,6.9
2021-2-8T22:12:45,-62.16346,-58.43626,5.7
2021-2-8T22:12:55,-62.16300,-58.43791,5.2
2021-2-8T22:13:6,-62.16245,-58.43969,5.7
2021-2-8T22:13:16,-62.16199,-58.44135,5.7
2021-2-8T22:13:27,-62.16151,-58.44309,6.5
2021-2-8T22:13:37,-62.16101,-58.44464,7.4
2021-2-8T22:13:48,-62.16047,-58.44639,7.2
2021-2-8T22:13:58,-62.15999,-58.44798,6.0
2021-2-8T22:14:9,-62.15940,-58.44981,7.5
2021-2-8T22:14:19,-62.15893,-58.45154,7.9
2021-2-8T22:14:30,-62.15844,-58.45337,9.3
2021-2-8T22:14:40,-62.15796,-58.45508,7.9
2021-2-8T22:14:51,-62.15739,-58.45707,7.5
2021-2-8T22:15:2,-62.15685,-58.45926,6.3
2021-2-8T22:15:12,-62.15647,-58.46120,5.9
2021-2-8T22:15:23,-62.15622,-58.46334,5.5
2021-2-8T22:15:33,-62.15606,-58.46531,5.8
2021-2-8T22:15:44,-62.15598,-58.46753,5.8
2021-2-8T22:15:54,-62.15638,-58.46920,5.6
2021-2-8T22:16:5,-62.15689,-58.47059,6.1
2021-2-8T22:16:15,-62.15720,-58.47119,5.1
2021-2-8T22:16:26,-62.15744,-58.47157,4.7
2021-2-8T22:16:36,-62.15766,-58.47185,4.2
2021-2-8T22:16:47,-62.15783,-58.47206,4.4
2021-2-8T22:16:57,-62.15795,-58.47216,4.6
2021-2-8T22:17:8,-62.15800,-58.47221,4.8
2021-2-8T22:17:18,-62.15803,-58.47226,4.3
2021-2-8T22:17:29,-62.15806,-58.47230,4.1
2021-2-8T22:17:39,-62.15818,-58.47245,4.0
2021-2-8T22:17:50,-62.15827,-58.47245,3.3
2021-2-8T22:18:0,-62.15826,-58.47232,2.9
2021-2-8T22:18:11,-62.15818,-58.47206,3.1
2021-2-8T22:18:21,-62.15810,-58.47190,2.6
2021-2-8T22:18:32,-62.15807,-58.47174,2.9
2021-2-8T22:18:42,-62.15811,-58.47169,3.5
2021-2-8T22:18:53,-62.15816,-58.47166,4.0
2021-2-8T22:19:3,-62.15820,-58.47178,3.9
2021-2-8T22:19:14,-62.15821,-58.47212,3.7
2021-2-8T22:19:24,-62.15827,-58.47246,3.2
2021-2-8T22:19:35,-62.15836,-58.47267,3.5
2021-2-8T22:19:45,-62.15840,-58.47258,3.2
2021-2-8T22:19:56,-62.15839,-58.47261,4.4
2021-2-8T22:20:7,-62.15846,-58.47275,4.7
2021-2-8T22:20:17,-62.15856,-58.47288,5.1
2021-2-8T22:20:28,-62.15859,-58.47290,5.0
2021-2-8T22:20:38,-62.15859,-58.47291,4.5
2021-2-8T22:20:49,-62.15859,-58.47291,4.7
2021-2-8T22:20:59,-62.15859,-58.47291,4.9
2021-2-8T22:21:10,-62.15859,-58.47291,5.0
2021-2-8T22:21:20,-62.15860,-58.47291,4.5
2021-2-8T22:21:31,-62.15859,-58.47291,4.5
2021-2-8T22:21:41,-62.15860,-58.47290,4.4
2021-2-8T22:21:52,-62.15862,-58.47293,4.9
2021-2-8T22:22:2,-62.15866,-58.47301,4.9
2021-2-8T22:22:13,-62.15866,-58.47301,4.8
2021-2-8T22:22:23,-62.15866,-58.47301,5.0
2021-2-8T22:22:34,-62.15879,-58.47314,5.4
2021-2-8T22:22:44,-62.15894,-58.47319,5.8
2021-2-8T22:22:55,-62.15912,-58.47312,5.3
2021-2-8T22:23:5,-62.15929,-58.47305,6.0
2021-2-8T22:23:16,-62.15949,-58.47302,6.2
2021-2-8T22:23:26,-62.15966,-58.47307,6.5
2021-2-8T22:23:37,-62.15981,-58.47328,7.3
2021-2-8T22:23:48,-62.15992,-58.47354,7.6
2021-2-8T22:23:58,-62.16002,-58.47372,8.7
2021-2-8T22:24:9,-62.16003,-58.47381,8.0
2021-2-8T22:24:19,-62.16003,-58.47365,7.6
2021-2-8T22:24:30,-62.16008,-58.47349,8.2
2021-2-8T22:24:40,-62.16009,-58.47349,10.7
2021-2-8T22:24:51,-62.16010,-58.47345,14.3
2021-2-8T22:25:1,-62.16013,-58.47339,16.4
2021-2-8T22:25:12,-62.16014,-58.47339,19.0
2021-2-8T22:25:22,-62.16014,-58.47340,19.5
2021-2-8T22:25:33,-62.16014,-58.47341,18.9
2021-2-8T22:25:43,-62.16013,-58.47340,18.0
2021-2-8T22:25:54,-62.16013,-58.47341,17.2
2021-2-8T22:26:4,-62.16013,-58.47340,15.8
2021-2-8T22:26:15,-62.16013,-58.47340,16.7
2021-2-8T22:26:25,-62.16013,-58.47340,18.0
2021-2-8T22:26:36,-62.16013,-58.47339,18.6
2021-2-8T22:26:46,-62.16014,-58.47338,19.3
2021-2-8T22:26:57,-62.16013,-58.47338,17.9
2021-2-8T22:27:7,-62.16013,-58.47337,16.2
2021-2-8T22:27:18,-62.16013,-58.47337,17.2
2021-2-8T22:27:28,-62.16013,-58.47337,17.1
2021-2-8T22:27:39,-62.16013,-58.47338,16.2
2021-2-8T22:27:49,-62.16013,-58.47338,14.7
2021-2-8T22:28:0,-62.16013,-58.47338,14.3
2021-2-8T22:28:10,-62.16013,-58.47338,14.0
2021-2-8T22:28:21,-62.16013,-58.47339,13.4
2021-2-8T22:28:31,-62.16012,-58.47339,12.4
2021-2-8T22:28:42,-62.16012,-58.47339,11.7
2021-2-8T22:28:53,-62.16012,-58.47338,11.3
2021-2-8T22:29:3,-62.16012,-58.47338,11.6
