2021-2-9T14:42:50,-62.16970,-58.47962,102.5
2021-2-9T14:43:1,-62.16960,-58.47946,99.8
2021-2-9T14:43:12,-62.16949,-58.47929,98.5
2021-2-9T14:43:22,-62.16938,-58.47919,98.2
2021-2-9T14:43:33,-62.16927,-58.47899,97.1
2021-2-9T14:43:43,-62.16917,-58.47883,95.8
2021-2-9T14:43:54,-62.16915,-58.47870,93.7
2021-2-9T14:44:4,-62.16912,-58.47859,93.0
2021-2-9T14:44:15,-62.16899,-58.47842,90.5
2021-2-9T14:44:26,-62.16897,-58.47828,88.3
2021-2-9T14:44:36,-62.16891,-58.47808,85.0
2021-2-9T14:44:47,-62.16888,-58.47798,85.3
2021-2-9T14:44:57,-62.16880,-58.47798,84.0
2021-2-9T14:45:8,-62.16875,-58.47791,83.4
2021-2-9T14:45:18,-62.16870,-58.47782,82.3
2021-2-9T14:45:29,-62.16865,-58.47767,82.0
2021-2-9T14:45:40,-62.16860,-58.47750,82.8
2021-2-9T14:45:50,-62.16852,-58.47735,83.6
2021-2-9T14:46:1,-62.16845,-58.47721,83.4
2021-2-9T14:46:11,-62.16838,-58.47707,83.5
2021-2-9T14:46:22,-62.16830,-58.47689,83.5
2021-2-9T14:46:32,-62.16823,-58.47674,82.9
2021-2-9T14:46:43,-62.16814,-58.47659,82.5
2021-2-9T14:46:54,-62.16811,-58.47643,81.2
2021-2-9T14:47:4,-62.16805,-58.47627,81.9
2021-2-9T14:47:15,-62.16801,-58.47606,79.4
2021-2-9T14:47:25,-62.16794,-58.47586,78.7
2021-2-9T14:47:36,-62.16793,-58.47572,75.6
2021-2-9T14:47:46,-62.16786,-58.47557,74.6
2021-2-9T14:47:57,-62.16778,-58.47542,74.7
2021-2-9T14:48:8,-62.16768,-58.47523,74.1
2021-2-9T14:48:18,-62.16759,-58.47503,73.2
2021-2-9T14:48:29,-62.16755,-58.47491,72.7
2021-2-9T14:48:39,-62.16746,-58.47483,72.7
2021-2-9T14:48:50,-62.16737,-58.47468,70.9
2021-2-9T14:49:0,-62.16730,-58.47458,69.8
2021-2-9T14:49:11,-62.16721,-58.47439,69.2
2021-2-9T14:49:22,-62.16711,-58.47420,67.8
2021-2-9T14:49:32,-62.16702,-58.47403,67.2
2021-2-9T14:49:43,-62.16693,-58.47383,66.6
2021-2-9T14:49:53,-62.16685,-58.47367,66.0
2021-2-9T14:50:4,-62.16673,-58.47351,64.2
2021-2-9T14:50:14,-62.16663,-58.47338,64.4
2021-2-9T14:50:25,-62.16651,-58.47321,63.7
2021-2-9T14:50:36,-62.16640,-58.47310,64.1
2021-2-9T14:50:46,-62.16630,-58.47301,64.1
2021-2-9T14:50:57,-62.16620,-58.47291,64.8
2021-2-9T14:51:7,-62.16610,-58.47280,65.0
2021-2-9T14:51:18,-62.16598,-58.47271,65.6
2021-2-9T14:51:28,-62.16588,-58.47259,65.6
2021-2-9T14:51:39,-62.16576,-58.47244,65.7
2021-2-9T14:51:50,-62.16566,-58.47231,65.9
2021-2-9T14:52:0,-62.16557,-58.47215,66.8
2021-2-9T14:52:11,-62.16548,-58.47195,66.3
2021-2-9T14:52:21,-62.16537,-58.47178,65.4
2021-2-9T14:52:32,-62.16530,-58.47163,65.6
2021-2-9T14:52:42,-62.16517,-58.47148,64.8
2021-2-9T14:52:53,-62.16506,-58.47133,63.2
2021-2-9T14:53:4,-62.16495,-58.47121,62.6
2021-2-9T14:53:14,-62.16484,-58.47113,63.3
2021-2-9T14:53:25,-62.16470,-58.47105,61.9
2021-2-9T14:53:35,-62.16458,-58.47106,62.7
2021-2-9T14:53:46,-62.16447,-58.47108,60.9
2021-2-9T14:53:56,-62.16435,-58.47116,60.2
2021-2-9T14:54:7,-62.16426,-58.47136,59.1
2021-2-9T14:54:18,-62.16416,-58.47151,58.1
2021-2-9T14:54:28,-62.16406,-58.47135,54.4
2021-2-9T14:54:39,-62.16394,-58.47130,51.6
2021-2-9T14:54:49,-62.16383,-58.47126,48.5
2021-2-9T14:55:0,-62.16370,-58.47135,47.1
2021-2-9T14:55:10,-62.16357,-58.47145,46.5
2021-2-9T14:55:21,-62.16343,-58.47139,42.1
2021-2-9T14:55:32,-62.16329,-58.47144,39.4
2021-2-9T14:55:42,-62.16317,-58.47139,38.2
2021-2-9T14:55:53,-62.16303,-58.47138,37.3
2021-2-9T14:56:3,-62.16291,-58.47139,35.4
2021-2-9T14:56:14,-62.16282,-58.47143,34.1
2021-2-9T14:56:24,-62.16270,-58.47142,32.1
2021-2-9T14:56:35,-62.16256,-58.47141,31.7
2021-2-9T14:56:46,-62.16244,-58.47126,30.3
2021-2-9T14:56:56,-62.16242,-58.47122,29.1
2021-2-9T14:57:7,-62.16233,-58.47118,27.5
2021-2-9T14:57:17,-62.16227,-58.47121,24.9
2021-2-9T14:57:28,-62.16216,-58.47121,20.2
2021-2-9T14:57:39,-62.16207,-58.47126,17.6
2021-2-9T14:57:49,-62.16196,-58.47136,13.9
2021-2-9T14:58:0,-62.16184,-58.47153,9.8
2021-2-9T14:58:10,-62.16177,-58.47167,10.0
2021-2-9T14:58:21,-62.16164,-58.47182,9.7
2021-2-9T14:58:31,-62.16151,-58.47195,8.2
2021-2-9T14:58:42,-62.16141,-58.47218,7.9
2021-2-9T14:58:53,-62.16127,-58.47235,8.3
2021-2-9T14:59:3,-62.16116,-58.47255,7.5
2021-2-9T14:59:14,-62.16105,-58.47278,6.0
2021-2-9T14:59:24,-62.16094,-58.47294,5.9
2021-2-9T14:59:35,-62.16088,-58.47320,6.6
2021-2-9T14:59:45,-62.16083,-58.47344,6.8
2021-2-9T14:59:56,-62.16081,-58.47372,10.8
2021-2-9T15:0:7,-62.16081,-58.47376,21.9
2021-2-9T15:0:17,-62.16082,-58.47373,24.8
