2021-2-9T14:7:35,-62.17540,-58.50518,145.2
2021-2-9T14:7:46,-62.17543,-58.50496,147.4
2021-2-9T14:7:57,-62.17549,-58.50481,150.9
2021-2-9T14:8:7,-62.17553,-58.50468,152.6
2021-2-9T14:8:18,-62.17555,-58.50455,153.0
2021-2-9T14:8:28,-62.17556,-58.50454,151.6
2021-2-9T14:8:39,-62.17558,-58.50445,155.4
2021-2-9T14:8:49,-62.17561,-58.50433,158.4
2021-2-9T14:9:0,-62.17562,-58.50423,158.5
2021-2-9T14:9:10,-62.17564,-58.50414,160.1
2021-2-9T14:9:21,-62.17566,-58.50406,165.1
2021-2-9T14:9:32,-62.17567,-58.50400,166.5
2021-2-9T14:9:42,-62.17568,-58.50389,166.0
2021-2-9T14:9:53,-62.17568,-58.50376,168.9
2021-2-9T14:10:3,-62.17568,-58.50365,169.1
2021-2-9T14:10:14,-62.17569,-58.50353,169.9
2021-2-9T14:10:24,-62.17569,-58.50342,173.6
2021-2-9T14:10:35,-62.17570,-58.50329,175.6
2021-2-9T14:10:46,-62.17569,-58.50317,178.0
2021-2-9T14:10:56,-62.17570,-58.50306,179.6
2021-2-9T14:11:7,-62.17570,-58.50305,180.4
2021-2-9T14:11:17,-62.17570,-58.50292,180.4
2021-2-9T14:11:28,-62.17570,-58.50280,183.0
2021-2-9T14:11:38,-62.17571,-58.50270,187.2
2021-2-9T14:11:49,-62.17571,-58.50258,188.4
2021-2-9T14:12:0,-62.17572,-58.50242,191.5
2021-2-9T14:12:10,-62.17572,-58.50235,194.3
2021-2-9T14:12:21,-62.17571,-58.50234,195.2
2021-2-9T14:12:31,-62.17572,-58.50235,193.6
2021-2-9T14:12:42,-62.17566,-58.50219,195.9
2021-2-9T14:12:52,-62.17562,-58.50204,197.2
2021-2-9T14:13:3,-62.17558,-58.50190,199.5
2021-2-9T14:13:14,-62.17555,-58.50175,201.5
2021-2-9T14:13:24,-62.17553,-58.50159,204.5
2021-2-9T14:13:35,-62.17552,-58.50137,207.2
2021-2-9T14:13:45,-62.17550,-58.50117,209.6
2021-2-9T14:13:56,-62.17549,-58.50095,212.9
2021-2-9T14:14:6,-62.17550,-58.50072,217.1
2021-2-9T14:14:17,-62.17551,-58.50049,220.1
2021-2-9T14:14:28,-62.17553,-58.50014,223.8
2021-2-9T14:14:38,-62.17560,-58.49996,224.7
2021-2-9T14:14:49,-62.17569,-58.49987,226.0
2021-2-9T14:14:59,-62.17572,-58.49993,226.1
2021-2-9T14:15:10,-62.17572,-58.49991,226.2
2021-2-9T14:15:20,-62.17572,-58.49991,225.6
2021-2-9T14:15:31,-62.17572,-58.49990,225.9
2021-2-9T14:15:42,-62.17572,-58.49990,226.0
2021-2-9T14:15:52,-62.17572,-58.49991,225.8
2021-2-9T14:16:3,-62.17572,-58.49990,225.9
2021-2-9T14:16:13,-62.17572,-58.49990,226.1
2021-2-9T14:16:24,-62.17572,-58.49990,226.1
2021-2-9T14:16:34,-62.17572,-58.49990,226.2
2021-2-9T14:16:45,-62.17573,-58.49991,226.3
2021-2-9T14:16:56,-62.17572,-58.49990,226.3
2021-2-9T14:17:6,-62.17573,-58.49991,226.2
2021-2-9T14:17:17,-62.17573,-58.49990,226.2
2021-2-9T14:17:27,-62.17573,-58.49990,226.1
2021-2-9T14:17:38,-62.17572,-58.49991,226.5
2021-2-9T14:17:48,-62.17572,-58.49992,225.8
2021-2-9T14:17:59,-62.17572,-58.49990,226.0
2021-2-9T14:18:10,-62.17572,-58.49992,226.5
2021-2-9T14:18:20,-62.17573,-58.49992,227.3
2021-2-9T14:18:31,-62.17573,-58.49993,228.5
2021-2-9T14:18:41,-62.17573,-58.49993,228.5
2021-2-9T14:18:52,-62.17572,-58.49992,228.3
2021-2-9T14:19:2,-62.17572,-58.49993,228.3
2021-2-9T14:19:13,-62.17572,-58.49992,228.4
2021-2-9T14:19:24,-62.17572,-58.49993,228.0
2021-2-9T14:19:34,-62.17572,-58.49993,228.0
2021-2-9T14:19:45,-62.17572,-58.49991,228.7
2021-2-9T14:19:55,-62.17573,-58.49966,227.3
2021-2-9T14:20:6,-62.17567,-58.49942,226.0
2021-2-9T14:20:16,-62.17564,-58.49920,224.4
2021-2-9T14:20:27,-62.17558,-58.49890,222.4
2021-2-9T14:20:38,-62.17550,-58.49864,222.8
2021-2-9T14:20:48,-62.17542,-58.49840,224.1
2021-2-9T14:20:59,-62.17534,-58.49815,224.4
2021-2-9T14:21:9,-62.17524,-58.49800,224.3
2021-2-9T14:21:20,-62.17516,-58.49781,224.5
2021-2-9T14:21:30,-62.17506,-58.49770,225.2
2021-2-9T14:21:41,-62.17497,-58.49752,225.3
2021-2-9T14:21:52,-62.17487,-58.49734,226.2
2021-2-9T14:22:2,-62.17480,-58.49718,227.6
2021-2-9T14:22:13,-62.17468,-58.49707,227.1
2021-2-9T14:22:23,-62.17458,-58.49698,226.3
2021-2-9T14:22:34,-62.17449,-58.49687,226.6
2021-2-9T14:22:44,-62.17440,-58.49670,226.1
2021-2-9T14:22:55,-62.17433,-58.49652,226.6
2021-2-9T14:23:6,-62.17421,-58.49634,228.2
2021-2-9T14:23:16,-62.17408,-58.49618,229.5
2021-2-9T14:23:27,-62.17397,-58.49601,229.8
2021-2-9T14:23:37,-62.17387,-58.49593,228.2
2021-2-9T14:23:48,-62.17379,-58.49586,225.3
2021-2-9T14:23:58,-62.17371,-58.49581,223.1
2021-2-9T14:24:9,-62.17364,-58.49583,219.1
2021-2-9T14:24:20,-62.17357,-58.49575,215.4
2021-2-9T14:24:30,-62.17347,-58.49562,212.4
2021-2-9T14:24:41,-62.17333,-58.49559,209.1
2021-2-9T14:24:51,-62.17323,-58.49558,206.9
2021-2-9T14:25:2,-62.17316,-58.49550,206.2
