2021-2-9T15:0:28,-62.16075,-58.47360,16.3
2021-2-9T15:0:38,-62.16068,-58.47336,14.2
2021-2-9T15:0:49,-62.16079,-58.47360,26.7
2021-2-9T15:1:0,-62.16088,-58.47377,22.7
2021-2-9T15:1:10,-62.16082,-58.47363,30.0
2021-2-9T15:1:21,-62.16064,-58.47362,17.6
2021-2-9T15:1:31,-62.16053,-58.47349,12.0
2021-2-9T15:1:42,-62.16043,-58.47332,10.0
2021-2-9T15:1:52,-62.16033,-58.47317,10.4
2021-2-9T15:2:3,-62.16030,-58.47310,14.5
2021-2-9T15:2:14,0.0,-1.33929,15.5
2021-2-9T15:2:24,-62.16109,-58.47205,15.8
2021-2-9T15:2:35,0.0,-1.33929,15.8
2021-2-9T15:2:45,0.0,-1.33929,15.8
2021-2-9T15:2:56,0.0,-1.33929,15.8
2021-2-9T15:3:6,-62.16084,-58.47374,35.1
2021-2-9T15:3:17,-62.16035,-58.47329,-3.6
2021-2-9T15:3:27,-62.16033,-58.47323,-13.0
2021-2-9T15:3:38,-62.16030,-58.47321,-17.2
2021-2-9T15:3:49,-62.16033,-58.47348,-23.5
2021-2-9T15:3:59,-62.16035,-58.47348,-21.1
2021-2-9T15:4:10,-62.16040,-58.47322,-7.4
2021-2-9T15:4:20,-62.16035,-58.47307,-1.0
2021-2-9T15:4:31,-62.16032,-58.47297,1.6
2021-2-9T15:4:41,-62.16035,-58.47309,-2.4
2021-2-9T15:4:52,-62.16039,-58.47343,-1.5
2021-2-9T15:5:3,-62.16039,-58.47374,-5.5
2021-2-9T15:5:13,-62.16038,-58.47392,-12.4
2021-2-9T15:5:24,-62.16036,-58.47373,-13.6
2021-2-9T15:5:34,-62.16037,-58.47368,-14.4
2021-2-9T15:5:45,-62.16037,-58.47380,-13.2
2021-2-9T15:5:55,-62.16037,-58.47365,-10.5
2021-2-9T15:6:6,-62.16030,-58.47376,-4.3
2021-2-9T15:6:17,-62.16030,-58.47381,-2.1
2021-2-9T15:6:27,-62.16029,-58.47374,-1.9
2021-2-9T15:6:38,-62.16029,-58.47368,0.1
2021-2-9T15:6:48,-62.16029,-58.47375,-1.8
2021-2-9T15:6:59,-62.16031,-58.47355,0.1
2021-2-9T15:7:9,-62.16031,-58.47350,0.8
2021-2-9T15:7:20,-62.16031,-58.47342,0.1
2021-2-9T15:7:31,-62.16032,-58.47360,-2.7
2021-2-9T15:7:41,-62.16031,-58.47390,-5.1
2021-2-9T15:7:52,-62.16031,-58.47388,-5.0
2021-2-9T15:8:2,-62.16034,-58.47372,-6.1
2021-2-9T15:8:13,-62.16033,-58.47360,-3.5
2021-2-9T15:8:23,-62.16032,-58.47356,0.6
2021-2-9T15:8:34,-62.16033,-58.47348,1.3
2021-2-9T15:8:45,-62.16032,-58.47335,0.4
2021-2-9T15:8:55,-62.16034,-58.47329,0.0
2021-2-9T15:9:6,-62.16033,-58.47334,0.0
2021-2-9T15:9:16,-62.16033,-58.47335,0.0
2021-2-9T15:9:27,-62.16034,-58.47342,1.3
2021-2-9T15:9:37,-62.16036,-58.47329,3.3
2021-2-9T15:9:48,-62.16033,-58.47350,7.4
2021-2-9T15:9:59,-62.16031,-58.47355,8.5
2021-2-9T15:10:9,-62.16030,-58.47334,10.1
2021-2-9T15:10:20,-62.16033,-58.47306,10.5
2021-2-9T15:10:30,-62.16035,-58.47324,14.1
2021-2-9T15:10:41,-62.16036,-58.47342,19.1
2021-2-9T15:10:51,-62.16034,-58.47345,19.7
2021-2-9T15:11:2,-62.16034,-58.47367,22.6
2021-2-9T15:11:12,-62.16047,-58.47385,32.4
2021-2-9T15:11:23,-62.16057,-58.47403,42.2
2021-2-9T15:11:34,-62.16056,-58.47412,39.2
2021-2-9T15:11:44,-62.16050,-58.47396,39.2
2021-2-9T15:11:55,-62.16046,-58.47375,37.4
2021-2-9T15:12:5,-62.16040,-58.47338,35.3
2021-2-9T15:12:16,-62.16032,-58.47283,31.9
2021-2-9T15:12:26,-62.16029,-58.47278,27.0
2021-2-9T15:12:37,-62.16026,-58.47296,23.2
2021-2-9T15:12:48,-62.16026,-58.47294,19.9
2021-2-9T15:12:58,-62.16024,-58.47299,16.1
2021-2-9T15:13:9,-62.16023,-58.47309,12.9
2021-2-9T15:13:19,-62.16018,-58.47315,6.4
2021-2-9T15:13:30,-62.16019,-58.47328,2.8
2021-2-9T15:13:40,-62.16018,-58.47339,2.6
2021-2-9T15:13:51,-62.16018,-58.47376,-1.2
2021-2-9T15:14:2,-62.16012,-58.47374,-11.1
2021-2-9T15:14:12,-62.16014,-58.47359,-14.7
2021-2-9T15:14:23,-62.16019,-58.47350,-10.4
2021-2-9T15:14:33,-62.16022,-58.47353,-11.7
2021-2-9T15:14:44,-62.16020,-58.47352,-13.9
2021-2-9T15:14:54,-62.16020,-58.47363,-14.0
2021-2-9T15:15:5,-62.16023,-58.47351,-14.3
2021-2-9T15:15:16,-62.16023,-58.47349,-14.4
2021-2-9T15:15:26,-62.16023,-58.47357,-12.6
2021-2-9T15:15:37,-62.16025,-58.47352,-10.4
2021-2-9T15:15:47,-62.16026,-58.47349,-8.3
2021-2-9T15:15:58,-62.16024,-58.47349,-6.3
2021-2-9T15:16:8,-62.16023,-58.47351,-5.7
2021-2-9T15:16:19,-62.16023,-58.47334,-6.5
2021-2-9T15:16:30,-62.16023,-58.47332,-6.6
2021-2-9T15:16:40,-62.16024,-58.47337,-5.4
2021-2-9T15:16:51,-62.16024,-58.47352,-3.5
2021-2-9T15:17:1,-62.16025,-58.47372,-1.6
2021-2-9T15:17:12,-62.16025,-58.47372,0.7
2021-2-9T15:17:22,-62.16026,-58.47379,1.6
2021-2-9T15:17:33,-62.16026,-58.47400,2.6
2021-2-9T15:17:44,-62.16022,-58.47481,6.6
2021-2-9T15:17:54,-62.16024,-58.47438,3.7
