2021-2-9T13:49:58,-62.17211,-58.51746,16.7
2021-2-9T13:50:9,-62.17211,-58.51746,16.3
2021-2-9T13:50:20,-62.17211,-58.51746,16.4
2021-2-9T13:50:30,-62.17211,-58.51746,16.0
2021-2-9T13:50:41,-62.17211,-58.51746,16.4
2021-2-9T13:50:51,-62.17211,-58.51746,16.7
2021-2-9T13:51:2,-62.17211,-58.51746,16.3
2021-2-9T13:51:12,-62.17211,-58.51747,16.5
2021-2-9T13:51:23,-62.17211,-58.51747,16.3
2021-2-9T13:51:34,-62.17211,-58.51746,16.6
2021-2-9T13:51:44,-62.17211,-58.51746,17.0
2021-2-9T13:51:55,-62.17211,-58.51747,16.8
2021-2-9T13:52:5,-62.17211,-58.51746,17.0
2021-2-9T13:52:16,-62.17213,-58.51740,18.1
2021-2-9T13:52:26,-62.17218,-58.51728,19.0
2021-2-9T13:52:37,-62.17222,-58.51723,19.3
2021-2-9T13:52:48,-62.17229,-58.51715,20.0
2021-2-9T13:52:58,-62.17237,-58.51706,20.9
2021-2-9T13:53:9,-62.17245,-58.51698,21.6
2021-2-9T13:53:19,-62.17253,-58.51692,22.5
2021-2-9T13:53:30,-62.17262,-58.51681,22.8
2021-2-9T13:53:40,-62.17270,-58.51668,24.0
2021-2-9T13:53:51,-62.17278,-58.51652,25.5
2021-2-9T13:54:2,-62.17285,-58.51638,26.8
2021-2-9T13:54:12,-62.17292,-58.51627,27.6
2021-2-9T13:54:23,-62.17301,-58.51613,27.8
2021-2-9T13:54:33,-62.17309,-58.51604,29.1
2021-2-9T13:54:44,-62.17312,-58.51585,31.1
2021-2-9T13:54:54,-62.17319,-58.51574,32.6
2021-2-9T13:55:5,-62.17325,-58.51559,34.3
2021-2-9T13:55:16,-62.17330,-58.51546,37.1
2021-2-9T13:55:26,-62.17337,-58.51537,37.0
2021-2-9T13:55:37,-62.17345,-58.51525,38.3
2021-2-9T13:55:47,-62.17351,-58.51518,40.5
2021-2-9T13:55:58,-62.17358,-58.51507,42.1
2021-2-9T13:56:8,-62.17363,-58.51497,43.3
2021-2-9T13:56:19,-62.17371,-58.51485,46.7
2021-2-9T13:56:30,-62.17378,-58.51478,49.1
2021-2-9T13:56:40,-62.17386,-58.51474,50.8
2021-2-9T13:56:51,-62.17391,-58.51462,54.1
2021-2-9T13:57:1,-62.17396,-58.51452,53.8
2021-2-9T13:57:12,-62.17405,-58.51443,54.5
2021-2-9T13:57:22,-62.17409,-58.51430,56.7
2021-2-9T13:57:33,-62.17412,-58.51414,59.1
2021-2-9T13:57:43,-62.17413,-58.51398,61.0
2021-2-9T13:57:54,-62.17413,-58.51381,63.7
2021-2-9T13:58:5,-62.17415,-58.51363,65.6
2021-2-9T13:58:15,-62.17415,-58.51347,68.2
2021-2-9T13:58:26,-62.17412,-58.51334,71.0
2021-2-9T13:58:36,-62.17410,-58.51318,71.7
2021-2-9T13:58:47,-62.17410,-58.51299,73.8
2021-2-9T13:58:57,-62.17409,-58.51284,77.0
2021-2-9T13:59:8,-62.17411,-58.51263,78.4
2021-2-9T13:59:19,-62.17412,-58.51243,80.6
2021-2-9T13:59:29,-62.17416,-58.51229,82.2
2021-2-9T13:59:40,-62.17417,-58.51204,81.0
2021-2-9T13:59:50,-62.17414,-58.51192,82.1
2021-2-9T14:0:1,-62.17412,-58.51169,83.9
2021-2-9T14:0:11,-62.17410,-58.51143,82.9
2021-2-9T14:0:22,-62.17414,-58.51121,81.6
2021-2-9T14:0:33,-62.17418,-58.51102,84.3
2021-2-9T14:0:43,-62.17422,-58.51086,87.2
2021-2-9T14:0:54,-62.17425,-58.51065,89.8
2021-2-9T14:1:4,-62.17427,-58.51046,90.2
2021-2-9T14:1:15,-62.17432,-58.51025,92.2
2021-2-9T14:1:25,-62.17437,-58.51010,94.1
2021-2-9T14:1:36,-62.17444,-58.50998,92.8
2021-2-9T14:1:46,-62.17445,-58.50981,94.0
2021-2-9T14:1:57,-62.17444,-58.50964,95.5
2021-2-9T14:2:8,-62.17446,-58.50952,97.9
2021-2-9T14:2:18,-62.17447,-58.50934,100.6
2021-2-9T14:2:29,-62.17451,-58.50920,102.7
2021-2-9T14:2:39,-62.17455,-58.50908,104.7
2021-2-9T14:2:50,-62.17458,-58.50892,109.7
2021-2-9T14:3:0,-62.17461,-58.50875,110.5
2021-2-9T14:3:11,-62.17463,-58.50855,111.5
2021-2-9T14:3:22,-62.17470,-58.50835,111.7
2021-2-9T14:3:32,-62.17475,-58.50814,112.2
2021-2-9T14:3:43,-62.17477,-58.50794,112.1
2021-2-9T14:3:53,-62.17477,-58.50775,113.2
2021-2-9T14:4:4,-62.17476,-58.50764,115.6
2021-2-9T14:4:14,-62.17475,-58.50752,117.6
2021-2-9T14:4:25,-62.17476,-58.50738,119.9
2021-2-9T14:4:36,-62.17479,-58.50724,121.8
2021-2-9T14:4:46,-62.17480,-58.50720,120.6
2021-2-9T14:4:57,-62.17481,-58.50718,122.1
2021-2-9T14:5:7,-62.17481,-58.50715,123.0
2021-2-9T14:5:18,-62.17481,-58.50699,126.0
2021-2-9T14:5:28,-62.17483,-58.50686,129.7
2021-2-9T14:5:39,-62.17484,-58.50673,130.1
2021-2-9T14:5:49,-62.17484,-58.50661,132.5
2021-2-9T14:6:0,-62.17487,-58.50646,135.2
2021-2-9T14:6:11,-62.17492,-58.50634,137.1
2021-2-9T14:6:21,-62.17498,-58.50619,137.4
2021-2-9T14:6:32,-62.17502,-58.50601,139.3
2021-2-9T14:6:42,-62.17506,-58.50588,141.5
2021-2-9T14:6:53,-62.17511,-58.50574,144.1
2021-2-9T14:7:3,-62.17517,-58.50562,145.2
2021-2-9T14:7:14,-62.17527,-58.50550,145.1
2021-2-9T14:7:25,-62.17536,-58.50535,144.3
