2021-2-9T12:57:12,-62.15901,-58.47082,8.5
2021-2-9T12:57:23,-62.15900,-58.47082,7.6
2021-2-9T12:57:33,-62.15900,-58.47082,9.8
2021-2-9T12:57:44,-62.15902,-58.47083,11.2
2021-2-9T12:57:54,-62.15902,-58.47085,11.1
2021-2-9T12:58:5,-62.15902,-58.47085,10.5
2021-2-9T12:58:15,-62.15901,-58.47083,9.4
2021-2-9T12:58:26,-62.15902,-58.47083,7.9
2021-2-9T12:58:37,-62.15901,-58.47083,7.2
2021-2-9T12:58:44,-62.15901,-58.47084,6.2
2021-2-9T12:58:55,-62.15901,-58.47083,6.0
2021-2-9T12:59:5,-62.15900,-58.47081,6.2
2021-2-9T12:59:16,-62.15900,-58.47080,9.3
2021-2-9T12:59:26,-62.15901,-58.47081,9.7
2021-2-9T12:59:37,-62.15902,-58.47081,9.5
2021-2-9T12:59:47,-62.15903,-58.47092,9.8
2021-2-9T12:59:58,-62.15904,-58.47117,9.7
2021-2-9T13:0:9,-62.15906,-58.47144,10.4
2021-2-9T13:0:20,-62.15905,-58.47172,10.5
2021-2-9T13:0:30,-62.15903,-58.47198,10.6
2021-2-9T13:0:41,-62.15905,-58.47225,10.5
2021-2-9T13:0:51,-62.15904,-58.47251,10.6
2021-2-9T13:1:2,-62.15901,-58.47272,10.2
2021-2-9T13:1:12,-62.15896,-58.47297,9.4
2021-2-9T13:1:23,-62.15888,-58.47319,8.6
2021-2-9T13:1:34,-62.15879,-58.47339,9.0
2021-2-9T13:1:44,-62.15870,-58.47360,8.9
2021-2-9T13:1:55,-62.15862,-58.47384,9.2
2021-2-9T13:2:5,-62.15854,-58.47403,9.8
2021-2-9T13:2:16,-62.15845,-58.47427,8.6
2021-2-9T13:2:26,-62.15835,-58.47445,8.8
2021-2-9T13:2:37,-62.15827,-58.47472,9.1
2021-2-9T13:2:47,-62.15817,-58.47489,9.1
2021-2-9T13:2:58,-62.15808,-58.47513,8.9
2021-2-9T13:3:9,-62.15796,-58.47530,9.5
2021-2-9T13:3:19,-62.15787,-58.47548,9.2
2021-2-9T13:3:30,-62.15776,-58.47569,10.4
2021-2-9T13:3:40,-62.15765,-58.47586,9.5
2021-2-9T13:3:51,-62.15754,-58.47605,11.1
2021-2-9T13:4:1,-62.15744,-58.47625,9.6
2021-2-9T13:4:12,-62.15733,-58.47641,9.4
2021-2-9T13:4:22,-62.15723,-58.47660,8.4
2021-2-9T13:4:33,-62.15711,-58.47676,8.3
2021-2-9T13:4:44,-62.15703,-58.47704,10.4
2021-2-9T13:4:54,-62.15694,-58.47724,9.1
2021-2-9T13:5:5,-62.15686,-58.47749,9.2
2021-2-9T13:5:15,-62.15680,-58.47775,8.4
2021-2-9T13:5:26,-62.15671,-58.47797,7.9
2021-2-9T13:5:36,-62.15665,-58.47821,8.5
2021-2-9T13:5:47,-62.15655,-58.47842,9.1
2021-2-9T13:5:57,-62.15645,-58.47859,9.1
2021-2-9T13:6:8,-62.15633,-58.47872,9.6
2021-2-9T13:6:19,-62.15621,-58.47890,9.4
2021-2-9T13:6:29,-62.15609,-58.47902,10.5
2021-2-9T13:6:40,-62.15597,-58.47917,9.3
2021-2-9T13:6:50,-62.15586,-58.47932,10.0
2021-2-9T13:7:1,-62.15574,-58.47947,9.3
2021-2-9T13:7:11,-62.15564,-58.47962,9.3
2021-2-9T13:7:22,-62.15553,-58.47983,10.3
2021-2-9T13:7:32,-62.15542,-58.47997,10.0
2021-2-9T13:7:43,-62.15532,-58.48014,10.4
2021-2-9T13:7:53,-62.15525,-58.48031,10.1
2021-2-9T13:8:4,-62.15522,-58.48063,8.4
2021-2-9T13:8:15,-62.15518,-58.48092,8.4
2021-2-9T13:8:25,-62.15517,-58.48120,8.9
2021-2-9T13:8:36,-62.15516,-58.48148,9.5
2021-2-9T13:8:46,-62.15515,-58.48176,9.8
2021-2-9T13:8:57,-62.15517,-58.48199,9.9
2021-2-9T13:9:7,-62.15518,-58.48214,10.3
2021-2-9T13:9:18,-62.15518,-58.48214,10.4
2021-2-9T13:9:29,-62.15518,-58.48213,12.2
2021-2-9T13:9:39,-62.15515,-58.48215,7.2
2021-2-9T13:9:50,-62.15515,-58.48216,2.7
2021-2-9T13:10:0,-62.15517,-58.48217,2.5
2021-2-9T13:10:11,-62.15516,-58.48225,5.1
2021-2-9T13:10:21,-62.15513,-58.48249,8.0
2021-2-9T13:10:32,-62.15509,-58.48272,9.7
2021-2-9T13:10:42,-62.15513,-58.48293,12.3
2021-2-9T13:10:53,-62.15515,-58.48318,14.2
2021-2-9T13:11:4,-62.15520,-58.48345,21.3
2021-2-9T13:11:14,-62.15519,-58.48368,20.5
2021-2-9T13:11:25,-62.15517,-58.48398,16.7
2021-2-9T13:11:35,-62.15516,-58.48425,14.5
2021-2-9T13:11:46,-62.15518,-58.48455,13.1
2021-2-9T13:11:56,-62.15514,-58.48472,11.3
2021-2-9T13:12:7,-62.15518,-58.48492,10.0
2021-2-9T13:12:17,-62.15526,-58.48510,9.5
2021-2-9T13:12:28,-62.15531,-58.48522,9.3
2021-2-9T13:12:39,-62.15536,-58.48542,8.4
2021-2-9T13:12:49,-62.15543,-58.48563,8.6
2021-2-9T13:13:0,-62.15552,-58.48580,8.2
2021-2-9T13:13:10,-62.15562,-58.48595,8.2
2021-2-9T13:13:21,-62.15568,-58.48615,8.3
2021-2-9T13:13:31,-62.15575,-58.48635,8.7
2021-2-9T13:13:42,-62.15584,-58.48651,7.9
2021-2-9T13:13:52,-62.15594,-58.48667,7.5
2021-2-9T13:14:3,-62.15603,-58.48688,6.8
2021-2-9T13:14:14,-62.15614,-58.48704,7.4
2021-2-9T13:14:24,-62.15625,-58.48711,7.3
2021-2-9T13:14:35,-62.15638,-58.48718,7.7
