2021-2-9T12:57:12,-62.15901,-58.47082,8.5
2021-2-9T12:57:23,-62.15900,-58.47082,7.6
2021-2-9T12:57:33,-62.15900,-58.47082,9.8
2021-2-9T12:57:44,-62.15902,-58.47083,11.2
2021-2-9T12:57:54,-62.15902,-58.47085,11.1
2021-2-9T12:58:5,-62.15902,-58.47085,10.5
2021-2-9T12:58:15,-62.15901,-58.47083,9.4
2021-2-9T12:58:26,-62.15902,-58.47083,7.9
2021-2-9T12:58:37,-62.15901,-58.47083,7.2
2021-2-9T12:58:44,-62.15901,-58.47084,6.2
2021-2-9T12:58:55,-62.15901,-58.47083,6.0
2021-2-9T12:59:5,-62.15900,-58.47081,6.2
2021-2-9T12:59:16,-62.15900,-58.47080,9.3
2021-2-9T12:59:26,-62.15901,-58.47081,9.7
2021-2-9T12:59:37,-62.15902,-58.47081,9.5
2021-2-9T12:59:47,-62.15903,-58.47092,9.8
2021-2-9T12:59:58,-62.15904,-58.47117,9.7
2021-2-9T13:0:9,-62.15906,-58.47144,10.4
2021-2-9T13:0:20,-62.15905,-58.47172,10.5
2021-2-9T13:0:30,-62.15903,-58.47198,10.6
2021-2-9T13:0:41,-62.15905,-58.47225,10.5
2021-2-9T13:0:51,-62.15904,-58.47251,10.6
2021-2-9T13:1:2,-62.15901,-58.47272,10.2
2021-2-9T13:1:12,-62.15896,-58.47297,9.4
2021-2-9T13:1:23,-62.15888,-58.47319,8.6
2021-2-9T13:1:34,-62.15879,-58.47339,9.0
2021-2-9T13:1:44,-62.15870,-58.47360,8.9
2021-2-9T13:1:55,-62.15862,-58.47384,9.2
2021-2-9T13:2:5,-62.15854,-58.47403,9.8
2021-2-9T13:2:16,-62.15845,-58.47427,8.6
2021-2-9T13:2:26,-62.15835,-58.47445,8.8
2021-2-9T13:2:37,-62.15827,-58.47472,9.1
2021-2-9T13:2:47,-62.15817,-58.47489,9.1
2021-2-9T13:2:58,-62.15808,-58.47513,8.9
2021-2-9T13:3:9,-62.15796,-58.47530,9.5
2021-2-9T13:3:19,-62.15787,-58.47548,9.2
2021-2-9T13:3:30,-62.15776,-58.47569,10.4
2021-2-9T13:3:40,-62.15765,-58.47586,9.5
2021-2-9T13:3:51,-62.15754,-58.47605,11.1
2021-2-9T13:4:1,-62.15744,-58.47625,9.6
2021-2-9T13:4:12,-62.15733,-58.47641,9.4
2021-2-9T13:4:22,-62.15723,-58.47660,8.4
2021-2-9T13:4:33,-62.15711,-58.47676,8.3
2021-2-9T13:4:44,-62.15703,-58.47704,10.4
2021-2-9T13:4:54,-62.15694,-58.47724,9.1
2021-2-9T13:5:5,-62.15686,-58.47749,9.2
2021-2-9T13:5:15,-62.15680,-58.47775,8.4
2021-2-9T13:5:26,-62.15671,-58.47797,7.9
2021-2-9T13:5:36,-62.15665,-58.47821,8.5
2021-2-9T13:5:47,-62.15655,-58.47842,9.1
2021-2-9T13:5:57,-62.15645,-58.47859,9.1
2021-2-9T13:6:8,-62.15633,-58.47872,9.6
2021-2-9T13:6:19,-62.15621,-58.47890,9.4
2021-2-9T13:6:29,-62.15609,-58.47902,10.5
2021-2-9T13:6:40,-62.15597,-58.47917,9.3
2021-2-9T13:6:50,-62.15586,-58.47932,10.0
2021-2-9T13:7:1,-62.15574,-58.47947,9.3
2021-2-9T13:7:11,-62.15564,-58.47962,9.3
2021-2-9T13:7:22,-62.15553,-58.47983,10.3
2021-2-9T13:7:32,-62.15542,-58.47997,10.0
2021-2-9T13:7:43,-62.15532,-58.48014,10.4
2021-2-9T13:7:53,-62.15525,-58.48031,10.1
2021-2-9T13:8:4,-62.15522,-58.48063,8.4
2021-2-9T13:8:15,-62.15518,-58.48092,8.4
2021-2-9T13:8:25,-62.15517,-58.48120,8.9
2021-2-9T13:8:36,-62.15516,-58.48148,9.5
2021-2-9T13:8:46,-62.15515,-58.48176,9.8
2021-2-9T13:8:57,-62.15517,-58.48199,9.9
2021-2-9T13:9:7,-62.15518,-58.48214,10.3
2021-2-9T13:9:18,-62.15518,-58.48214,10.4
2021-2-9T13:9:29,-62.15518,-58.48213,12.2
2021-2-9T13:9:39,-62.15515,-58.48215,7.2
2021-2-9T13:9:50,-62.15515,-58.48216,2.7
2021-2-9T13:10:0,-62.15517,-58.48217,2.5
2021-2-9T13:10:11,-62.15516,-58.48225,5.1
2021-2-9T13:10:21,-62.15513,-58.48249,8.0
2021-2-9T13:10:32,-62.15509,-58.48272,9.7
2021-2-9T13:10:42,-62.15513,-58.48293,12.3
2021-2-9T13:10:53,-62.15515,-58.48318,14.2
2021-2-9T13:11:4,-62.15520,-58.48345,21.3
2021-2-9T13:11:14,-62.15519,-58.48368,20.5
2021-2-9T13:11:25,-62.15517,-58.48398,16.7
2021-2-9T13:11:35,-62.15516,-58.48425,14.5
2021-2-9T13:11:46,-62.15518,-58.48455,13.1
2021-2-9T13:11:56,-62.15514,-58.48472,11.3
2021-2-9T13:12:7,-62.15518,-58.48492,10.0
2021-2-9T13:12:17,-62.15526,-58.48510,9.5
2021-2-9T13:12:28,-62.15531,-58.48522,9.3
2021-2-9T13:12:39,-62.15536,-58.48542,8.4
2021-2-9T13:12:49,-62.15543,-58.48563,8.6
2021-2-9T13:13:0,-62.15552,-58.48580,8.2
2021-2-9T13:13:10,-62.15562,-58.48595,8.2
2021-2-9T13:13:21,-62.15568,-58.48615,8.3
2021-2-9T13:13:31,-62.15575,-58.48635,8.7
2021-2-9T13:13:42,-62.15584,-58.48651,7.9
2021-2-9T13:13:52,-62.15594,-58.48667,7.5
2021-2-9T13:14:3,-62.15603,-58.48688,6.8
2021-2-9T13:14:14,-62.15614,-58.48704,7.4
2021-2-9T13:14:24,-62.15625,-58.48711,7.3
2021-2-9T13:14:35,-62.15638,-58.48718,7.7
2021-2-9T13:14:45,-62.15649,-58.48731,7.6
2021-2-9T13:14:56,-62.15660,-58.48743,7.3
2021-2-9T13:15:7,-62.15672,-58.48754,7.6
2021-2-9T13:15:17,-62.15681,-58.48771,6.9
2021-2-9T13:15:28,-62.15692,-58.48784,6.8
2021-2-9T13:15:38,-62.15702,-58.48797,6.7
2021-2-9T13:15:49,-62.15712,-58.48810,7.4
2021-2-9T13:15:59,-62.15722,-58.48824,7.4
2021-2-9T13:16:10,-62.15732,-58.48844,6.6
2021-2-9T13:16:21,-62.15743,-58.48859,7.3
2021-2-9T13:16:31,-62.15753,-58.48871,7.9
2021-2-9T13:16:42,-62.15764,-58.48888,7.4
2021-2-9T13:16:52,-62.15774,-58.48902,8.0
2021-2-9T13:17:3,-62.15785,-58.48918,6.8
2021-2-9T13:17:13,-62.15793,-58.48935,6.8
2021-2-9T13:17:24,-62.15805,-58.48954,8.2
2021-2-9T13:17:35,-62.15816,-58.48971,9.5
2021-2-9T13:17:45,-62.15827,-58.48985,9.8
2021-2-9T13:17:56,-62.15836,-58.49007,8.7
2021-2-9T13:18:6,-62.15846,-58.49017,9.3
2021-2-9T13:18:17,-62.15857,-58.49035,7.7
2021-2-9T13:18:27,-62.15866,-58.49052,7.5
2021-2-9T13:18:38,-62.15876,-58.49068,7.3
2021-2-9T13:18:48,-62.15883,-58.49087,7.6
2021-2-9T13:18:59,-62.15895,-58.49100,7.6
2021-2-9T13:19:10,-62.15904,-58.49118,8.7
2021-2-9T13:19:20,-62.15912,-58.49139,8.2
2021-2-9T13:19:31,-62.15922,-58.49159,7.8
2021-2-9T13:19:41,-62.15928,-58.49182,7.3
2021-2-9T13:19:52,-62.15936,-58.49207,6.0
2021-2-9T13:20:2,-62.15946,-58.49225,7.5
2021-2-9T13:20:13,-62.15956,-58.49241,7.6
2021-2-9T13:20:23,-62.15964,-58.49260,6.8
2021-2-9T13:20:34,-62.15977,-58.49275,7.6
2021-2-9T13:20:45,-62.15988,-58.49293,8.3
2021-2-9T13:20:55,-62.15997,-58.49310,7.8
2021-2-9T13:21:6,-62.16005,-58.49335,7.7
2021-2-9T13:21:16,-62.16015,-58.49353,8.0
2021-2-9T13:21:27,-62.16025,-58.49374,7.5
2021-2-9T13:21:37,-62.16034,-58.49392,6.4
2021-2-9T13:21:48,-62.16043,-58.49412,6.7
2021-2-9T13:21:59,-62.16054,-58.49430,6.4
2021-2-9T13:22:9,-62.16062,-58.49446,7.3
2021-2-9T13:22:20,-62.16070,-58.49468,7.4
2021-2-9T13:22:30,-62.16078,-58.49485,6.9
2021-2-9T13:22:41,-62.16086,-58.49511,7.0
2021-2-9T13:22:51,-62.16093,-58.49533,6.9
2021-2-9T13:23:2,-62.16104,-58.49553,7.5
2021-2-9T13:23:12,-62.16113,-58.49572,7.2
2021-2-9T13:23:23,-62.16120,-58.49588,8.1
2021-2-9T13:23:34,-62.16129,-58.49605,8.0
2021-2-9T13:23:44,-62.16137,-58.49621,7.6
2021-2-9T13:23:55,-62.16147,-58.49640,6.6
2021-2-9T13:24:5,-62.16155,-58.49659,7.2
2021-2-9T13:24:16,-62.16163,-58.49681,7.1
2021-2-9T13:24:26,-62.16172,-58.49699,7.5
2021-2-9T13:24:37,-62.16180,-58.49719,7.2
2021-2-9T13:24:48,-62.16189,-58.49741,6.5
2021-2-9T13:24:58,-62.16199,-58.49756,6.7
2021-2-9T13:25:9,-62.16206,-58.49777,6.1
2021-2-9T13:25:19,-62.16214,-58.49799,6.1
2021-2-9T13:25:30,-62.16222,-58.49820,6.8
2021-2-9T13:25:40,-62.16228,-58.49841,7.0
2021-2-9T13:25:51,-62.16236,-58.49862,7.8
2021-2-9T13:26:1,-62.16246,-58.49877,6.6
2021-2-9T13:26:12,-62.16253,-58.49898,7.5
2021-2-9T13:26:23,-62.16261,-58.49919,7.7
2021-2-9T13:26:33,-62.16267,-58.49939,7.5
2021-2-9T13:26:44,-62.16274,-58.49961,8.6
2021-2-9T13:26:54,-62.16282,-58.49979,8.2
2021-2-9T13:27:5,-62.16288,-58.50003,8.3
2021-2-9T13:27:15,-62.16299,-58.50014,9.3
2021-2-9T13:27:26,-62.16309,-58.50034,8.6
2021-2-9T13:27:36,-62.16317,-58.50053,8.5
2021-2-9T13:27:47,-62.16327,-58.50073,6.9
2021-2-9T13:27:58,-62.16340,-58.50086,7.3
2021-2-9T13:28:8,-62.16350,-58.50101,8.0
2021-2-9T13:28:19,-62.16361,-58.50116,6.7
2021-2-9T13:28:29,-62.16370,-58.50133,6.6
2021-2-9T13:28:40,-62.16380,-58.50147,6.3
2021-2-9T13:28:50,-62.16392,-58.50155,6.6
2021-2-9T13:29:1,-62.16404,-58.50166,6.7
2021-2-9T13:29:12,-62.16416,-58.50174,7.1
2021-2-9T13:29:22,-62.16425,-58.50187,6.8
2021-2-9T13:29:33,-62.16437,-58.50201,7.1
2021-2-9T13:29:43,-62.16448,-58.50215,6.4
2021-2-9T13:29:54,-62.16458,-58.50236,5.6
2021-2-9T13:30:4,-62.16469,-58.50244,5.9
2021-2-9T13:30:15,-62.16480,-58.50258,6.0
2021-2-9T13:30:26,-62.16490,-58.50275,5.9
2021-2-9T13:30:36,-62.16502,-58.50288,6.9
2021-2-9T13:30:47,-62.16514,-58.50300,7.1
2021-2-9T13:30:57,-62.16522,-58.50309,7.7
2021-2-9T13:31:8,-62.16534,-58.50321,7.4
2021-2-9T13:31:18,-62.16545,-58.50334,6.4
2021-2-9T13:31:29,-62.16557,-58.50348,6.4
2021-2-9T13:31:39,-62.16568,-58.50360,5.7
2021-2-9T13:31:50,-62.16581,-58.50372,5.4
2021-2-9T13:32:1,-62.16590,-58.50390,5.2
2021-2-9T13:32:11,-62.16598,-58.50410,5.2
2021-2-9T13:32:22,-62.16608,-58.50428,4.8
2021-2-9T13:32:32,-62.16619,-58.50442,4.6
2021-2-9T13:32:43,-62.16630,-58.50460,4.0
2021-2-9T13:32:54,-62.16635,-58.50486,6.0
2021-2-9T13:33:4,-62.16645,-58.50497,5.9
2021-2-9T13:33:15,-62.16654,-58.50510,6.4
2021-2-9T13:33:25,-62.16662,-58.50529,6.8
2021-2-9T13:33:36,-62.16669,-58.50550,7.4
2021-2-9T13:33:46,-62.16676,-58.50570,7.5
2021-2-9T13:33:57,-62.16686,-58.50581,6.6
2021-2-9T13:34:8,-62.16695,-58.50602,6.8
2021-2-9T13:34:18,-62.16706,-58.50613,7.4
2021-2-9T13:34:29,-62.16714,-58.50634,7.4
2021-2-9T13:34:39,-62.16723,-58.50654,7.9
2021-2-9T13:34:50,-62.16729,-58.50680,9.3
2021-2-9T13:35:0,-62.16735,-58.50700,9.2
2021-2-9T13:35:11,-62.16740,-58.50724,9.3
2021-2-9T13:35:21,-62.16744,-58.50747,9.3
2021-2-9T13:35:32,-62.16752,-58.50769,9.8
2021-2-9T13:35:43,-62.16760,-58.50793,9.5
2021-2-9T13:35:53,-62.16764,-58.50815,8.5
2021-2-9T13:36:4,-62.16768,-58.50841,11.3
2021-2-9T13:36:14,-62.16772,-58.50865,10.9
2021-2-9T13:36:25,-62.16779,-58.50885,10.7
2021-2-9T13:36:35,-62.16783,-58.50911,10.1
2021-2-9T13:36:46,-62.16788,-58.50929,10.0
2021-2-9T13:36:57,-62.16795,-58.50952,9.6
2021-2-9T13:37:7,-62.16803,-58.50964,8.8
2021-2-9T13:37:18,-62.16810,-58.50981,8.4
2021-2-9T13:37:28,-62.16814,-58.51000,7.5
2021-2-9T13:37:39,-62.16824,-58.51010,7.1
2021-2-9T13:37:49,-62.16834,-58.51020,5.9
2021-2-9T13:38:0,-62.16845,-58.51036,6.3
2021-2-9T13:38:10,-62.16856,-58.51047,4.6
2021-2-9T13:38:21,-62.16865,-58.51062,5.2
2021-2-9T13:38:32,-62.16877,-58.51074,5.7
2021-2-9T13:38:42,-62.16887,-58.51090,5.8
2021-2-9T13:38:53,-62.16898,-58.51102,6.7
2021-2-9T13:39:3,-62.16907,-58.51118,6.7
2021-2-9T13:39:14,-62.16915,-58.51140,6.4
2021-2-9T13:39:24,-62.16922,-58.51159,7.0
2021-2-9T13:39:35,-62.16931,-58.51183,7.3
2021-2-9T13:39:46,-62.16939,-58.51204,7.7
2021-2-9T13:39:56,-62.16946,-58.51222,7.2
2021-2-9T13:40:7,-62.16955,-58.51243,7.0
2021-2-9T13:40:17,-62.16960,-58.51265,6.9
2021-2-9T13:40:28,-62.16967,-58.51287,6.6
2021-2-9T13:40:38,-62.16976,-58.51304,7.7
2021-2-9T13:40:49,-62.16978,-58.51331,8.1
2021-2-9T13:40:59,-62.16986,-58.51349,6.9
2021-2-9T13:41:10,-62.16990,-58.51374,8.1
2021-2-9T13:41:21,-62.16999,-58.51394,7.5
2021-2-9T13:41:31,-62.17002,-58.51417,9.0
2021-2-9T13:41:42,-62.17002,-58.51445,9.3
2021-2-9T13:41:52,-62.17010,-58.51464,8.2
2021-2-9T13:42:3,-62.17017,-58.51486,7.6
2021-2-9T13:42:13,-62.17022,-58.51508,7.2
2021-2-9T13:42:24,-62.17027,-58.51531,7.2
2021-2-9T13:42:35,-62.17037,-58.51547,6.5
2021-2-9T13:42:45,-62.17045,-58.51559,7.0
2021-2-9T13:42:56,-62.17048,-58.51581,8.1
2021-2-9T13:43:6,-62.17059,-58.51593,7.5
2021-2-9T13:43:17,-62.17063,-58.51617,7.2
2021-2-9T13:43:27,-62.17070,-58.51633,7.1
2021-2-9T13:43:38,-62.17078,-58.51653,6.6
2021-2-9T13:43:49,-62.17087,-58.51667,7.1
2021-2-9T13:43:59,-62.17095,-58.51681,6.8
2021-2-9T13:44:10,-62.17103,-58.51685,6.9
2021-2-9T13:44:20,-62.17111,-58.51703,8.3
2021-2-9T13:44:31,-62.17121,-58.51708,8.8
2021-2-9T13:44:41,-62.17130,-58.51715,9.7
2021-2-9T13:44:52,-62.17138,-58.51711,11.7
2021-2-9T13:45:2,-62.17147,-58.51704,13.6
2021-2-9T13:45:13,-62.17155,-58.51707,15.5
2021-2-9T13:45:24,-62.17165,-58.51710,15.9
2021-2-9T13:45:34,-62.17175,-58.51715,16.5
2021-2-9T13:45:45,-62.17184,-58.51723,17.2
2021-2-9T13:45:55,-62.17195,-58.51727,17.3
2021-2-9T13:46:6,-62.17205,-58.51733,17.9
2021-2-9T13:46:16,-62.17210,-58.51743,17.6
2021-2-9T13:46:27,-62.17210,-58.51743,18.3
2021-2-9T13:46:38,-62.17210,-58.51742,17.0
2021-2-9T13:46:48,-62.17211,-58.51743,16.9
2021-2-9T13:46:59,-62.17211,-58.51743,17.8
2021-2-9T13:47:9,-62.17211,-58.51742,18.5
2021-2-9T13:47:20,-62.17211,-58.51742,18.4
2021-2-9T13:47:30,-62.17211,-58.51742,17.5
2021-2-9T13:47:41,-62.17211,-58.51743,17.8
2021-2-9T13:47:52,-62.17210,-58.51744,18.1
2021-2-9T13:48:2,-62.17211,-58.51745,18.1
2021-2-9T13:48:13,-62.17211,-58.51745,17.9
2021-2-9T13:48:23,-62.17211,-58.51746,17.4
2021-2-9T13:48:34,-62.17212,-58.51746,17.3
2021-2-9T13:48:44,-62.17211,-58.51747,17.5
2021-2-9T13:48:55,-62.17211,-58.51748,17.3
2021-2-9T13:49:5,-62.17211,-58.51748,17.2
2021-2-9T13:49:16,-62.17211,-58.51748,16.9
2021-2-9T13:49:27,-62.17211,-58.51746,16.5
2021-2-9T13:49:37,-62.17211,-58.51747,16.8
2021-2-9T13:49:48,-62.17211,-58.51747,16.5
2021-2-9T13:49:58,-62.17211,-58.51746,16.7
2021-2-9T13:50:9,-62.17211,-58.51746,16.3
2021-2-9T13:50:20,-62.17211,-58.51746,16.4
2021-2-9T13:50:30,-62.17211,-58.51746,16.0
2021-2-9T13:50:41,-62.17211,-58.51746,16.4
2021-2-9T13:50:51,-62.17211,-58.51746,16.7
2021-2-9T13:51:2,-62.17211,-58.51746,16.3
2021-2-9T13:51:12,-62.17211,-58.51747,16.5
2021-2-9T13:51:23,-62.17211,-58.51747,16.3
2021-2-9T13:51:34,-62.17211,-58.51746,16.6
2021-2-9T13:51:44,-62.17211,-58.51746,17.0
2021-2-9T13:51:55,-62.17211,-58.51747,16.8
2021-2-9T13:52:5,-62.17211,-58.51746,17.0
2021-2-9T13:52:16,-62.17213,-58.51740,18.1
2021-2-9T13:52:26,-62.17218,-58.51728,19.0
2021-2-9T13:52:37,-62.17222,-58.51723,19.3
2021-2-9T13:52:48,-62.17229,-58.51715,20.0
2021-2-9T13:52:58,-62.17237,-58.51706,20.9
2021-2-9T13:53:9,-62.17245,-58.51698,21.6
2021-2-9T13:53:19,-62.17253,-58.51692,22.5
2021-2-9T13:53:30,-62.17262,-58.51681,22.8
2021-2-9T13:53:40,-62.17270,-58.51668,24.0
2021-2-9T13:53:51,-62.17278,-58.51652,25.5
2021-2-9T13:54:2,-62.17285,-58.51638,26.8
2021-2-9T13:54:12,-62.17292,-58.51627,27.6
2021-2-9T13:54:23,-62.17301,-58.51613,27.8
2021-2-9T13:54:33,-62.17309,-58.51604,29.1
2021-2-9T13:54:44,-62.17312,-58.51585,31.1
2021-2-9T13:54:54,-62.17319,-58.51574,32.6
2021-2-9T13:55:5,-62.17325,-58.51559,34.3
2021-2-9T13:55:16,-62.17330,-58.51546,37.1
2021-2-9T13:55:26,-62.17337,-58.51537,37.0
2021-2-9T13:55:37,-62.17345,-58.51525,38.3
2021-2-9T13:55:47,-62.17351,-58.51518,40.5
2021-2-9T13:55:58,-62.17358,-58.51507,42.1
2021-2-9T13:56:8,-62.17363,-58.51497,43.3
2021-2-9T13:56:19,-62.17371,-58.51485,46.7
2021-2-9T13:56:30,-62.17378,-58.51478,49.1
2021-2-9T13:56:40,-62.17386,-58.51474,50.8
2021-2-9T13:56:51,-62.17391,-58.51462,54.1
2021-2-9T13:57:1,-62.17396,-58.51452,53.8
2021-2-9T13:57:12,-62.17405,-58.51443,54.5
2021-2-9T13:57:22,-62.17409,-58.51430,56.7
2021-2-9T13:57:33,-62.17412,-58.51414,59.1
2021-2-9T13:57:43,-62.17413,-58.51398,61.0
2021-2-9T13:57:54,-62.17413,-58.51381,63.7
2021-2-9T13:58:5,-62.17415,-58.51363,65.6
2021-2-9T13:58:15,-62.17415,-58.51347,68.2
2021-2-9T13:58:26,-62.17412,-58.51334,71.0
2021-2-9T13:58:36,-62.17410,-58.51318,71.7
2021-2-9T13:58:47,-62.17410,-58.51299,73.8
2021-2-9T13:58:57,-62.17409,-58.51284,77.0
2021-2-9T13:59:8,-62.17411,-58.51263,78.4
2021-2-9T13:59:19,-62.17412,-58.51243,80.6
2021-2-9T13:59:29,-62.17416,-58.51229,82.2
2021-2-9T13:59:40,-62.17417,-58.51204,81.0
2021-2-9T13:59:50,-62.17414,-58.51192,82.1
2021-2-9T14:0:1,-62.17412,-58.51169,83.9
2021-2-9T14:0:11,-62.17410,-58.51143,82.9
2021-2-9T14:0:22,-62.17414,-58.51121,81.6
2021-2-9T14:0:33,-62.17418,-58.51102,84.3
2021-2-9T14:0:43,-62.17422,-58.51086,87.2
2021-2-9T14:0:54,-62.17425,-58.51065,89.8
2021-2-9T14:1:4,-62.17427,-58.51046,90.2
2021-2-9T14:1:15,-62.17432,-58.51025,92.2
2021-2-9T14:1:25,-62.17437,-58.51010,94.1
2021-2-9T14:1:36,-62.17444,-58.50998,92.8
2021-2-9T14:1:46,-62.17445,-58.50981,94.0
2021-2-9T14:1:57,-62.17444,-58.50964,95.5
2021-2-9T14:2:8,-62.17446,-58.50952,97.9
2021-2-9T14:2:18,-62.17447,-58.50934,100.6
2021-2-9T14:2:29,-62.17451,-58.50920,102.7
2021-2-9T14:2:39,-62.17455,-58.50908,104.7
2021-2-9T14:2:50,-62.17458,-58.50892,109.7
2021-2-9T14:3:0,-62.17461,-58.50875,110.5
2021-2-9T14:3:11,-62.17463,-58.50855,111.5
2021-2-9T14:3:22,-62.17470,-58.50835,111.7
2021-2-9T14:3:32,-62.17475,-58.50814,112.2
2021-2-9T14:3:43,-62.17477,-58.50794,112.1
2021-2-9T14:3:53,-62.17477,-58.50775,113.2
2021-2-9T14:4:4,-62.17476,-58.50764,115.6
2021-2-9T14:4:14,-62.17475,-58.50752,117.6
2021-2-9T14:4:25,-62.17476,-58.50738,119.9
2021-2-9T14:4:36,-62.17479,-58.50724,121.8
2021-2-9T14:4:46,-62.17480,-58.50720,120.6
2021-2-9T14:4:57,-62.17481,-58.50718,122.1
2021-2-9T14:5:7,-62.17481,-58.50715,123.0
2021-2-9T14:5:18,-62.17481,-58.50699,126.0
2021-2-9T14:5:28,-62.17483,-58.50686,129.7
2021-2-9T14:5:39,-62.17484,-58.50673,130.1
2021-2-9T14:5:49,-62.17484,-58.50661,132.5
2021-2-9T14:6:0,-62.17487,-58.50646,135.2
2021-2-9T14:6:11,-62.17492,-58.50634,137.1
2021-2-9T14:6:21,-62.17498,-58.50619,137.4
2021-2-9T14:6:32,-62.17502,-58.50601,139.3
2021-2-9T14:6:42,-62.17506,-58.50588,141.5
2021-2-9T14:6:53,-62.17511,-58.50574,144.1
2021-2-9T14:7:3,-62.17517,-58.50562,145.2
2021-2-9T14:7:14,-62.17527,-58.50550,145.1
2021-2-9T14:7:25,-62.17536,-58.50535,144.3
2021-2-9T14:7:35,-62.17540,-58.50518,145.2
2021-2-9T14:7:46,-62.17543,-58.50496,147.4
2021-2-9T14:7:57,-62.17549,-58.50481,150.9
2021-2-9T14:8:7,-62.17553,-58.50468,152.6
2021-2-9T14:8:18,-62.17555,-58.50455,153.0
2021-2-9T14:8:28,-62.17556,-58.50454,151.6
2021-2-9T14:8:39,-62.17558,-58.50445,155.4
2021-2-9T14:8:49,-62.17561,-58.50433,158.4
2021-2-9T14:9:0,-62.17562,-58.50423,158.5
2021-2-9T14:9:10,-62.17564,-58.50414,160.1
2021-2-9T14:9:21,-62.17566,-58.50406,165.1
2021-2-9T14:9:32,-62.17567,-58.50400,166.5
2021-2-9T14:9:42,-62.17568,-58.50389,166.0
2021-2-9T14:9:53,-62.17568,-58.50376,168.9
2021-2-9T14:10:3,-62.17568,-58.50365,169.1
2021-2-9T14:10:14,-62.17569,-58.50353,169.9
2021-2-9T14:10:24,-62.17569,-58.50342,173.6
2021-2-9T14:10:35,-62.17570,-58.50329,175.6
2021-2-9T14:10:46,-62.17569,-58.50317,178.0
2021-2-9T14:10:56,-62.17570,-58.50306,179.6
2021-2-9T14:11:7,-62.17570,-58.50305,180.4
2021-2-9T14:11:17,-62.17570,-58.50292,180.4
2021-2-9T14:11:28,-62.17570,-58.50280,183.0
2021-2-9T14:11:38,-62.17571,-58.50270,187.2
2021-2-9T14:11:49,-62.17571,-58.50258,188.4
2021-2-9T14:12:0,-62.17572,-58.50242,191.5
2021-2-9T14:12:10,-62.17572,-58.50235,194.3
2021-2-9T14:12:21,-62.17571,-58.50234,195.2
2021-2-9T14:12:31,-62.17572,-58.50235,193.6
2021-2-9T14:12:42,-62.17566,-58.50219,195.9
2021-2-9T14:12:52,-62.17562,-58.50204,197.2
2021-2-9T14:13:3,-62.17558,-58.50190,199.5
2021-2-9T14:13:14,-62.17555,-58.50175,201.5
2021-2-9T14:13:24,-62.17553,-58.50159,204.5
2021-2-9T14:13:35,-62.17552,-58.50137,207.2
2021-2-9T14:13:45,-62.17550,-58.50117,209.6
2021-2-9T14:13:56,-62.17549,-58.50095,212.9
2021-2-9T14:14:6,-62.17550,-58.50072,217.1
2021-2-9T14:14:17,-62.17551,-58.50049,220.1
2021-2-9T14:14:28,-62.17553,-58.50014,223.8
2021-2-9T14:14:38,-62.17560,-58.49996,224.7
2021-2-9T14:14:49,-62.17569,-58.49987,226.0
2021-2-9T14:14:59,-62.17572,-58.49993,226.1
2021-2-9T14:15:10,-62.17572,-58.49991,226.2
2021-2-9T14:15:20,-62.17572,-58.49991,225.6
2021-2-9T14:15:31,-62.17572,-58.49990,225.9
2021-2-9T14:15:42,-62.17572,-58.49990,226.0
2021-2-9T14:15:52,-62.17572,-58.49991,225.8
2021-2-9T14:16:3,-62.17572,-58.49990,225.9
2021-2-9T14:16:13,-62.17572,-58.49990,226.1
2021-2-9T14:16:24,-62.17572,-58.49990,226.1
2021-2-9T14:16:34,-62.17572,-58.49990,226.2
2021-2-9T14:16:45,-62.17573,-58.49991,226.3
2021-2-9T14:16:56,-62.17572,-58.49990,226.3
2021-2-9T14:17:6,-62.17573,-58.49991,226.2
2021-2-9T14:17:17,-62.17573,-58.49990,226.2
2021-2-9T14:17:27,-62.17573,-58.49990,226.1
2021-2-9T14:17:38,-62.17572,-58.49991,226.5
2021-2-9T14:17:48,-62.17572,-58.49992,225.8
2021-2-9T14:17:59,-62.17572,-58.49990,226.0
2021-2-9T14:18:10,-62.17572,-58.49992,226.5
2021-2-9T14:18:20,-62.17573,-58.49992,227.3
2021-2-9T14:18:31,-62.17573,-58.49993,228.5
2021-2-9T14:18:41,-62.17573,-58.49993,228.5
2021-2-9T14:18:52,-62.17572,-58.49992,228.3
2021-2-9T14:19:2,-62.17572,-58.49993,228.3
2021-2-9T14:19:13,-62.17572,-58.49992,228.4
2021-2-9T14:19:24,-62.17572,-58.49993,228.0
2021-2-9T14:19:34,-62.17572,-58.49993,228.0
2021-2-9T14:19:45,-62.17572,-58.49991,228.7
2021-2-9T14:19:55,-62.17573,-58.49966,227.3
2021-2-9T14:20:6,-62.17567,-58.49942,226.0
2021-2-9T14:20:16,-62.17564,-58.49920,224.4
2021-2-9T14:20:27,-62.17558,-58.49890,222.4
2021-2-9T14:20:38,-62.17550,-58.49864,222.8
2021-2-9T14:20:48,-62.17542,-58.49840,224.1
2021-2-9T14:20:59,-62.17534,-58.49815,224.4
2021-2-9T14:21:9,-62.17524,-58.49800,224.3
2021-2-9T14:21:20,-62.17516,-58.49781,224.5
2021-2-9T14:21:30,-62.17506,-58.49770,225.2
2021-2-9T14:21:41,-62.17497,-58.49752,225.3
2021-2-9T14:21:52,-62.17487,-58.49734,226.2
2021-2-9T14:22:2,-62.17480,-58.49718,227.6
2021-2-9T14:22:13,-62.17468,-58.49707,227.1
2021-2-9T14:22:23,-62.17458,-58.49698,226.3
2021-2-9T14:22:34,-62.17449,-58.49687,226.6
2021-2-9T14:22:44,-62.17440,-58.49670,226.1
2021-2-9T14:22:55,-62.17433,-58.49652,226.6
2021-2-9T14:23:6,-62.17421,-58.49634,228.2
2021-2-9T14:23:16,-62.17408,-58.49618,229.5
2021-2-9T14:23:27,-62.17397,-58.49601,229.8
2021-2-9T14:23:37,-62.17387,-58.49593,228.2
2021-2-9T14:23:48,-62.17379,-58.49586,225.3
2021-2-9T14:23:58,-62.17371,-58.49581,223.1
2021-2-9T14:24:9,-62.17364,-58.49583,219.1
2021-2-9T14:24:20,-62.17357,-58.49575,215.4
2021-2-9T14:24:30,-62.17347,-58.49562,212.4
2021-2-9T14:24:41,-62.17333,-58.49559,209.1
2021-2-9T14:24:51,-62.17323,-58.49558,206.9
2021-2-9T14:25:2,-62.17316,-58.49550,206.2
2021-2-9T14:25:12,-62.17308,-58.49552,203.7
2021-2-9T14:25:23,-62.17301,-58.49555,201.1
2021-2-9T14:25:34,-62.17292,-58.49552,196.6
2021-2-9T14:25:44,-62.17280,-58.49542,192.7
2021-2-9T14:25:55,-62.17272,-58.49518,192.0
2021-2-9T14:26:6,-62.17267,-58.49494,187.3
2021-2-9T14:26:16,-62.17261,-58.49472,183.3
2021-2-9T14:26:27,-62.17252,-58.49454,181.1
2021-2-9T14:26:37,-62.17247,-58.49431,177.7
2021-2-9T14:26:48,-62.17240,-58.49410,174.7
2021-2-9T14:26:58,-62.17237,-58.49387,172.2
2021-2-9T14:27:9,-62.17238,-58.49367,171.5
2021-2-9T14:27:20,-62.17228,-58.49353,171.5
2021-2-9T14:27:30,-62.17221,-58.49344,172.4
2021-2-9T14:27:41,-62.17216,-58.49327,170.3
2021-2-9T14:27:51,-62.17204,-58.49319,169.5
2021-2-9T14:28:2,-62.17194,-58.49306,167.2
2021-2-9T14:28:12,-62.17184,-58.49297,167.2
2021-2-9T14:28:23,-62.17184,-58.49296,167.8
2021-2-9T14:28:34,-62.17174,-58.49290,168.6
2021-2-9T14:28:44,-62.17167,-58.49267,167.3
2021-2-9T14:28:55,-62.17158,-58.49244,168.0
2021-2-9T14:29:5,-62.17153,-58.49221,168.3
2021-2-9T14:29:16,-62.17146,-58.49198,166.6
2021-2-9T14:29:26,-62.17139,-58.49174,166.0
2021-2-9T14:29:37,-62.17134,-58.49149,164.8
2021-2-9T14:29:48,-62.17133,-58.49121,163.0
2021-2-9T14:29:58,-62.17129,-58.49093,161.4
2021-2-9T14:30:9,-62.17125,-58.49061,158.2
2021-2-9T14:30:19,-62.17122,-58.49032,156.5
2021-2-9T14:30:30,-62.17120,-58.49002,154.3
2021-2-9T14:30:40,-62.17118,-58.48972,155.1
2021-2-9T14:30:51,-62.17112,-58.48941,154.3
2021-2-9T14:31:2,-62.17104,-58.48915,154.6
2021-2-9T14:31:12,-62.17094,-58.48893,154.6
2021-2-9T14:31:23,-62.17084,-58.48867,152.2
2021-2-9T14:31:33,-62.17076,-58.48846,153.5
2021-2-9T14:31:44,-62.17072,-58.48835,153.9
2021-2-9T14:31:54,-62.17072,-58.48833,153.9
2021-2-9T14:32:5,-62.17068,-58.48825,153.8
2021-2-9T14:32:16,-62.17065,-58.48807,152.0
2021-2-9T14:32:26,-62.17065,-58.48806,150.8
2021-2-9T14:32:37,-62.17066,-58.48806,152.1
2021-2-9T14:32:47,-62.17062,-58.48788,150.9
2021-2-9T14:32:58,-62.17060,-58.48765,147.3
2021-2-9T14:33:8,-62.17057,-58.48744,144.4
2021-2-9T14:33:19,-62.17051,-58.48720,142.6
2021-2-9T14:33:30,-62.17042,-58.48698,141.9
2021-2-9T14:33:40,-62.17038,-58.48677,142.3
2021-2-9T14:33:51,-62.17032,-58.48653,139.2
2021-2-9T14:34:1,-62.17029,-58.48633,138.0
2021-2-9T14:34:12,-62.17025,-58.48609,135.7
2021-2-9T14:34:22,-62.17021,-58.48584,135.4
2021-2-9T14:34:33,-62.17018,-58.48554,133.6
2021-2-9T14:34:44,-62.17017,-58.48523,131.8
2021-2-9T14:34:54,-62.17018,-58.48496,130.4
2021-2-9T14:35:5,-62.17016,-58.48466,128.3
2021-2-9T14:35:15,-62.17015,-58.48439,127.2
2021-2-9T14:35:26,-62.17012,-58.48409,126.1
2021-2-9T14:35:37,-62.17010,-58.48382,124.0
2021-2-9T14:35:47,-62.17005,-58.48356,123.8
2021-2-9T14:35:58,-62.17003,-58.48327,120.9
2021-2-9T14:36:8,-62.16999,-58.48303,120.2
2021-2-9T14:36:19,-62.16999,-58.48277,117.5
2021-2-9T14:36:29,-62.17011,-58.48263,114.5
2021-2-9T14:36:40,-62.17022,-58.48247,111.2
2021-2-9T14:36:51,-62.17031,-58.48233,108.2
2021-2-9T14:37:1,-62.17039,-58.48214,107.5
2021-2-9T14:37:12,-62.17050,-58.48197,104.5
2021-2-9T14:37:22,-62.17062,-58.48181,105.1
2021-2-9T14:37:33,-62.17076,-58.48164,104.9
2021-2-9T14:37:43,-62.17089,-58.48149,104.8
2021-2-9T14:37:54,-62.17099,-58.48130,104.0
2021-2-9T14:38:5,-62.17100,-58.48106,104.5
2021-2-9T14:38:15,-62.17100,-58.48084,108.2
2021-2-9T14:38:26,-62.17102,-58.48064,112.7
2021-2-9T14:38:36,-62.17098,-58.48046,115.9
2021-2-9T14:38:47,-62.17100,-58.48033,115.8
2021-2-9T14:38:57,-62.17098,-58.48032,114.3
2021-2-9T14:39:8,-62.17098,-58.48034,114.1
2021-2-9T14:39:19,-62.17097,-58.48034,114.1
2021-2-9T14:39:29,-62.17097,-58.48034,114.3
2021-2-9T14:39:40,-62.17098,-58.48031,114.4
2021-2-9T14:39:50,-62.17098,-58.48031,113.5
2021-2-9T14:40:1,-62.17098,-58.48032,113.3
2021-2-9T14:40:12,-62.17096,-58.48034,113.2
2021-2-9T14:40:22,-62.17095,-58.48033,112.9
2021-2-9T14:40:33,-62.17095,-58.48038,112.4
2021-2-9T14:40:43,-62.17092,-58.48048,109.8
2021-2-9T14:40:54,-62.17087,-58.48066,105.9
2021-2-9T14:41:4,-62.17077,-58.48068,104.3
2021-2-9T14:41:15,-62.17063,-58.48069,106.0
2021-2-9T14:41:26,-62.17052,-58.48059,106.2
2021-2-9T14:41:36,-62.17043,-58.48042,105.6
2021-2-9T14:41:47,-62.17031,-58.48025,105.8
2021-2-9T14:41:57,-62.17022,-58.48008,105.6
2021-2-9T14:42:8,-62.17013,-58.47988,105.7
2021-2-9T14:42:18,-62.17002,-58.47974,105.9
2021-2-9T14:42:29,-62.16990,-58.47964,105.8
2021-2-9T14:42:40,-62.16981,-58.47969,103.8
2021-2-9T14:42:50,-62.16970,-58.47962,102.5
2021-2-9T14:43:1,-62.16960,-58.47946,99.8
2021-2-9T14:43:12,-62.16949,-58.47929,98.5
2021-2-9T14:43:22,-62.16938,-58.47919,98.2
2021-2-9T14:43:33,-62.16927,-58.47899,97.1
2021-2-9T14:43:43,-62.16917,-58.47883,95.8
2021-2-9T14:43:54,-62.16915,-58.47870,93.7
2021-2-9T14:44:4,-62.16912,-58.47859,93.0
2021-2-9T14:44:15,-62.16899,-58.47842,90.5
2021-2-9T14:44:26,-62.16897,-58.47828,88.3
2021-2-9T14:44:36,-62.16891,-58.47808,85.0
2021-2-9T14:44:47,-62.16888,-58.47798,85.3
2021-2-9T14:44:57,-62.16880,-58.47798,84.0
2021-2-9T14:45:8,-62.16875,-58.47791,83.4
2021-2-9T14:45:18,-62.16870,-58.47782,82.3
2021-2-9T14:45:29,-62.16865,-58.47767,82.0
2021-2-9T14:45:40,-62.16860,-58.47750,82.8
2021-2-9T14:45:50,-62.16852,-58.47735,83.6
2021-2-9T14:46:1,-62.16845,-58.47721,83.4
2021-2-9T14:46:11,-62.16838,-58.47707,83.5
2021-2-9T14:46:22,-62.16830,-58.47689,83.5
2021-2-9T14:46:32,-62.16823,-58.47674,82.9
2021-2-9T14:46:43,-62.16814,-58.47659,82.5
2021-2-9T14:46:54,-62.16811,-58.47643,81.2
2021-2-9T14:47:4,-62.16805,-58.47627,81.9
2021-2-9T14:47:15,-62.16801,-58.47606,79.4
2021-2-9T14:47:25,-62.16794,-58.47586,78.7
2021-2-9T14:47:36,-62.16793,-58.47572,75.6
2021-2-9T14:47:46,-62.16786,-58.47557,74.6
2021-2-9T14:47:57,-62.16778,-58.47542,74.7
2021-2-9T14:48:8,-62.16768,-58.47523,74.1
2021-2-9T14:48:18,-62.16759,-58.47503,73.2
2021-2-9T14:48:29,-62.16755,-58.47491,72.7
2021-2-9T14:48:39,-62.16746,-58.47483,72.7
2021-2-9T14:48:50,-62.16737,-58.47468,70.9
2021-2-9T14:49:0,-62.16730,-58.47458,69.8
2021-2-9T14:49:11,-62.16721,-58.47439,69.2
2021-2-9T14:49:22,-62.16711,-58.47420,67.8
2021-2-9T14:49:32,-62.16702,-58.47403,67.2
2021-2-9T14:49:43,-62.16693,-58.47383,66.6
2021-2-9T14:49:53,-62.16685,-58.47367,66.0
2021-2-9T14:50:4,-62.16673,-58.47351,64.2
2021-2-9T14:50:14,-62.16663,-58.47338,64.4
2021-2-9T14:50:25,-62.16651,-58.47321,63.7
2021-2-9T14:50:36,-62.16640,-58.47310,64.1
2021-2-9T14:50:46,-62.16630,-58.47301,64.1
2021-2-9T14:50:57,-62.16620,-58.47291,64.8
2021-2-9T14:51:7,-62.16610,-58.47280,65.0
2021-2-9T14:51:18,-62.16598,-58.47271,65.6
2021-2-9T14:51:28,-62.16588,-58.47259,65.6
2021-2-9T14:51:39,-62.16576,-58.47244,65.7
2021-2-9T14:51:50,-62.16566,-58.47231,65.9
2021-2-9T14:52:0,-62.16557,-58.47215,66.8
2021-2-9T14:52:11,-62.16548,-58.47195,66.3
2021-2-9T14:52:21,-62.16537,-58.47178,65.4
2021-2-9T14:52:32,-62.16530,-58.47163,65.6
2021-2-9T14:52:42,-62.16517,-58.47148,64.8
2021-2-9T14:52:53,-62.16506,-58.47133,63.2
2021-2-9T14:53:4,-62.16495,-58.47121,62.6
2021-2-9T14:53:14,-62.16484,-58.47113,63.3
2021-2-9T14:53:25,-62.16470,-58.47105,61.9
2021-2-9T14:53:35,-62.16458,-58.47106,62.7
2021-2-9T14:53:46,-62.16447,-58.47108,60.9
2021-2-9T14:53:56,-62.16435,-58.47116,60.2
2021-2-9T14:54:7,-62.16426,-58.47136,59.1
2021-2-9T14:54:18,-62.16416,-58.47151,58.1
2021-2-9T14:54:28,-62.16406,-58.47135,54.4
2021-2-9T14:54:39,-62.16394,-58.47130,51.6
2021-2-9T14:54:49,-62.16383,-58.47126,48.5
2021-2-9T14:55:0,-62.16370,-58.47135,47.1
2021-2-9T14:55:10,-62.16357,-58.47145,46.5
2021-2-9T14:55:21,-62.16343,-58.47139,42.1
2021-2-9T14:55:32,-62.16329,-58.47144,39.4
2021-2-9T14:55:42,-62.16317,-58.47139,38.2
2021-2-9T14:55:53,-62.16303,-58.47138,37.3
2021-2-9T14:56:3,-62.16291,-58.47139,35.4
2021-2-9T14:56:14,-62.16282,-58.47143,34.1
2021-2-9T14:56:24,-62.16270,-58.47142,32.1
2021-2-9T14:56:35,-62.16256,-58.47141,31.7
2021-2-9T14:56:46,-62.16244,-58.47126,30.3
2021-2-9T14:56:56,-62.16242,-58.47122,29.1
2021-2-9T14:57:7,-62.16233,-58.47118,27.5
2021-2-9T14:57:17,-62.16227,-58.47121,24.9
2021-2-9T14:57:28,-62.16216,-58.47121,20.2
2021-2-9T14:57:39,-62.16207,-58.47126,17.6
2021-2-9T14:57:49,-62.16196,-58.47136,13.9
2021-2-9T14:58:0,-62.16184,-58.47153,9.8
2021-2-9T14:58:10,-62.16177,-58.47167,10.0
2021-2-9T14:58:21,-62.16164,-58.47182,9.7
2021-2-9T14:58:31,-62.16151,-58.47195,8.2
2021-2-9T14:58:42,-62.16141,-58.47218,7.9
2021-2-9T14:58:53,-62.16127,-58.47235,8.3
2021-2-9T14:59:3,-62.16116,-58.47255,7.5
2021-2-9T14:59:14,-62.16105,-58.47278,6.0
2021-2-9T14:59:24,-62.16094,-58.47294,5.9
2021-2-9T14:59:35,-62.16088,-58.47320,6.6
2021-2-9T14:59:45,-62.16083,-58.47344,6.8
2021-2-9T14:59:56,-62.16081,-58.47372,10.8
2021-2-9T15:0:7,-62.16081,-58.47376,21.9
2021-2-9T15:0:17,-62.16082,-58.47373,24.8
2021-2-9T15:0:28,-62.16075,-58.47360,16.3
2021-2-9T15:0:38,-62.16068,-58.47336,14.2
2021-2-9T15:0:49,-62.16079,-58.47360,26.7
2021-2-9T15:1:0,-62.16088,-58.47377,22.7
2021-2-9T15:1:10,-62.16082,-58.47363,30.0
2021-2-9T15:1:21,-62.16064,-58.47362,17.6
2021-2-9T15:1:31,-62.16053,-58.47349,12.0
2021-2-9T15:1:42,-62.16043,-58.47332,10.0
2021-2-9T15:1:52,-62.16033,-58.47317,10.4
2021-2-9T15:2:3,-62.16030,-58.47310,14.5
2021-2-9T15:2:14,0.0,-1.33929,15.5
2021-2-9T15:2:24,-62.16109,-58.47205,15.8
2021-2-9T15:2:35,0.0,-1.33929,15.8
2021-2-9T15:2:45,0.0,-1.33929,15.8
2021-2-9T15:2:56,0.0,-1.33929,15.8
2021-2-9T15:3:6,-62.16084,-58.47374,35.1
2021-2-9T15:3:17,-62.16035,-58.47329,-3.6
2021-2-9T15:3:27,-62.16033,-58.47323,-13.0
2021-2-9T15:3:38,-62.16030,-58.47321,-17.2
2021-2-9T15:3:49,-62.16033,-58.47348,-23.5
2021-2-9T15:3:59,-62.16035,-58.47348,-21.1
2021-2-9T15:4:10,-62.16040,-58.47322,-7.4
2021-2-9T15:4:20,-62.16035,-58.47307,-1.0
2021-2-9T15:4:31,-62.16032,-58.47297,1.6
2021-2-9T15:4:41,-62.16035,-58.47309,-2.4
2021-2-9T15:4:52,-62.16039,-58.47343,-1.5
2021-2-9T15:5:3,-62.16039,-58.47374,-5.5
2021-2-9T15:5:13,-62.16038,-58.47392,-12.4
2021-2-9T15:5:24,-62.16036,-58.47373,-13.6
2021-2-9T15:5:34,-62.16037,-58.47368,-14.4
2021-2-9T15:5:45,-62.16037,-58.47380,-13.2
2021-2-9T15:5:55,-62.16037,-58.47365,-10.5
2021-2-9T15:6:6,-62.16030,-58.47376,-4.3
2021-2-9T15:6:17,-62.16030,-58.47381,-2.1
2021-2-9T15:6:27,-62.16029,-58.47374,-1.9
2021-2-9T15:6:38,-62.16029,-58.47368,0.1
2021-2-9T15:6:48,-62.16029,-58.47375,-1.8
2021-2-9T15:6:59,-62.16031,-58.47355,0.1
2021-2-9T15:7:9,-62.16031,-58.47350,0.8
2021-2-9T15:7:20,-62.16031,-58.47342,0.1
2021-2-9T15:7:31,-62.16032,-58.47360,-2.7
2021-2-9T15:7:41,-62.16031,-58.47390,-5.1
2021-2-9T15:7:52,-62.16031,-58.47388,-5.0
2021-2-9T15:8:2,-62.16034,-58.47372,-6.1
2021-2-9T15:8:13,-62.16033,-58.47360,-3.5
2021-2-9T15:8:23,-62.16032,-58.47356,0.6
2021-2-9T15:8:34,-62.16033,-58.47348,1.3
2021-2-9T15:8:45,-62.16032,-58.47335,0.4
2021-2-9T15:8:55,-62.16034,-58.47329,0.0
2021-2-9T15:9:6,-62.16033,-58.47334,0.0
2021-2-9T15:9:16,-62.16033,-58.47335,0.0
2021-2-9T15:9:27,-62.16034,-58.47342,1.3
2021-2-9T15:9:37,-62.16036,-58.47329,3.3
2021-2-9T15:9:48,-62.16033,-58.47350,7.4
2021-2-9T15:9:59,-62.16031,-58.47355,8.5
2021-2-9T15:10:9,-62.16030,-58.47334,10.1
2021-2-9T15:10:20,-62.16033,-58.47306,10.5
2021-2-9T15:10:30,-62.16035,-58.47324,14.1
2021-2-9T15:10:41,-62.16036,-58.47342,19.1
2021-2-9T15:10:51,-62.16034,-58.47345,19.7
2021-2-9T15:11:2,-62.16034,-58.47367,22.6
2021-2-9T15:11:12,-62.16047,-58.47385,32.4
2021-2-9T15:11:23,-62.16057,-58.47403,42.2
2021-2-9T15:11:34,-62.16056,-58.47412,39.2
2021-2-9T15:11:44,-62.16050,-58.47396,39.2
2021-2-9T15:11:55,-62.16046,-58.47375,37.4
2021-2-9T15:12:5,-62.16040,-58.47338,35.3
2021-2-9T15:12:16,-62.16032,-58.47283,31.9
2021-2-9T15:12:26,-62.16029,-58.47278,27.0
2021-2-9T15:12:37,-62.16026,-58.47296,23.2
2021-2-9T15:12:48,-62.16026,-58.47294,19.9
2021-2-9T15:12:58,-62.16024,-58.47299,16.1
2021-2-9T15:13:9,-62.16023,-58.47309,12.9
2021-2-9T15:13:19,-62.16018,-58.47315,6.4
2021-2-9T15:13:30,-62.16019,-58.47328,2.8
2021-2-9T15:13:40,-62.16018,-58.47339,2.6
2021-2-9T15:13:51,-62.16018,-58.47376,-1.2
2021-2-9T15:14:2,-62.16012,-58.47374,-11.1
2021-2-9T15:14:12,-62.16014,-58.47359,-14.7
2021-2-9T15:14:23,-62.16019,-58.47350,-10.4
2021-2-9T15:14:33,-62.16022,-58.47353,-11.7
2021-2-9T15:14:44,-62.16020,-58.47352,-13.9
2021-2-9T15:14:54,-62.16020,-58.47363,-14.0
2021-2-9T15:15:5,-62.16023,-58.47351,-14.3
2021-2-9T15:15:16,-62.16023,-58.47349,-14.4
2021-2-9T15:15:26,-62.16023,-58.47357,-12.6
2021-2-9T15:15:37,-62.16025,-58.47352,-10.4
2021-2-9T15:15:47,-62.16026,-58.47349,-8.3
2021-2-9T15:15:58,-62.16024,-58.47349,-6.3
2021-2-9T15:16:8,-62.16023,-58.47351,-5.7
2021-2-9T15:16:19,-62.16023,-58.47334,-6.5
2021-2-9T15:16:30,-62.16023,-58.47332,-6.6
2021-2-9T15:16:40,-62.16024,-58.47337,-5.4
2021-2-9T15:16:51,-62.16024,-58.47352,-3.5
2021-2-9T15:17:1,-62.16025,-58.47372,-1.6
2021-2-9T15:17:12,-62.16025,-58.47372,0.7
2021-2-9T15:17:22,-62.16026,-58.47379,1.6
2021-2-9T15:17:33,-62.16026,-58.47400,2.6
2021-2-9T15:17:44,-62.16022,-58.47481,6.6
2021-2-9T15:17:54,-62.16024,-58.47438,3.7
2021-2-9T15:18:5,-62.16027,-58.47401,3.3
2021-2-9T15:18:15,-62.16028,-58.47379,1.5
2021-2-9T15:18:26,-62.16027,-58.47371,0.5
2021-2-9T15:18:37,-62.16026,-58.47364,0.6
2021-2-9T15:18:47,-62.16017,-58.47339,-22.6
2021-2-9T15:18:58,-62.16018,-58.47348,-22.1
2021-2-9T15:19:8,-62.16021,-58.47339,-19.3
2021-2-9T15:19:19,-62.16022,-58.47330,-20.6
2021-2-9T15:19:29,-62.16023,-58.47334,-17.2
2021-2-9T15:19:40,-62.16024,-58.47339,-10.5
2021-2-9T15:19:51,-62.16025,-58.47372,-9.1
2021-2-9T15:20:1,-62.16026,-58.47388,-7.4
2021-2-9T15:20:12,-62.16028,-58.47399,-6.2
2021-2-9T15:20:22,-62.16029,-58.47400,-4.0
2021-2-9T15:20:33,-62.16029,-58.47381,-2.8
2021-2-9T15:20:43,-62.16026,-58.47376,1.5
2021-2-9T15:20:54,-62.16025,-58.47369,4.1
2021-2-9T15:21:5,-62.16026,-58.47375,6.7
2021-2-9T15:21:15,-62.16027,-58.47366,6.1
2021-2-9T15:21:26,-62.16027,-58.47364,7.7
2021-2-9T15:21:36,-62.16027,-58.47358,6.1
2021-2-9T15:21:47,-62.16026,-58.47360,3.7
2021-2-9T15:21:57,-62.16027,-58.47357,1.7
2021-2-9T15:22:8,-62.16027,-58.47364,0.7
2021-2-9T15:22:19,-62.16026,-58.47370,-1.3
2021-2-9T15:22:29,-62.16027,-58.47365,-2.7
2021-2-9T15:22:40,-62.16027,-58.47368,-4.3
2021-2-9T15:22:50,-62.16027,-58.47369,-5.6
2021-2-9T15:23:1,-62.16027,-58.47365,-6.8
2021-2-9T15:23:11,-62.16026,-58.47365,-6.1
2021-2-9T15:23:22,-62.16027,-58.47356,-4.5
2021-2-9T15:23:33,-62.16027,-58.47352,-3.0
2021-2-9T15:23:43,-62.16028,-58.47355,-1.8
2021-2-9T15:23:54,-62.16027,-58.47362,0.2
2021-2-9T15:24:4,-62.16027,-58.47363,1.6
2021-2-9T15:24:15,-62.16026,-58.47348,3.4
2021-2-9T15:24:25,-62.16024,-58.47363,3.4
2021-2-9T15:24:36,-62.16024,-58.47358,3.2
2021-2-9T15:24:47,-62.16021,-58.47395,1.8
2021-2-9T15:24:57,-62.16022,-58.47392,0.7
2021-2-9T15:25:8,-62.16023,-58.47377,0.9
2021-2-9T15:25:18,-62.16024,-58.47358,-1.2
2021-2-9T15:25:29,-62.16025,-58.47364,0.7
2021-2-9T15:25:39,-62.16024,-58.47365,3.6
2021-2-9T15:25:50,-62.16026,-58.47360,5.6
2021-2-9T15:26:0,-62.16027,-58.47344,5.3
2021-2-9T15:26:11,-62.16026,-58.47360,8.3
2021-2-9T15:26:22,-62.16026,-58.47369,8.8
2021-2-9T15:26:32,-62.16027,-58.47360,6.9
2021-2-9T15:26:43,-62.16027,-58.47350,7.7
2021-2-9T15:26:53,-62.16027,-58.47334,10.3
2021-2-9T15:27:4,-62.16027,-58.47349,10.0
2021-2-9T15:27:14,-62.16025,-58.47366,9.9
2021-2-9T15:27:25,-62.16025,-58.47355,8.1
2021-2-9T15:27:36,-62.16018,-58.47409,17.1
2021-2-9T15:27:46,-62.16019,-58.47398,18.0
2021-2-9T15:27:57,-62.16016,-58.47405,22.9
2021-2-9T15:28:7,-62.16016,-58.47408,27.1
2021-2-9T15:28:18,-62.16016,-58.47397,28.4
2021-2-9T15:28:28,-62.16017,-58.47394,31.8
2021-2-9T15:28:39,-62.16022,-58.47375,29.2
2021-2-9T15:28:50,0.0,0.11130,23.6
2021-2-9T15:29:0,-62.16027,-58.47454,23.4
2021-2-9T15:29:11,-62.16039,-58.47516,22.9
2021-2-9T15:29:21,-62.16063,-58.47596,22.3
2021-2-9T15:29:32,-62.16063,-58.47477,21.3
2021-2-9T15:29:42,-62.16035,-58.47304,22.2
2021-2-9T15:29:53,-62.16020,-58.47297,22.5
2021-2-9T15:30:3,-62.16009,-58.47305,23.2
2021-2-9T15:30:14,-62.15996,-58.47310,19.8
2021-2-9T15:30:25,-62.15983,-58.47301,15.2
2021-2-9T15:30:35,-62.15973,-58.47284,12.2
2021-2-9T15:30:46,-62.15962,-58.47264,10.8
2021-2-9T15:30:57,-62.15953,-58.47237,10.0
2021-2-9T15:31:7,-62.15943,-58.47215,7.7
2021-2-9T15:31:18,-62.15934,-58.47185,6.6
2021-2-9T15:31:28,-62.15926,-58.47159,7.6
2021-2-9T15:31:39,-62.15913,-58.47138,7.0
2021-2-9T15:31:49,-62.15905,-58.47111,6.0
2021-2-9T15:32:0,-62.15912,-58.47091,6.8
2021-2-9T15:32:11,-62.15918,-58.47106,6.2
2021-2-9T15:32:21,-62.15938,-58.47138,5.0
2021-2-9T15:32:32,-62.15924,-58.47115,11.4
2021-2-9T15:32:42,-62.15924,-58.47115,5.7
2021-2-9T15:32:53,-62.15922,-58.47107,5.8
2021-2-9T15:33:3,-62.15919,-58.47102,4.0
