2021-2-4T20:5:7,-62.15739,-58.48385,177.5
2021-2-4T20:5:18,-62.15739,-58.48385,177.9
2021-2-4T20:5:28,-62.15738,-58.48385,178.9
2021-2-4T20:5:39,-62.15738,-58.48385,179.4
2021-2-4T20:5:49,-62.15738,-58.48385,179.1
2021-2-4T20:6:0,-62.15738,-58.48386,177.6
2021-2-4T20:6:10,-62.15738,-58.48386,177.2
2021-2-4T20:6:21,-62.15737,-58.48386,177.1
2021-2-4T20:6:32,-62.15737,-58.48385,177.7
2021-2-4T20:6:42,-62.15737,-58.48385,178.0
2021-2-4T20:6:53,-62.15738,-58.48385,177.2
2021-2-4T20:7:3,-62.15738,-58.48385,177.1
2021-2-4T20:7:14,-62.15738,-58.48385,177.9
2021-2-4T20:7:24,-62.15738,-58.48385,177.9
2021-2-4T20:7:35,-62.15738,-58.48385,178.0
2021-2-4T20:7:46,-62.15738,-58.48385,177.8
2021-2-4T20:7:56,-62.15738,-58.48385,177.5
2021-2-4T20:8:7,-62.15737,-58.48385,177.8
2021-2-4T20:8:17,-62.15737,-58.48385,176.8
2021-2-4T20:8:28,-62.15737,-58.48385,175.3
2021-2-4T20:8:38,-62.15737,-58.48385,174.6
2021-2-4T20:8:49,-62.15737,-58.48385,174.7
2021-2-4T20:9:0,-62.15737,-58.48385,175.1
2021-2-4T20:9:10,-62.15738,-58.48384,174.8
2021-2-4T20:9:21,-62.15738,-58.48384,174.8
2021-2-4T20:9:31,-62.15738,-58.48384,175.0
2021-2-4T20:9:42,-62.15738,-58.48384,176.1
2021-2-4T20:9:52,-62.15739,-58.48384,176.1
2021-2-4T20:10:3,-62.15738,-58.48384,176.0
2021-2-4T20:10:13,-62.15738,-58.48383,175.4
2021-2-4T20:10:24,-62.15738,-58.48383,174.7
2021-2-4T20:10:35,-62.15738,-58.48383,175.1
2021-2-4T20:10:45,-62.15738,-58.48383,175.1
2021-2-4T20:10:56,-62.15738,-58.48383,174.8
2021-2-4T20:11:6,-62.15738,-58.48383,174.6
2021-2-4T20:11:17,-62.15737,-58.48384,174.8
2021-2-4T20:11:27,-62.15737,-58.48383,174.3
2021-2-4T20:11:38,-62.15737,-58.48383,173.5
2021-2-4T20:11:49,-62.15737,-58.48383,172.8
2021-2-4T20:11:59,-62.15737,-58.48384,172.1
2021-2-4T20:12:10,-62.15737,-58.48385,172.4
2021-2-4T20:12:20,-62.15737,-58.48385,173.4
2021-2-4T20:12:31,-62.15737,-58.48385,174.4
2021-2-4T20:12:41,-62.15737,-58.48384,174.7
2021-2-4T20:12:52,-62.15737,-58.48384,174.4
2021-2-4T20:13:2,-62.15737,-58.48384,174.6
2021-2-4T20:13:13,-62.15737,-58.48383,175.4
2021-2-4T20:13:24,-62.15737,-58.48384,175.0
2021-2-4T20:13:34,-62.15738,-58.48385,174.1
2021-2-4T20:13:45,-62.15738,-58.48385,174.2
2021-2-4T20:13:55,-62.15737,-58.48385,174.2
2021-2-4T20:14:6,-62.15737,-58.48385,174.9
2021-2-4T20:14:16,-62.15737,-58.48385,173.9
2021-2-4T20:14:27,-62.15738,-58.48386,173.1
2021-2-4T20:14:38,-62.15738,-58.48386,173.3
2021-2-4T20:14:48,-62.15737,-58.48386,174.1
2021-2-4T20:14:59,-62.15736,-58.48386,174.5
2021-2-4T20:15:9,-62.15737,-58.48386,174.0
2021-2-4T20:15:20,-62.15737,-58.48386,174.1
2021-2-4T20:15:30,-62.15737,-58.48386,174.4
2021-2-4T20:15:41,-62.15738,-58.48386,174.5
2021-2-4T20:15:52,-62.15738,-58.48387,173.9
2021-2-4T20:16:2,-62.15738,-58.48386,174.1
2021-2-4T20:16:13,-62.15737,-58.48386,173.8
2021-2-4T20:16:23,-62.15737,-58.48386,174.2
2021-2-4T20:16:34,-62.15737,-58.48385,173.7
2021-2-4T20:16:44,-62.15737,-58.48385,173.3
2021-2-4T20:16:55,-62.15737,-58.48385,173.3
2021-2-4T20:17:5,-62.15737,-58.48386,173.1
2021-2-4T20:17:16,-62.15737,-58.48386,172.7
2021-2-4T20:17:27,-62.15737,-58.48386,172.1
2021-2-4T20:17:37,-62.15737,-58.48386,172.9
2021-2-4T20:17:48,-62.15736,-58.48386,173.1
2021-2-4T20:17:58,-62.15736,-58.48386,173.1
2021-2-4T20:18:9,-62.15736,-58.48386,171.8
2021-2-4T20:18:19,-62.15737,-58.48386,171.6
2021-2-4T20:18:30,-62.15736,-58.48386,172.6
2021-2-4T20:18:41,-62.15736,-58.48385,173.4
2021-2-4T20:18:51,-62.15737,-58.48385,173.0
2021-2-4T20:19:2,-62.15737,-58.48385,173.1
2021-2-4T20:19:12,-62.15738,-58.48384,172.8
2021-2-4T20:19:23,-62.15738,-58.48385,172.7
2021-2-4T20:19:33,-62.15738,-58.48385,172.8
2021-2-4T20:19:44,-62.15738,-58.48385,172.4
2021-2-4T20:19:55,-62.15738,-58.48386,172.4
2021-2-4T20:20:5,-62.15737,-58.48386,173.3
2021-2-4T20:20:16,-62.15737,-58.48386,174.2
2021-2-4T20:20:26,-62.15737,-58.48386,174.7
2021-2-4T20:20:37,-62.15737,-58.48386,174.6
2021-2-4T20:20:47,-62.15737,-58.48386,173.9
2021-2-4T20:20:58,-62.15737,-58.48385,173.3
2021-2-4T20:21:8,-62.15737,-58.48385,173.0
2021-2-4T20:21:19,-62.15737,-58.48385,173.0
2021-2-4T20:21:30,-62.15737,-58.48385,173.8
2021-2-4T20:21:40,-62.15737,-58.48384,174.1
2021-2-4T20:21:51,-62.15737,-58.48384,174.4
2021-2-4T20:22:1,-62.15737,-58.48384,174.4
2021-2-4T20:22:12,-62.15737,-58.48384,173.5
2021-2-4T20:22:22,-62.15738,-58.48385,172.8
2021-2-4T20:22:33,-62.15738,-58.48386,172.4
