2021-2-4T10:14:28,-62.15737,-58.48385,172.1
2021-2-4T10:14:39,-62.15737,-58.48384,172.9
2021-2-4T10:14:50,-62.15737,-58.48384,173.0
2021-2-4T10:15:1,-62.15737,-58.48385,172.5
2021-2-4T10:15:11,-62.15737,-58.48386,172.1
2021-2-4T10:15:22,-62.15737,-58.48387,171.6
2021-2-4T10:15:33,-62.15737,-58.48388,172.7
2021-2-4T10:15:43,-62.15737,-58.48388,173.3
2021-2-4T10:15:54,-62.15737,-58.48388,174.1
2021-2-4T10:16:5,-62.15737,-58.48387,174.3
2021-2-4T10:16:15,-62.15738,-58.48387,175.1
2021-2-4T10:16:26,-62.15738,-58.48386,175.6
2021-2-4T10:16:37,-62.15738,-58.48385,175.1
2021-2-4T10:16:47,-62.15737,-58.48384,174.4
2021-2-4T10:16:58,-62.15737,-58.48385,173.2
2021-2-4T10:17:8,-62.15736,-58.48386,171.9
2021-2-4T10:17:19,-62.15735,-58.48387,170.6
2021-2-4T10:17:30,-62.15735,-58.48387,170.0
2021-2-4T10:17:40,-62.15734,-58.48386,168.8
2021-2-4T10:17:51,-62.15734,-58.48386,169.2
2021-2-4T10:18:2,-62.15735,-58.48385,170.9
2021-2-4T10:18:12,-62.15735,-58.48385,170.4
2021-2-4T10:18:23,-62.15736,-58.48384,170.9
2021-2-4T10:18:34,-62.15737,-58.48384,172.7
2021-2-4T10:18:44,-62.15738,-58.48384,174.1
2021-2-4T10:18:55,-62.15737,-58.48384,173.3
2021-2-4T10:19:6,-62.15736,-58.48383,173.1
2021-2-4T10:19:16,-62.15736,-58.48382,173.8
2021-2-4T10:19:27,-62.15736,-58.48382,172.7
2021-2-4T10:19:38,-62.15736,-58.48382,172.1
2021-2-4T10:19:48,-62.15736,-58.48383,171.7
2021-2-4T10:19:59,-62.15736,-58.48383,170.4
2021-2-4T10:20:10,-62.15735,-58.48384,169.6
2021-2-4T10:20:20,-62.15735,-58.48384,168.8
2021-2-4T10:20:31,-62.15735,-58.48385,168.4
2021-2-4T10:20:42,-62.15735,-58.48386,168.9
2021-2-4T10:20:52,-62.15735,-58.48387,169.6
2021-2-4T10:21:3,-62.15737,-58.48387,171.6
2021-2-4T10:21:14,-62.15737,-58.48386,172.0
2021-2-4T10:21:24,-62.15737,-58.48385,173.7
2021-2-4T10:21:35,-62.15738,-58.48384,173.4
2021-2-4T10:21:46,-62.15738,-58.48383,173.2
2021-2-4T10:21:56,-62.15737,-58.48383,171.1
2021-2-4T10:22:7,-62.15735,-58.48383,170.0
2021-2-4T10:22:18,-62.15735,-58.48383,169.4
2021-2-4T10:22:28,-62.15735,-58.48385,168.5
2021-2-4T10:22:39,-62.15735,-58.48385,169.5
2021-2-4T10:22:50,-62.15735,-58.48386,171.0
2021-2-4T10:23:0,-62.15736,-58.48385,172.8
2021-2-4T10:23:11,-62.15736,-58.48385,173.1
2021-2-4T10:23:21,-62.15736,-58.48385,173.4
2021-2-4T10:23:32,-62.15736,-58.48385,172.8
2021-2-4T10:23:43,-62.15736,-58.48386,171.6
2021-2-4T10:23:53,-62.15736,-58.48387,171.5
2021-2-4T10:24:4,-62.15737,-58.48388,172.0
2021-2-4T10:24:15,-62.15736,-58.48388,169.7
2021-2-4T10:24:25,-62.15735,-58.48389,168.2
2021-2-4T10:24:36,-62.15735,-58.48389,167.9
2021-2-4T10:24:47,-62.15736,-58.48389,169.9
2021-2-4T10:24:57,-62.15736,-58.48388,171.6
2021-2-4T10:25:8,-62.15737,-58.48386,171.6
2021-2-4T10:25:19,-62.15738,-58.48385,172.2
2021-2-4T10:25:29,-62.15739,-58.48385,172.2
2021-2-4T10:25:40,-62.15738,-58.48386,171.8
2021-2-4T10:25:51,-62.15737,-58.48387,171.6
2021-2-4T10:26:1,-62.15737,-58.48387,171.2
2021-2-4T10:26:12,-62.15736,-58.48387,170.2
2021-2-4T10:26:23,-62.15735,-58.48386,167.6
2021-2-4T10:26:33,-62.15735,-58.48385,168.4
2021-2-4T10:26:44,-62.15737,-58.48384,171.2
2021-2-4T10:26:55,-62.15738,-58.48383,173.1
2021-2-4T10:27:5,-62.15739,-58.48384,175.0
2021-2-4T10:27:16,-62.15740,-58.48383,176.7
2021-2-4T10:27:27,-62.15740,-58.48383,177.7
2021-2-4T10:27:37,-62.15740,-58.48384,177.0
2021-2-4T10:27:48,-62.15740,-58.48384,175.8
2021-2-4T10:27:58,-62.15739,-58.48384,175.0
2021-2-4T10:28:9,-62.15738,-58.48385,172.9
2021-2-4T10:28:20,-62.15737,-58.48385,170.8
2021-2-4T10:28:30,-62.15737,-58.48385,169.3
2021-2-4T10:28:41,-62.15737,-58.48385,168.9
2021-2-4T10:28:52,-62.15737,-58.48384,169.2
2021-2-4T10:29:2,-62.15737,-58.48384,171.3
2021-2-4T10:29:13,-62.15737,-58.48383,171.9
2021-2-4T10:29:24,-62.15737,-58.48383,172.6
2021-2-4T10:29:34,-62.15738,-58.48383,173.7
2021-2-4T10:29:45,-62.15739,-58.48383,175.4
2021-2-4T10:29:56,-62.15739,-58.48384,175.3
2021-2-4T10:30:6,-62.15738,-58.48385,174.2
2021-2-4T10:30:17,-62.15738,-58.48387,174.4
2021-2-4T10:30:28,-62.15739,-58.48387,174.8
2021-2-4T10:30:38,-62.15739,-58.48386,174.9
2021-2-4T10:30:49,-62.15739,-58.48385,174.2
2021-2-4T10:31:0,-62.15739,-58.48385,172.8
2021-2-4T10:31:10,-62.15738,-58.48383,172.2
2021-2-4T10:31:21,-62.15738,-58.48381,172.4
2021-2-4T10:31:32,-62.15739,-58.48382,173.1
2021-2-4T10:31:42,-62.15739,-58.48383,173.7
2021-2-4T10:31:53,-62.15738,-58.48384,172.1
2021-2-4T10:32:4,-62.15738,-58.48385,171.6
