2021-2-4T22:8:25,-62.15738,-58.48388,176.3
2021-2-4T22:8:36,-62.15738,-58.48388,176.6
2021-2-4T22:8:46,-62.15738,-58.48388,178.4
2021-2-4T22:8:57,-62.15739,-58.48387,178.9
2021-2-4T22:9:7,-62.15739,-58.48388,178.5
2021-2-4T22:9:18,-62.15738,-58.48388,177.7
2021-2-4T22:9:29,-62.15738,-58.48388,177.9
2021-2-4T22:9:39,-62.15738,-58.48388,177.8
2021-2-4T22:9:50,-62.15739,-58.48388,177.9
2021-2-4T22:10:0,-62.15739,-58.48388,178.5
2021-2-4T22:10:11,-62.15739,-58.48388,179.0
2021-2-4T22:10:21,-62.15739,-58.48389,179.8
2021-2-4T22:10:32,-62.15738,-58.48390,180.1
2021-2-4T22:10:43,-62.15738,-58.48390,179.2
2021-2-4T22:10:53,-62.15738,-58.48390,178.0
2021-2-4T22:11:4,-62.15737,-58.48390,177.7
2021-2-4T22:11:14,-62.15737,-58.48390,177.6
2021-2-4T22:11:25,-62.15737,-58.48390,177.4
2021-2-4T22:11:35,-62.15737,-58.48389,176.2
2021-2-4T22:11:46,-62.15737,-58.48388,176.0
2021-2-4T22:11:56,-62.15737,-58.48389,176.1
2021-2-4T22:12:7,-62.15737,-58.48389,176.6
2021-2-4T22:12:18,-62.15737,-58.48389,177.0
2021-2-4T22:12:28,-62.15737,-58.48389,177.3
2021-2-4T22:12:39,-62.15737,-58.48389,177.1
2021-2-4T22:12:49,-62.15738,-58.48389,176.7
2021-2-4T22:13:0,-62.15738,-58.48389,176.9
2021-2-4T22:13:10,-62.15738,-58.48389,177.5
2021-2-4T22:13:21,-62.15738,-58.48389,177.5
2021-2-4T22:13:32,-62.15738,-58.48389,177.9
2021-2-4T22:13:42,-62.15738,-58.48389,178.3
2021-2-4T22:13:53,-62.15738,-58.48388,177.8
2021-2-4T22:14:3,-62.15738,-58.48387,177.7
2021-2-4T22:14:14,-62.15738,-58.48387,177.4
2021-2-4T22:14:24,-62.15737,-58.48387,176.9
2021-2-4T22:14:35,-62.15737,-58.48387,176.1
2021-2-4T22:14:46,-62.15737,-58.48387,175.6
2021-2-4T22:14:56,-62.15737,-58.48387,176.0
2021-2-4T22:15:7,-62.15737,-58.48387,175.7
2021-2-4T22:15:17,-62.15737,-58.48388,176.0
2021-2-4T22:15:28,-62.15737,-58.48388,176.1
2021-2-4T22:15:38,-62.15737,-58.48388,176.0
2021-2-4T22:15:49,-62.15737,-58.48388,175.9
2021-2-4T22:16:0,-62.15737,-58.48388,176.7
2021-2-4T22:16:10,-62.15737,-58.48388,176.7
2021-2-4T22:16:21,-62.15737,-58.48388,176.5
2021-2-4T22:16:31,-62.15737,-58.48388,176.5
2021-2-4T22:16:42,-62.15737,-58.48389,176.7
2021-2-4T22:16:52,-62.15737,-58.48388,176.8
2021-2-4T22:17:3,-62.15737,-58.48389,176.7
2021-2-4T22:17:14,-62.15737,-58.48389,176.3
2021-2-4T22:17:24,-62.15737,-58.48390,176.1
2021-2-4T22:17:35,-62.15737,-58.48389,175.8
2021-2-4T22:17:45,-62.15737,-58.48389,175.7
2021-2-4T22:17:56,-62.15737,-58.48389,175.7
2021-2-4T22:18:6,-62.15737,-58.48388,175.6
2021-2-4T22:18:17,-62.15737,-58.48388,176.5
2021-2-4T22:18:27,-62.15737,-58.48388,176.8
2021-2-4T22:18:38,-62.15737,-58.48388,176.5
2021-2-4T22:18:49,-62.15737,-58.48388,176.6
2021-2-4T22:18:59,-62.15738,-58.48388,176.3
2021-2-4T22:19:10,-62.15737,-58.48387,176.6
2021-2-4T22:19:20,-62.15737,-58.48387,177.0
2021-2-4T22:19:31,-62.15737,-58.48387,176.8
2021-2-4T22:19:41,-62.15737,-58.48387,177.7
2021-2-4T22:19:52,-62.15738,-58.48387,177.6
2021-2-4T22:20:3,-62.15738,-58.48387,177.2
2021-2-4T22:20:13,-62.15738,-58.48387,177.6
2021-2-4T22:20:24,-62.15738,-58.48387,177.7
2021-2-4T22:20:34,-62.15738,-58.48386,177.5
2021-2-4T22:20:45,-62.15738,-58.48386,177.0
2021-2-4T22:20:55,-62.15738,-58.48386,177.2
2021-2-4T22:21:6,-62.15738,-58.48386,177.9
2021-2-4T22:21:16,-62.15738,-58.48385,177.9
2021-2-4T22:21:27,-62.15737,-58.48386,177.4
2021-2-4T22:21:38,-62.15737,-58.48386,176.7
2021-2-4T22:21:48,-62.15737,-58.48385,176.6
2021-2-4T22:21:59,-62.15738,-58.48385,176.7
2021-2-4T22:22:9,-62.15738,-58.48385,177.5
2021-2-4T22:22:20,-62.15738,-58.48386,178.8
2021-2-4T22:22:30,-62.15738,-58.48385,179.7
2021-2-4T22:22:41,-62.15739,-58.48385,180.8
2021-2-4T22:22:52,-62.15738,-58.48385,180.4
2021-2-4T22:23:2,-62.15739,-58.48385,181.0
2021-2-4T22:23:13,-62.15739,-58.48385,181.0
2021-2-4T22:23:23,-62.15739,-58.48385,181.7
2021-2-4T22:23:34,-62.15739,-58.48384,181.7
2021-2-4T22:23:44,-62.15739,-58.48384,181.1
2021-2-4T22:23:55,-62.15740,-58.48384,180.2
2021-2-4T22:24:5,-62.15739,-58.48384,179.1
2021-2-4T22:24:16,-62.15739,-58.48384,178.1
2021-2-4T22:24:27,-62.15739,-58.48385,177.2
2021-2-4T22:24:37,-62.15739,-58.48385,177.1
2021-2-4T22:24:48,-62.15739,-58.48385,177.5
2021-2-4T22:24:58,-62.15739,-58.48386,177.6
2021-2-4T22:25:9,-62.15739,-58.48387,177.7
2021-2-4T22:25:19,-62.15740,-58.48386,178.5
2021-2-4T22:25:30,-62.15739,-58.48386,179.3
2021-2-4T22:25:41,-62.15739,-58.48385,179.6
2021-2-4T22:25:51,-62.15739,-58.48385,178.9
