2021-2-4T0:47:20,-62.15737,-58.48387,176.1
2021-2-4T0:47:31,-62.15737,-58.48387,176.0
2021-2-4T0:47:42,-62.15737,-58.48388,176.6
2021-2-4T0:47:52,-62.15737,-58.48388,176.4
2021-2-4T0:48:3,-62.15737,-58.48387,174.5
2021-2-4T0:48:13,-62.15737,-58.48386,174.3
2021-2-4T0:48:24,-62.15738,-58.48386,175.3
2021-2-4T0:48:35,-62.15738,-58.48387,176.7
2021-2-4T0:48:45,-62.15738,-58.48387,177.2
2021-2-4T0:48:56,-62.15739,-58.48388,178.5
2021-2-4T0:49:6,-62.15739,-58.48387,178.8
2021-2-4T0:49:17,-62.15739,-58.48387,179.5
2021-2-4T0:49:28,-62.15739,-58.48387,180.1
2021-2-4T0:49:38,-62.15739,-58.48387,179.5
2021-2-4T0:49:49,-62.15739,-58.48386,178.8
2021-2-4T0:49:59,-62.15739,-58.48386,178.0
2021-2-4T0:50:10,-62.15739,-58.48386,177.6
2021-2-4T0:50:20,-62.15740,-58.48386,177.2
2021-2-4T0:50:31,-62.15739,-58.48386,176.5
2021-2-4T0:50:42,-62.15739,-58.48386,175.7
2021-2-4T0:50:52,-62.15739,-58.48386,175.9
2021-2-4T0:51:3,-62.15739,-58.48386,176.9
2021-2-4T0:51:13,-62.15739,-58.48387,177.6
2021-2-4T0:51:24,-62.15739,-58.48386,177.4
2021-2-4T0:51:35,-62.15739,-58.48386,177.0
2021-2-4T0:51:45,-62.15740,-58.48386,177.1
2021-2-4T0:51:56,-62.15740,-58.48386,177.2
2021-2-4T0:52:6,-62.15740,-58.48386,176.8
2021-2-4T0:52:17,-62.15740,-58.48386,176.4
2021-2-4T0:52:28,-62.15739,-58.48386,175.1
2021-2-4T0:52:38,-62.15739,-58.48386,174.9
2021-2-4T0:52:49,-62.15739,-58.48385,174.6
2021-2-4T0:52:59,-62.15739,-58.48386,174.4
2021-2-4T0:53:10,-62.15739,-58.48386,175.0
2021-2-4T0:53:21,-62.15739,-58.48387,175.7
2021-2-4T0:53:31,-62.15739,-58.48387,176.1
2021-2-4T0:53:42,-62.15739,-58.48387,176.0
2021-2-4T0:53:52,-62.15739,-58.48387,176.0
2021-2-4T0:54:3,-62.15739,-58.48387,175.7
2021-2-4T0:54:14,-62.15739,-58.48387,174.8
2021-2-4T0:54:24,-62.15739,-58.48386,174.1
2021-2-4T0:54:35,-62.15739,-58.48386,174.4
2021-2-4T0:54:45,-62.15739,-58.48387,175.0
2021-2-4T0:54:56,-62.15739,-58.48387,175.8
2021-2-4T0:55:7,-62.15739,-58.48387,176.8
2021-2-4T0:55:17,-62.15740,-58.48387,178.1
2021-2-4T0:55:28,-62.15740,-58.48387,178.7
2021-2-4T0:55:38,-62.15740,-58.48387,178.6
2021-2-4T0:55:49,-62.15740,-58.48388,178.0
2021-2-4T0:56:0,-62.15740,-58.48388,177.1
2021-2-4T0:56:10,-62.15740,-58.48388,176.4
2021-2-4T0:56:21,-62.15739,-58.48387,175.6
2021-2-4T0:56:31,-62.15739,-58.48386,175.1
2021-2-4T0:56:42,-62.15739,-58.48385,174.1
2021-2-4T0:56:53,-62.15738,-58.48385,173.2
2021-2-4T0:57:3,-62.15738,-58.48385,172.6
2021-2-4T0:57:14,-62.15738,-58.48385,172.4
2021-2-4T0:57:24,-62.15738,-58.48386,172.9
2021-2-4T0:57:35,-62.15738,-58.48386,172.6
2021-2-4T0:57:46,-62.15738,-58.48386,172.7
2021-2-4T0:57:56,-62.15738,-58.48385,173.0
2021-2-4T0:58:7,-62.15739,-58.48386,174.0
2021-2-4T0:58:17,-62.15739,-58.48385,174.3
2021-2-4T0:58:28,-62.15739,-58.48385,175.0
2021-2-4T0:58:39,-62.15739,-58.48385,176.2
2021-2-4T0:58:49,-62.15739,-58.48385,177.2
2021-2-4T0:59:0,-62.15739,-58.48385,177.2
2021-2-4T0:59:10,-62.15740,-58.48385,176.8
2021-2-4T0:59:21,-62.15740,-58.48385,175.6
2021-2-4T0:59:31,-62.15739,-58.48385,175.1
2021-2-4T0:59:42,-62.15739,-58.48385,175.2
2021-2-4T0:59:53,-62.15739,-58.48385,175.5
2021-2-4T1:0:3,-62.15739,-58.48385,175.4
2021-2-4T1:0:14,-62.15739,-58.48385,176.3
2021-2-4T1:0:24,-62.15739,-58.48386,177.5
2021-2-4T1:0:35,-62.15739,-58.48386,178.2
2021-2-4T1:0:46,-62.15739,-58.48387,177.3
2021-2-4T1:0:56,-62.15739,-58.48387,176.5
2021-2-4T1:1:7,-62.15739,-58.48386,175.4
2021-2-4T1:1:17,-62.15739,-58.48386,174.6
2021-2-4T1:1:28,-62.15739,-58.48386,174.3
2021-2-4T1:1:39,-62.15739,-58.48386,174.1
2021-2-4T1:1:49,-62.15739,-58.48387,174.2
2021-2-4T1:2:0,-62.15738,-58.48387,174.3
2021-2-4T1:2:10,-62.15738,-58.48387,174.2
2021-2-4T1:2:21,-62.15738,-58.48386,174.4
2021-2-4T1:2:32,-62.15738,-58.48386,174.4
2021-2-4T1:2:42,-62.15738,-58.48386,174.8
2021-2-4T1:2:53,-62.15738,-58.48386,174.6
2021-2-4T1:3:3,-62.15738,-58.48386,174.2
2021-2-4T1:3:14,-62.15738,-58.48386,173.2
2021-2-4T1:3:25,-62.15737,-58.48386,172.7
2021-2-4T1:3:35,-62.15737,-58.48386,173.2
2021-2-4T1:3:46,-62.15737,-58.48386,173.8
2021-2-4T1:3:56,-62.15738,-58.48386,174.9
2021-2-4T1:4:7,-62.15738,-58.48387,176.5
2021-2-4T1:4:17,-62.15738,-58.48387,177.2
2021-2-4T1:4:28,-62.15738,-58.48387,178.3
2021-2-4T1:4:39,-62.15739,-58.48388,178.6
2021-2-4T1:4:49,-62.15739,-58.48388,178.2
