2021-2-4T13:56:33,-62.15738,-58.48385,175.7
2021-2-4T13:56:44,-62.15737,-58.48385,176.5
2021-2-4T13:56:55,-62.15737,-58.48386,176.2
2021-2-4T13:57:5,-62.15737,-58.48386,175.7
2021-2-4T13:57:16,-62.15738,-58.48386,175.8
2021-2-4T13:57:26,-62.15738,-58.48386,175.9
2021-2-4T13:57:37,-62.15738,-58.48386,176.0
2021-2-4T13:57:47,-62.15738,-58.48385,175.9
2021-2-4T13:57:58,-62.15738,-58.48385,175.5
2021-2-4T13:58:8,-62.15738,-58.48384,174.4
2021-2-4T13:58:19,-62.15738,-58.48385,172.9
2021-2-4T13:58:29,-62.15738,-58.48385,172.6
2021-2-4T13:58:40,-62.15738,-58.48385,172.8
2021-2-4T13:58:50,-62.15738,-58.48385,173.2
2021-2-4T13:59:1,-62.15739,-58.48386,173.5
2021-2-4T13:59:11,-62.15739,-58.48386,174.5
2021-2-4T13:59:22,-62.15739,-58.48386,175.3
2021-2-4T13:59:32,-62.15738,-58.48385,176.0
2021-2-4T13:59:43,-62.15739,-58.48384,175.7
2021-2-4T13:59:53,-62.15739,-58.48384,175.8
2021-2-4T14:0:4,-62.15739,-58.48383,175.3
2021-2-4T14:0:14,-62.15739,-58.48383,174.4
2021-2-4T14:0:25,-62.15738,-58.48384,173.6
2021-2-4T14:0:35,-62.15738,-58.48384,172.8
2021-2-4T14:0:46,-62.15738,-58.48385,172.3
2021-2-4T14:0:56,-62.15738,-58.48385,172.6
2021-2-4T14:1:7,-62.15738,-58.48386,173.2
2021-2-4T14:1:17,-62.15738,-58.48386,173.6
2021-2-4T14:1:28,-62.15738,-58.48386,174.4
2021-2-4T14:1:38,-62.15738,-58.48386,174.7
2021-2-4T14:1:49,-62.15738,-58.48386,174.9
2021-2-4T14:1:59,-62.15738,-58.48385,175.7
2021-2-4T14:2:10,-62.15738,-58.48384,177.2
2021-2-4T14:2:20,-62.15738,-58.48384,176.9
2021-2-4T14:2:31,-62.15739,-58.48384,177.0
2021-2-4T14:2:41,-62.15739,-58.48383,177.0
2021-2-4T14:2:52,-62.15739,-58.48383,176.2
2021-2-4T14:3:2,-62.15739,-58.48384,176.1
2021-2-4T14:3:13,-62.15739,-58.48385,175.6
2021-2-4T14:3:23,-62.15738,-58.48384,176.3
2021-2-4T14:3:34,-62.15738,-58.48384,176.6
2021-2-4T14:3:44,-62.15738,-58.48384,177.2
2021-2-4T14:3:55,-62.15738,-58.48383,177.6
2021-2-4T14:4:5,-62.15739,-58.48383,177.8
2021-2-4T14:4:16,-62.15739,-58.48383,178.7
2021-2-4T14:4:26,-62.15739,-58.48383,178.4
2021-2-4T14:4:37,-62.15739,-58.48382,178.0
2021-2-4T14:4:47,-62.15739,-58.48382,177.3
2021-2-4T14:4:58,-62.15739,-58.48383,177.3
2021-2-4T14:5:8,-62.15739,-58.48384,176.7
2021-2-4T14:5:19,-62.15739,-58.48385,175.9
2021-2-4T14:5:29,-62.15739,-58.48385,175.7
2021-2-4T14:5:40,-62.15738,-58.48385,175.8
2021-2-4T14:5:50,-62.15738,-58.48385,175.6
2021-2-4T14:6:1,-62.15738,-58.48384,175.3
2021-2-4T14:6:11,-62.15738,-58.48385,175.2
2021-2-4T14:6:22,-62.15738,-58.48385,174.6
2021-2-4T14:6:32,-62.15738,-58.48385,174.0
2021-2-4T14:6:43,-62.15738,-58.48385,174.2
2021-2-4T14:6:53,-62.15738,-58.48385,174.2
2021-2-4T14:7:4,-62.15738,-58.48385,173.7
2021-2-4T14:7:14,-62.15738,-58.48385,173.9
2021-2-4T14:7:25,-62.15738,-58.48385,174.4
2021-2-4T14:7:35,-62.15738,-58.48385,174.4
2021-2-4T14:7:46,-62.15738,-58.48385,174.2
2021-2-4T14:7:56,-62.15738,-58.48385,174.5
2021-2-4T14:8:7,-62.15738,-58.48384,174.7
2021-2-4T14:8:17,-62.15738,-58.48383,174.7
2021-2-4T14:8:28,-62.15739,-58.48383,174.8
2021-2-4T14:8:38,-62.15738,-58.48383,175.3
2021-2-4T14:8:49,-62.15738,-58.48383,175.4
2021-2-4T14:8:59,-62.15738,-58.48383,175.8
2021-2-4T14:9:10,-62.15738,-58.48384,176.2
2021-2-4T14:9:20,-62.15738,-58.48385,176.5
2021-2-4T14:9:31,-62.15738,-58.48385,176.0
2021-2-4T14:9:41,-62.15738,-58.48385,175.3
2021-2-4T14:9:52,-62.15738,-58.48385,175.1
2021-2-4T14:10:2,-62.15738,-58.48385,175.5
2021-2-4T14:10:13,-62.15738,-58.48385,176.0
2021-2-4T14:10:23,-62.15738,-58.48385,176.6
2021-2-4T14:10:34,-62.15738,-58.48385,176.4
2021-2-4T14:10:44,-62.15738,-58.48385,176.4
2021-2-4T14:10:55,-62.15737,-58.48385,175.7
2021-2-4T14:11:5,-62.15738,-58.48385,175.4
2021-2-4T14:11:16,-62.15738,-58.48385,175.6
2021-2-4T14:11:26,-62.15738,-58.48385,175.4
2021-2-4T14:11:37,-62.15738,-58.48385,175.6
2021-2-4T14:11:47,-62.15738,-58.48384,176.1
2021-2-4T14:11:58,-62.15738,-58.48384,176.5
2021-2-4T14:12:8,-62.15738,-58.48384,176.3
2021-2-4T14:12:19,-62.15738,-58.48384,176.0
2021-2-4T14:12:29,-62.15738,-58.48384,175.8
2021-2-4T14:12:40,-62.15738,-58.48384,175.6
2021-2-4T14:12:50,-62.15738,-58.48384,175.6
2021-2-4T14:13:1,-62.15738,-58.48385,175.0
2021-2-4T14:13:11,-62.15738,-58.48385,175.0
2021-2-4T14:13:22,-62.15738,-58.48385,175.0
2021-2-4T14:13:32,-62.15738,-58.48385,174.5
2021-2-4T14:13:43,-62.15738,-58.48385,174.3
2021-2-4T14:13:53,-62.15738,-58.48385,174.7
