2021-2-4T1:5:0,-62.15739,-58.48388,177.8
2021-2-4T1:5:11,-62.15739,-58.48388,177.1
2021-2-4T1:5:21,-62.15738,-58.48387,176.6
2021-2-4T1:5:32,-62.15738,-58.48387,176.5
2021-2-4T1:5:42,-62.15738,-58.48387,176.6
2021-2-4T1:5:53,-62.15738,-58.48387,176.7
2021-2-4T1:6:4,-62.15738,-58.48387,176.3
2021-2-4T1:6:14,-62.15738,-58.48387,176.1
2021-2-4T1:6:25,-62.15738,-58.48387,175.6
2021-2-4T1:6:35,-62.15738,-58.48387,175.6
2021-2-4T1:6:46,-62.15738,-58.48387,176.5
2021-2-4T1:6:57,-62.15737,-58.48387,175.8
2021-2-4T1:7:7,-62.15737,-58.48387,176.2
2021-2-4T1:7:18,-62.15737,-58.48387,175.7
2021-2-4T1:7:28,-62.15737,-58.48387,175.3
2021-2-4T1:7:39,-62.15737,-58.48387,174.9
2021-2-4T1:7:50,-62.15737,-58.48387,175.4
2021-2-4T1:8:0,-62.15738,-58.48387,176.8
2021-2-4T1:8:11,-62.15738,-58.48387,176.2
2021-2-4T1:8:21,-62.15739,-58.48387,176.4
2021-2-4T1:8:32,-62.15739,-58.48387,176.6
2021-2-4T1:8:43,-62.15738,-58.48388,176.0
2021-2-4T1:8:53,-62.15738,-58.48388,176.0
2021-2-4T1:9:4,-62.15738,-58.48387,175.9
2021-2-4T1:9:14,-62.15738,-58.48387,175.3
2021-2-4T1:9:25,-62.15737,-58.48387,174.4
2021-2-4T1:9:36,-62.15737,-58.48387,175.0
2021-2-4T1:9:46,-62.15737,-58.48387,175.2
2021-2-4T1:9:57,-62.15737,-58.48387,175.7
2021-2-4T1:10:7,-62.15737,-58.48387,175.2
2021-2-4T1:10:18,-62.15737,-58.48388,175.0
2021-2-4T1:10:28,-62.15737,-58.48388,174.8
2021-2-4T1:10:39,-62.15737,-58.48387,174.3
2021-2-4T1:10:50,-62.15737,-58.48386,174.1
2021-2-4T1:11:0,-62.15737,-58.48386,173.9
2021-2-4T1:11:11,-62.15737,-58.48385,173.8
2021-2-4T1:11:21,-62.15738,-58.48385,174.1
2021-2-4T1:11:32,-62.15738,-58.48386,175.1
2021-2-4T1:11:43,-62.15738,-58.48385,174.9
2021-2-4T1:11:53,-62.15738,-58.48385,175.0
2021-2-4T1:12:4,-62.15738,-58.48385,174.5
2021-2-4T1:12:14,-62.15738,-58.48385,173.7
2021-2-4T1:12:25,-62.15738,-58.48384,173.6
2021-2-4T1:12:36,-62.15738,-58.48385,173.8
2021-2-4T1:12:46,-62.15738,-58.48385,173.5
2021-2-4T1:12:57,-62.15737,-58.48385,173.6
2021-2-4T1:13:7,-62.15737,-58.48384,173.9
2021-2-4T1:13:18,-62.15737,-58.48385,174.3
2021-2-4T1:13:29,-62.15737,-58.48385,173.9
2021-2-4T1:13:39,-62.15737,-58.48386,174.7
2021-2-4T1:13:50,-62.15737,-58.48386,174.6
2021-2-4T1:14:0,-62.15737,-58.48386,174.9
2021-2-4T1:14:11,-62.15737,-58.48386,175.4
2021-2-4T1:14:22,-62.15738,-58.48387,175.5
2021-2-4T1:14:32,-62.15738,-58.48386,174.8
2021-2-4T1:14:43,-62.15738,-58.48385,174.2
2021-2-4T1:14:53,-62.15738,-58.48385,174.2
2021-2-4T1:15:4,-62.15738,-58.48385,174.3
2021-2-4T1:15:15,-62.15739,-58.48385,173.9
2021-2-4T1:15:25,-62.15739,-58.48385,173.8
2021-2-4T1:15:36,-62.15739,-58.48385,174.0
2021-2-4T1:15:46,-62.15739,-58.48386,174.3
2021-2-4T1:15:57,-62.15738,-58.48387,174.9
2021-2-4T1:16:8,-62.15738,-58.48387,175.1
2021-2-4T1:16:18,-62.15738,-58.48387,175.6
2021-2-4T1:16:29,-62.15738,-58.48387,175.2
2021-2-4T1:16:39,-62.15737,-58.48387,175.6
2021-2-4T1:16:50,-62.15737,-58.48387,175.0
2021-2-4T1:17:1,-62.15736,-58.48386,174.8
2021-2-4T1:17:11,-62.15736,-58.48386,174.8
2021-2-4T1:17:22,-62.15736,-58.48387,174.7
2021-2-4T1:17:32,-62.15737,-58.48387,174.3
2021-2-4T1:17:43,-62.15737,-58.48387,174.5
2021-2-4T1:17:54,-62.15738,-58.48387,174.6
2021-2-4T1:18:4,-62.15738,-58.48386,175.1
2021-2-4T1:18:15,-62.15738,-58.48386,175.1
2021-2-4T1:18:25,-62.15738,-58.48386,174.4
2021-2-4T1:18:36,-62.15739,-58.48386,173.4
2021-2-4T1:18:47,-62.15739,-58.48386,172.6
2021-2-4T1:18:57,-62.15739,-58.48386,172.7
2021-2-4T1:19:8,-62.15739,-58.48386,172.4
2021-2-4T1:19:18,-62.15739,-58.48386,172.5
2021-2-4T1:19:29,-62.15739,-58.48386,173.2
2021-2-4T1:19:39,-62.15738,-58.48386,173.1
2021-2-4T1:19:50,-62.15738,-58.48387,173.1
2021-2-4T1:20:1,-62.15737,-58.48388,173.4
2021-2-4T1:20:11,-62.15737,-58.48388,173.8
2021-2-4T1:20:22,-62.15737,-58.48388,174.2
2021-2-4T1:20:32,-62.15737,-58.48388,175.1
2021-2-4T1:20:43,-62.15737,-58.48388,175.3
2021-2-4T1:20:54,-62.15737,-58.48387,175.7
2021-2-4T1:21:4,-62.15737,-58.48387,176.8
2021-2-4T1:21:15,-62.15737,-58.48387,177.3
2021-2-4T1:21:25,-62.15738,-58.48387,177.3
2021-2-4T1:21:36,-62.15738,-58.48386,177.4
2021-2-4T1:21:47,-62.15738,-58.48385,176.7
2021-2-4T1:21:57,-62.15738,-58.48386,175.8
2021-2-4T1:22:8,-62.15739,-58.48385,175.5
2021-2-4T1:22:18,-62.15739,-58.48384,175.5
2021-2-4T1:22:29,-62.15739,-58.48384,174.8
