2021-2-4T15:59:7,-62.15738,-58.48385,175.0
2021-2-4T15:59:18,-62.15737,-58.48385,174.5
2021-2-4T15:59:28,-62.15737,-58.48385,173.7
2021-2-4T15:59:39,-62.15737,-58.48385,172.8
2021-2-4T15:59:49,-62.15736,-58.48385,172.2
2021-2-4T16:0:0,-62.15736,-58.48385,171.7
2021-2-4T16:0:10,-62.15737,-58.48385,171.7
2021-2-4T16:0:21,-62.15737,-58.48384,172.0
2021-2-4T16:0:31,-62.15737,-58.48385,172.3
2021-2-4T16:0:42,-62.15738,-58.48385,173.6
2021-2-4T16:0:52,-62.15738,-58.48385,174.3
2021-2-4T16:1:3,-62.15738,-58.48386,174.7
2021-2-4T16:1:13,-62.15738,-58.48386,174.8
2021-2-4T16:1:24,-62.15738,-58.48385,174.5
2021-2-4T16:1:34,-62.15738,-58.48385,174.4
2021-2-4T16:1:45,-62.15738,-58.48385,174.2
2021-2-4T16:1:55,-62.15738,-58.48385,173.8
2021-2-4T16:2:6,-62.15737,-58.48385,173.5
2021-2-4T16:2:16,-62.15737,-58.48385,173.6
2021-2-4T16:2:27,-62.15737,-58.48385,174.3
2021-2-4T16:2:37,-62.15737,-58.48386,174.6
2021-2-4T16:2:48,-62.15738,-58.48386,175.5
2021-2-4T16:2:58,-62.15739,-58.48386,176.3
2021-2-4T16:3:9,-62.15739,-58.48386,176.6
2021-2-4T16:3:19,-62.15739,-58.48386,176.8
2021-2-4T16:3:30,-62.15739,-58.48386,176.8
2021-2-4T16:3:40,-62.15739,-58.48386,176.8
2021-2-4T16:3:51,-62.15738,-58.48387,176.9
2021-2-4T16:4:1,-62.15738,-58.48387,176.4
2021-2-4T16:4:12,-62.15738,-58.48387,175.9
2021-2-4T16:4:22,-62.15738,-58.48386,175.5
2021-2-4T16:4:33,-62.15737,-58.48385,174.8
2021-2-4T16:4:43,-62.15737,-58.48385,173.7
2021-2-4T16:4:54,-62.15737,-58.48384,172.7
2021-2-4T16:5:4,-62.15737,-58.48384,172.5
2021-2-4T16:5:15,-62.15737,-58.48385,173.6
2021-2-4T16:5:25,-62.15737,-58.48386,174.2
2021-2-4T16:5:36,-62.15738,-58.48386,174.7
2021-2-4T16:5:46,-62.15738,-58.48386,175.3
2021-2-4T16:5:57,-62.15738,-58.48386,176.4
2021-2-4T16:6:7,-62.15738,-58.48386,176.7
2021-2-4T16:6:18,-62.15738,-58.48386,176.4
2021-2-4T16:6:28,-62.15738,-58.48386,175.7
2021-2-4T16:6:39,-62.15737,-58.48386,175.6
2021-2-4T16:6:49,-62.15737,-58.48387,175.1
2021-2-4T16:7:0,-62.15737,-58.48387,175.3
2021-2-4T16:7:10,-62.15737,-58.48387,175.1
2021-2-4T16:7:21,-62.15737,-58.48386,175.1
2021-2-4T16:7:31,-62.15736,-58.48386,174.3
2021-2-4T16:7:42,-62.15736,-58.48385,173.6
2021-2-4T16:7:52,-62.15737,-58.48385,173.9
2021-2-4T16:8:3,-62.15737,-58.48385,174.4
2021-2-4T16:8:13,-62.15737,-58.48385,173.7
2021-2-4T16:8:24,-62.15737,-58.48385,173.3
2021-2-4T16:8:34,-62.15737,-58.48385,173.4
2021-2-4T16:8:45,-62.15737,-58.48385,173.6
2021-2-4T16:8:55,-62.15736,-58.48385,173.6
2021-2-4T16:9:6,-62.15736,-58.48385,173.6
2021-2-4T16:9:16,-62.15736,-58.48385,173.6
2021-2-4T16:9:27,-62.15737,-58.48384,173.5
2021-2-4T16:9:37,-62.15737,-58.48384,173.7
2021-2-4T16:9:48,-62.15737,-58.48384,174.2
2021-2-4T16:9:58,-62.15738,-58.48384,174.4
2021-2-4T16:10:9,-62.15738,-58.48384,174.6
2021-2-4T16:10:19,-62.15738,-58.48384,174.5
2021-2-4T16:10:30,-62.15738,-58.48384,174.5
2021-2-4T16:10:40,-62.15737,-58.48384,174.3
2021-2-4T16:10:51,-62.15738,-58.48384,174.3
2021-2-4T16:11:1,-62.15738,-58.48384,174.4
2021-2-4T16:11:12,-62.15738,-58.48384,174.4
2021-2-4T16:11:22,-62.15737,-58.48384,174.5
2021-2-4T16:11:33,-62.15737,-58.48384,174.0
2021-2-4T16:11:43,-62.15736,-58.48384,172.9
2021-2-4T16:11:54,-62.15736,-58.48385,172.3
2021-2-4T16:12:4,-62.15735,-58.48386,172.3
2021-2-4T16:12:15,-62.15735,-58.48386,171.9
2021-2-4T16:12:25,-62.15735,-58.48386,171.6
2021-2-4T16:12:36,-62.15735,-58.48385,171.0
2021-2-4T16:12:46,-62.15735,-58.48385,171.0
2021-2-4T16:12:57,-62.15735,-58.48386,171.7
2021-2-4T16:13:7,-62.15736,-58.48386,172.9
2021-2-4T16:13:18,-62.15736,-58.48385,173.5
2021-2-4T16:13:28,-62.15736,-58.48385,173.5
2021-2-4T16:13:39,-62.15735,-58.48385,173.6
2021-2-4T16:13:49,-62.15735,-58.48385,174.2
2021-2-4T16:14:0,-62.15735,-58.48385,174.3
2021-2-4T16:14:10,-62.15735,-58.48384,174.2
2021-2-4T16:14:21,-62.15735,-58.48385,174.3
2021-2-4T16:14:31,-62.15735,-58.48385,174.4
2021-2-4T16:14:42,-62.15736,-58.48385,174.0
2021-2-4T16:14:52,-62.15736,-58.48385,174.0
2021-2-4T16:15:3,-62.15736,-58.48385,174.1
2021-2-4T16:15:13,-62.15735,-58.48385,174.0
2021-2-4T16:15:24,-62.15735,-58.48384,173.5
2021-2-4T16:15:34,-62.15735,-58.48384,173.5
2021-2-4T16:15:45,-62.15735,-58.48384,173.8
2021-2-4T16:15:55,-62.15736,-58.48384,173.7
2021-2-4T16:16:6,-62.15736,-58.48384,173.3
2021-2-4T16:16:16,-62.15736,-58.48384,173.0
2021-2-4T16:16:27,-62.15736,-58.48385,173.1
