2021-2-4T18:1:48,-62.15737,-58.48385,173.6
2021-2-4T18:1:58,-62.15738,-58.48385,174.2
2021-2-4T18:2:9,-62.15738,-58.48385,174.6
2021-2-4T18:2:20,-62.15738,-58.48385,175.0
2021-2-4T18:2:30,-62.15738,-58.48385,175.3
2021-2-4T18:2:41,-62.15738,-58.48386,175.5
2021-2-4T18:2:51,-62.15739,-58.48386,175.4
2021-2-4T18:3:2,-62.15739,-58.48386,175.8
2021-2-4T18:3:12,-62.15739,-58.48386,176.3
2021-2-4T18:3:23,-62.15738,-58.48387,175.9
2021-2-4T18:3:34,-62.15738,-58.48387,175.6
2021-2-4T18:3:44,-62.15738,-58.48386,175.5
2021-2-4T18:3:55,-62.15738,-58.48386,175.6
2021-2-4T18:4:5,-62.15738,-58.48386,175.3
2021-2-4T18:4:16,-62.15738,-58.48387,174.8
2021-2-4T18:4:26,-62.15738,-58.48386,173.5
2021-2-4T18:4:37,-62.15738,-58.48386,172.8
2021-2-4T18:4:48,-62.15738,-58.48386,172.0
2021-2-4T18:4:58,-62.15738,-58.48386,172.7
2021-2-4T18:5:9,-62.15738,-58.48385,172.7
2021-2-4T18:5:19,-62.15738,-58.48386,173.7
2021-2-4T18:5:30,-62.15738,-58.48385,173.9
2021-2-4T18:5:40,-62.15738,-58.48385,174.6
2021-2-4T18:5:51,-62.15738,-58.48385,174.7
2021-2-4T18:6:2,-62.15738,-58.48385,174.6
2021-2-4T18:6:12,-62.15738,-58.48385,174.8
2021-2-4T18:6:23,-62.15738,-58.48385,174.1
2021-2-4T18:6:33,-62.15738,-58.48384,173.4
2021-2-4T18:6:44,-62.15738,-58.48384,173.1
2021-2-4T18:6:54,-62.15738,-58.48384,173.7
2021-2-4T18:7:5,-62.15738,-58.48385,173.3
2021-2-4T18:7:15,-62.15738,-58.48385,173.2
2021-2-4T18:7:26,-62.15737,-58.48385,173.4
2021-2-4T18:7:37,-62.15738,-58.48385,173.1
2021-2-4T18:7:47,-62.15738,-58.48386,173.4
2021-2-4T18:7:58,-62.15738,-58.48386,173.4
2021-2-4T18:8:8,-62.15738,-58.48386,174.4
2021-2-4T18:8:19,-62.15738,-58.48386,175.1
2021-2-4T18:8:29,-62.15738,-58.48386,175.5
2021-2-4T18:8:40,-62.15738,-58.48386,176.0
2021-2-4T18:8:51,-62.15738,-58.48385,176.2
2021-2-4T18:9:1,-62.15738,-58.48385,175.9
2021-2-4T18:9:12,-62.15738,-58.48385,174.8
2021-2-4T18:9:22,-62.15738,-58.48385,173.9
2021-2-4T18:9:33,-62.15738,-58.48385,173.4
2021-2-4T18:9:43,-62.15738,-58.48385,172.9
2021-2-4T18:9:54,-62.15738,-58.48385,173.6
2021-2-4T18:10:4,-62.15738,-58.48385,172.9
2021-2-4T18:10:15,-62.15738,-58.48385,172.9
2021-2-4T18:10:26,-62.15738,-58.48385,172.5
2021-2-4T18:10:36,-62.15738,-58.48385,172.6
2021-2-4T18:10:47,-62.15738,-58.48386,173.1
2021-2-4T18:10:57,-62.15738,-58.48386,172.8
2021-2-4T18:11:8,-62.15738,-58.48386,173.1
2021-2-4T18:11:18,-62.15738,-58.48386,173.2
2021-2-4T18:11:29,-62.15738,-58.48386,174.0
2021-2-4T18:11:40,-62.15738,-58.48386,174.3
2021-2-4T18:11:50,-62.15738,-58.48387,174.4
2021-2-4T18:12:1,-62.15738,-58.48386,174.0
2021-2-4T18:12:11,-62.15738,-58.48387,174.3
2021-2-4T18:12:22,-62.15738,-58.48387,174.7
2021-2-4T18:12:32,-62.15738,-58.48387,175.3
2021-2-4T18:12:43,-62.15738,-58.48387,175.5
2021-2-4T18:12:54,-62.15738,-58.48387,176.6
2021-2-4T18:13:4,-62.15739,-58.48387,176.6
2021-2-4T18:13:15,-62.15739,-58.48387,176.9
2021-2-4T18:13:25,-62.15738,-58.48386,176.4
2021-2-4T18:13:36,-62.15738,-58.48386,176.4
2021-2-4T18:13:46,-62.15738,-58.48386,176.2
2021-2-4T18:13:57,-62.15738,-58.48387,175.9
2021-2-4T18:14:8,-62.15738,-58.48386,175.5
2021-2-4T18:14:18,-62.15738,-58.48386,175.6
2021-2-4T18:14:29,-62.15739,-58.48386,175.9
2021-2-4T18:14:39,-62.15738,-58.48387,175.5
2021-2-4T18:14:50,-62.15739,-58.48387,176.5
2021-2-4T18:15:0,-62.15738,-58.48387,177.0
2021-2-4T18:15:11,-62.15738,-58.48388,179.3
2021-2-4T18:15:22,-62.15738,-58.48388,179.4
2021-2-4T18:15:32,-62.15738,-58.48388,178.4
2021-2-4T18:15:43,-62.15738,-58.48388,178.5
2021-2-4T18:15:53,-62.15738,-58.48389,178.3
2021-2-4T18:16:4,-62.15738,-58.48389,178.3
2021-2-4T18:16:14,-62.15738,-58.48388,177.5
2021-2-4T18:16:25,-62.15738,-58.48389,178.5
2021-2-4T18:16:36,-62.15738,-58.48388,177.4
2021-2-4T18:16:46,-62.15738,-58.48388,176.2
2021-2-4T18:16:57,-62.15738,-58.48387,176.1
2021-2-4T18:17:7,-62.15738,-58.48387,176.4
2021-2-4T18:17:18,-62.15738,-58.48387,176.4
2021-2-4T18:17:28,-62.15738,-58.48387,176.6
2021-2-4T18:17:39,-62.15738,-58.48387,176.2
2021-2-4T18:17:49,-62.15738,-58.48387,175.2
2021-2-4T18:18:0,-62.15738,-58.48387,175.2
2021-2-4T18:18:11,-62.15738,-58.48387,174.4
2021-2-4T18:18:21,-62.15738,-58.48387,173.3
2021-2-4T18:18:32,-62.15738,-58.48387,172.9
2021-2-4T18:18:42,-62.15738,-58.48387,173.2
2021-2-4T18:18:53,-62.15738,-58.48387,173.6
2021-2-4T18:19:3,-62.15738,-58.48387,173.5
2021-2-4T18:19:14,-62.15738,-58.48386,173.0
