2021-2-4T2:50:59,-62.15737,-58.48383,175.6
2021-2-4T2:51:9,-62.15738,-58.48383,174.8
2021-2-4T2:51:20,-62.15737,-58.48383,175.2
2021-2-4T2:51:31,-62.15738,-58.48383,174.7
2021-2-4T2:51:41,-62.15738,-58.48383,174.2
2021-2-4T2:51:52,-62.15737,-58.48383,174.5
2021-2-4T2:52:2,-62.15737,-58.48383,174.5
2021-2-4T2:52:13,-62.15738,-58.48384,174.6
2021-2-4T2:52:24,-62.15738,-58.48385,175.2
2021-2-4T2:52:34,-62.15738,-58.48385,175.4
2021-2-4T2:52:45,-62.15738,-58.48385,175.7
2021-2-4T2:52:55,-62.15738,-58.48386,175.3
2021-2-4T2:53:6,-62.15737,-58.48385,175.0
2021-2-4T2:53:17,-62.15737,-58.48385,174.7
2021-2-4T2:53:27,-62.15737,-58.48385,174.4
2021-2-4T2:53:38,-62.15738,-58.48384,174.5
2021-2-4T2:53:48,-62.15738,-58.48384,174.6
2021-2-4T2:53:59,-62.15737,-58.48384,175.1
2021-2-4T2:54:10,-62.15737,-58.48385,175.9
2021-2-4T2:54:20,-62.15737,-58.48385,176.2
2021-2-4T2:54:31,-62.15737,-58.48385,176.2
2021-2-4T2:54:41,-62.15737,-58.48385,176.2
2021-2-4T2:54:52,-62.15737,-58.48386,175.5
2021-2-4T2:55:3,-62.15737,-58.48386,175.2
2021-2-4T2:55:13,-62.15737,-58.48386,175.0
2021-2-4T2:55:24,-62.15738,-58.48385,174.8
2021-2-4T2:55:34,-62.15738,-58.48385,174.5
2021-2-4T2:55:45,-62.15738,-58.48385,174.3
2021-2-4T2:55:55,-62.15738,-58.48385,174.5
2021-2-4T2:56:6,-62.15738,-58.48385,174.5
2021-2-4T2:56:17,-62.15738,-58.48385,174.2
2021-2-4T2:56:27,-62.15738,-58.48385,173.9
2021-2-4T2:56:38,-62.15738,-58.48384,174.0
2021-2-4T2:56:48,-62.15738,-58.48384,173.7
2021-2-4T2:56:59,-62.15738,-58.48384,173.8
2021-2-4T2:57:10,-62.15737,-58.48383,174.4
2021-2-4T2:57:20,-62.15737,-58.48383,174.7
2021-2-4T2:57:31,-62.15737,-58.48382,174.4
2021-2-4T2:57:42,-62.15737,-58.48381,174.4
2021-2-4T2:57:52,-62.15738,-58.48381,174.6
2021-2-4T2:58:3,-62.15737,-58.48380,175.0
2021-2-4T2:58:13,-62.15737,-58.48380,175.5
2021-2-4T2:58:24,-62.15738,-58.48381,175.3
2021-2-4T2:58:34,-62.15738,-58.48381,175.6
2021-2-4T2:58:45,-62.15738,-58.48382,174.7
2021-2-4T2:58:56,-62.15738,-58.48383,174.1
2021-2-4T2:59:6,-62.15738,-58.48383,174.2
2021-2-4T2:59:17,-62.15738,-58.48384,174.5
2021-2-4T2:59:27,-62.15738,-58.48384,174.2
2021-2-4T2:59:38,-62.15738,-58.48385,174.8
2021-2-4T2:59:49,-62.15738,-58.48384,174.6
2021-2-4T2:59:59,-62.15738,-58.48384,174.2
2021-2-4T3:0:10,-62.15737,-58.48383,174.0
2021-2-4T3:0:20,-62.15738,-58.48383,173.9
2021-2-4T3:0:31,-62.15738,-58.48382,174.2
2021-2-4T3:0:42,-62.15738,-58.48382,174.7
2021-2-4T3:0:52,-62.15738,-58.48382,174.8
2021-2-4T3:1:3,-62.15738,-58.48381,175.4
2021-2-4T3:1:13,-62.15738,-58.48380,175.2
2021-2-4T3:1:24,-62.15738,-58.48381,174.2
2021-2-4T3:1:35,-62.15738,-58.48381,174.1
2021-2-4T3:1:45,-62.15738,-58.48381,174.3
2021-2-4T3:1:56,-62.15737,-58.48381,174.9
2021-2-4T3:2:6,-62.15738,-58.48382,174.9
2021-2-4T3:2:17,-62.15738,-58.48382,175.1
2021-2-4T3:2:28,-62.15737,-58.48381,175.8
2021-2-4T3:2:38,-62.15737,-58.48382,175.7
2021-2-4T3:2:49,-62.15737,-58.48383,175.7
2021-2-4T3:2:59,-62.15736,-58.48383,175.6
2021-2-4T3:3:10,-62.15737,-58.48384,175.2
2021-2-4T3:3:20,-62.15736,-58.48384,175.4
2021-2-4T3:3:31,-62.15737,-58.48384,175.1
2021-2-4T3:3:42,-62.15737,-58.48384,174.6
2021-2-4T3:3:52,-62.15737,-58.48384,174.6
2021-2-4T3:4:3,-62.15737,-58.48384,174.2
2021-2-4T3:4:13,-62.15737,-58.48383,173.9
2021-2-4T3:4:24,-62.15737,-58.48383,173.7
2021-2-4T3:4:35,-62.15737,-58.48382,174.4
2021-2-4T3:4:45,-62.15737,-58.48383,174.5
2021-2-4T3:4:56,-62.15737,-58.48382,175.2
2021-2-4T3:5:6,-62.15737,-58.48382,174.6
2021-2-4T3:5:17,-62.15737,-58.48382,174.6
2021-2-4T3:5:28,-62.15737,-58.48382,174.1
2021-2-4T3:5:38,-62.15737,-58.48382,173.7
2021-2-4T3:5:49,-62.15737,-58.48382,174.0
2021-2-4T3:5:59,-62.15737,-58.48382,174.1
2021-2-4T3:6:10,-62.15737,-58.48382,173.7
2021-2-4T3:6:21,-62.15737,-58.48382,173.7
2021-2-4T3:6:31,-62.15737,-58.48382,173.8
2021-2-4T3:6:42,-62.15737,-58.48381,173.9
2021-2-4T3:6:52,-62.15737,-58.48381,173.6
2021-2-4T3:7:3,-62.15737,-58.48382,173.5
2021-2-4T3:7:14,-62.15737,-58.48381,173.4
2021-2-4T3:7:24,-62.15737,-58.48381,173.7
2021-2-4T3:7:35,-62.15737,-58.48382,173.8
2021-2-4T3:7:45,-62.15737,-58.48383,174.3
2021-2-4T3:7:56,-62.15738,-58.48383,174.7
2021-2-4T3:8:7,-62.15738,-58.48384,175.1
2021-2-4T3:8:17,-62.15738,-58.48385,175.3
2021-2-4T3:8:28,-62.15737,-58.48385,175.3
