2021-2-4T23:1:21,-62.15739,-58.48387,175.1
2021-2-4T23:1:32,-62.15739,-58.48387,175.4
2021-2-4T23:1:43,-62.15739,-58.48388,175.3
2021-2-4T23:1:53,-62.15739,-58.48388,175.0
2021-2-4T23:2:4,-62.15739,-58.48388,174.6
2021-2-4T23:2:15,-62.15739,-58.48387,174.6
2021-2-4T23:2:25,-62.15739,-58.48387,174.6
2021-2-4T23:2:36,-62.15739,-58.48387,174.3
2021-2-4T23:2:46,-62.15739,-58.48387,174.6
2021-2-4T23:2:57,-62.15739,-58.48387,174.8
2021-2-4T23:3:8,-62.15738,-58.48387,174.3
2021-2-4T23:3:18,-62.15738,-58.48387,174.1
2021-2-4T23:3:29,-62.15738,-58.48386,174.1
2021-2-4T23:3:39,-62.15738,-58.48386,174.0
2021-2-4T23:3:50,-62.15738,-58.48386,174.3
2021-2-4T23:4:1,-62.15738,-58.48387,174.6
2021-2-4T23:4:11,-62.15738,-58.48387,174.4
2021-2-4T23:4:22,-62.15738,-58.48387,174.2
2021-2-4T23:4:32,-62.15738,-58.48387,174.2
2021-2-4T23:4:43,-62.15738,-58.48388,174.3
2021-2-4T23:4:53,-62.15738,-58.48387,174.6
2021-2-4T23:5:4,-62.15739,-58.48387,174.6
2021-2-4T23:5:15,-62.15739,-58.48387,174.5
2021-2-4T23:5:25,-62.15739,-58.48387,174.5
2021-2-4T23:5:36,-62.15738,-58.48386,174.5
2021-2-4T23:5:46,-62.15738,-58.48386,174.5
2021-2-4T23:5:57,-62.15738,-58.48386,174.6
2021-2-4T23:6:8,-62.15738,-58.48385,174.4
2021-2-4T23:6:18,-62.15738,-58.48385,174.3
2021-2-4T23:6:29,-62.15738,-58.48385,174.5
2021-2-4T23:6:39,-62.15739,-58.48385,174.2
2021-2-4T23:6:50,-62.15738,-58.48385,173.7
2021-2-4T23:7:1,-62.15738,-58.48385,174.1
2021-2-4T23:7:11,-62.15738,-58.48385,174.1
2021-2-4T23:7:22,-62.15738,-58.48386,174.3
2021-2-4T23:7:32,-62.15738,-58.48386,174.6
2021-2-4T23:7:43,-62.15738,-58.48387,174.3
2021-2-4T23:7:54,-62.15738,-58.48387,174.4
2021-2-4T23:8:4,-62.15738,-58.48386,174.8
2021-2-4T23:8:15,-62.15738,-58.48386,174.6
2021-2-4T23:8:25,-62.15738,-58.48386,174.5
2021-2-4T23:8:36,-62.15738,-58.48386,174.1
2021-2-4T23:8:47,-62.15738,-58.48386,174.4
2021-2-4T23:8:57,-62.15738,-58.48386,174.5
2021-2-4T23:9:8,-62.15738,-58.48385,174.6
2021-2-4T23:9:18,-62.15738,-58.48384,174.8
2021-2-4T23:9:29,-62.15739,-58.48384,175.2
2021-2-4T23:9:40,-62.15739,-58.48384,175.5
2021-2-4T23:9:50,-62.15739,-58.48385,176.3
2021-2-4T23:10:1,-62.15739,-58.48385,176.3
2021-2-4T23:10:11,-62.15739,-58.48385,175.5
2021-2-4T23:10:22,-62.15739,-58.48385,175.5
2021-2-4T23:10:33,-62.15739,-58.48385,175.6
2021-2-4T23:10:43,-62.15738,-58.48385,175.3
2021-2-4T23:10:54,-62.15738,-58.48385,174.7
2021-2-4T23:11:4,-62.15738,-58.48384,174.2
2021-2-4T23:11:15,-62.15738,-58.48384,173.2
2021-2-4T23:11:26,-62.15738,-58.48385,173.0
2021-2-4T23:11:36,-62.15738,-58.48385,173.1
2021-2-4T23:11:47,-62.15738,-58.48385,173.3
2021-2-4T23:11:57,-62.15738,-58.48384,173.5
2021-2-4T23:12:8,-62.15738,-58.48384,173.6
2021-2-4T23:12:19,-62.15738,-58.48383,174.1
2021-2-4T23:12:29,-62.15738,-58.48383,174.8
2021-2-4T23:12:40,-62.15738,-58.48383,174.7
2021-2-4T23:12:50,-62.15738,-58.48383,174.3
2021-2-4T23:13:1,-62.15738,-58.48383,174.8
2021-2-4T23:13:11,-62.15738,-58.48383,174.9
2021-2-4T23:13:22,-62.15738,-58.48383,174.8
2021-2-4T23:13:33,-62.15738,-58.48383,174.4
2021-2-4T23:13:43,-62.15738,-58.48383,174.4
2021-2-4T23:13:54,-62.15738,-58.48383,174.7
2021-2-4T23:14:4,-62.15738,-58.48384,175.0
2021-2-4T23:14:15,-62.15738,-58.48384,176.0
2021-2-4T23:14:26,-62.15738,-58.48383,176.3
2021-2-4T23:14:36,-62.15738,-58.48383,177.5
2021-2-4T23:14:47,-62.15738,-58.48383,177.9
2021-2-4T23:14:57,-62.15738,-58.48383,178.2
2021-2-4T23:15:8,-62.15738,-58.48383,178.2
2021-2-4T23:15:19,-62.15738,-58.48383,177.6
2021-2-4T23:15:29,-62.15738,-58.48383,177.6
2021-2-4T23:15:40,-62.15738,-58.48383,177.1
2021-2-4T23:15:50,-62.15738,-58.48383,176.9
2021-2-4T23:16:1,-62.15738,-58.48384,177.0
2021-2-4T23:16:12,-62.15738,-58.48384,177.0
2021-2-4T23:16:22,-62.15738,-58.48384,176.8
2021-2-4T23:16:33,-62.15738,-58.48384,177.2
2021-2-4T23:16:43,-62.15738,-58.48384,177.3
2021-2-4T23:16:54,-62.15738,-58.48385,177.4
2021-2-4T23:17:5,-62.15738,-58.48385,177.7
2021-2-4T23:17:15,-62.15738,-58.48385,177.7
2021-2-4T23:17:26,-62.15738,-58.48385,176.9
2021-2-4T23:17:36,-62.15737,-58.48385,176.2
2021-2-4T23:17:47,-62.15737,-58.48386,175.7
2021-2-4T23:17:58,-62.15737,-58.48386,175.0
2021-2-4T23:18:8,-62.15737,-58.48386,175.0
2021-2-4T23:18:19,-62.15737,-58.48386,175.0
2021-2-4T23:18:29,-62.15737,-58.48386,174.9
2021-2-4T23:18:40,-62.15737,-58.48386,175.1
2021-2-4T23:18:51,-62.15737,-58.48386,174.7
