2021-2-4T6:5:58,-62.15738,-58.48387,175.2
2021-2-4T6:6:9,-62.15738,-58.48387,174.2
2021-2-4T6:6:20,-62.15738,-58.48387,175.4
2021-2-4T6:6:31,-62.15738,-58.48387,175.4
2021-2-4T6:6:41,-62.15738,-58.48387,176.3
2021-2-4T6:6:52,-62.15738,-58.48387,177.2
2021-2-4T6:7:3,-62.15739,-58.48386,176.4
2021-2-4T6:7:13,-62.15738,-58.48387,176.6
2021-2-4T6:7:24,-62.15738,-58.48387,176.4
2021-2-4T6:7:34,-62.15738,-58.48387,175.8
2021-2-4T6:7:45,-62.15738,-58.48387,175.8
2021-2-4T6:7:56,-62.15738,-58.48387,176.1
2021-2-4T6:8:6,-62.15738,-58.48387,174.6
2021-2-4T6:8:17,-62.15738,-58.48387,174.5
2021-2-4T6:8:28,-62.15737,-58.48388,173.3
2021-2-4T6:8:38,-62.15737,-58.48387,173.0
2021-2-4T6:8:49,-62.15737,-58.48387,173.7
2021-2-4T6:8:59,-62.15738,-58.48387,173.2
2021-2-4T6:9:10,-62.15738,-58.48387,173.8
2021-2-4T6:9:21,-62.15738,-58.48388,173.7
2021-2-4T6:9:31,-62.15738,-58.48387,172.6
2021-2-4T6:9:42,-62.15738,-58.48388,173.6
2021-2-4T6:9:53,-62.15738,-58.48388,173.4
2021-2-4T6:10:3,-62.15738,-58.48388,174.3
2021-2-4T6:10:14,-62.15738,-58.48388,173.9
2021-2-4T6:10:24,-62.15738,-58.48388,174.5
2021-2-4T6:10:35,-62.15738,-58.48389,175.5
2021-2-4T6:10:46,-62.15738,-58.48389,176.1
2021-2-4T6:10:56,-62.15738,-58.48389,177.6
2021-2-4T6:11:7,-62.15738,-58.48389,178.3
2021-2-4T6:11:18,-62.15738,-58.48389,178.0
2021-2-4T6:11:28,-62.15738,-58.48389,177.8
2021-2-4T6:11:39,-62.15737,-58.48388,176.4
2021-2-4T6:11:49,-62.15737,-58.48388,175.8
2021-2-4T6:12:0,-62.15738,-58.48388,174.8
2021-2-4T6:12:11,-62.15738,-58.48388,175.0
2021-2-4T6:12:21,-62.15738,-58.48388,175.3
2021-2-4T6:12:32,-62.15738,-58.48388,174.7
2021-2-4T6:12:43,-62.15738,-58.48388,175.3
2021-2-4T6:12:53,-62.15738,-58.48388,176.2
2021-2-4T6:13:4,-62.15738,-58.48387,176.5
2021-2-4T6:13:15,-62.15738,-58.48388,176.5
2021-2-4T6:13:25,-62.15738,-58.48388,176.1
2021-2-4T6:13:36,-62.15738,-58.48387,175.5
2021-2-4T6:13:47,-62.15738,-58.48387,173.8
2021-2-4T6:13:57,-62.15738,-58.48387,173.5
2021-2-4T6:14:8,-62.15738,-58.48387,173.2
2021-2-4T6:14:19,-62.15738,-58.48387,173.6
2021-2-4T6:14:29,-62.15738,-58.48387,173.5
2021-2-4T6:14:40,-62.15738,-58.48387,174.1
2021-2-4T6:14:51,-62.15738,-58.48386,174.3
2021-2-4T6:15:1,-62.15738,-58.48386,174.1
2021-2-4T6:15:12,-62.15738,-58.48386,174.0
2021-2-4T6:15:23,-62.15738,-58.48387,173.1
2021-2-4T6:15:33,-62.15738,-58.48387,172.9
2021-2-4T6:15:44,-62.15738,-58.48387,173.2
2021-2-4T6:15:54,-62.15738,-58.48387,174.2
2021-2-4T6:16:5,-62.15738,-58.48387,173.9
2021-2-4T6:16:16,-62.15738,-58.48387,172.8
2021-2-4T6:16:26,-62.15738,-58.48387,172.3
2021-2-4T6:16:37,-62.15738,-58.48387,172.5
2021-2-4T6:16:48,-62.15738,-58.48386,172.0
2021-2-4T6:16:58,-62.15738,-58.48385,170.9
2021-2-4T6:17:9,-62.15738,-58.48385,170.6
2021-2-4T6:17:19,-62.15738,-58.48385,171.0
2021-2-4T6:17:30,-62.15738,-58.48386,172.0
2021-2-4T6:17:41,-62.15738,-58.48386,172.3
2021-2-4T6:17:51,-62.15738,-58.48386,172.4
2021-2-4T6:18:2,-62.15738,-58.48386,172.1
2021-2-4T6:18:13,-62.15738,-58.48386,173.4
2021-2-4T6:18:23,-62.15738,-58.48386,174.6
2021-2-4T6:18:34,-62.15738,-58.48386,174.9
2021-2-4T6:18:44,-62.15739,-58.48386,174.4
2021-2-4T6:18:55,-62.15738,-58.48387,174.3
2021-2-4T6:19:6,-62.15738,-58.48386,174.0
2021-2-4T6:19:16,-62.15738,-58.48387,174.5
2021-2-4T6:19:27,-62.15738,-58.48387,175.3
2021-2-4T6:19:38,-62.15738,-58.48387,174.6
2021-2-4T6:19:48,-62.15738,-58.48387,174.0
2021-2-4T6:19:59,-62.15738,-58.48388,173.9
2021-2-4T6:20:9,-62.15738,-58.48388,173.3
2021-2-4T6:20:20,-62.15738,-58.48388,172.9
2021-2-4T6:20:31,-62.15738,-58.48388,173.4
2021-2-4T6:20:41,-62.15738,-58.48388,173.6
2021-2-4T6:20:52,-62.15738,-58.48388,174.4
2021-2-4T6:21:3,-62.15738,-58.48388,175.5
2021-2-4T6:21:13,-62.15738,-58.48388,175.8
2021-2-4T6:21:24,-62.15738,-58.48387,175.6
2021-2-4T6:21:35,-62.15738,-58.48388,176.1
2021-2-4T6:21:45,-62.15738,-58.48388,176.0
2021-2-4T6:21:56,-62.15738,-58.48387,174.8
2021-2-4T6:22:7,-62.15738,-58.48387,174.1
2021-2-4T6:22:17,-62.15738,-58.48388,173.9
2021-2-4T6:22:28,-62.15738,-58.48388,173.9
2021-2-4T6:22:39,-62.15738,-58.48387,174.4
2021-2-4T6:22:49,-62.15738,-58.48387,175.1
2021-2-4T6:23:0,-62.15738,-58.48387,175.8
2021-2-4T6:23:11,-62.15738,-58.48387,175.3
2021-2-4T6:23:21,-62.15738,-58.48386,174.4
2021-2-4T6:23:32,-62.15738,-58.48387,173.9
