2021-2-4T5:48:15,-62.15738,-58.48385,174.8
2021-2-4T5:48:25,-62.15738,-58.48386,175.2
2021-2-4T5:48:36,-62.15738,-58.48386,175.9
2021-2-4T5:48:47,-62.15738,-58.48385,174.8
2021-2-4T5:48:57,-62.15738,-58.48385,175.6
2021-2-4T5:49:8,-62.15738,-58.48385,176.7
2021-2-4T5:49:19,-62.15739,-58.48386,177.5
2021-2-4T5:49:29,-62.15738,-58.48386,177.6
2021-2-4T5:49:40,-62.15738,-58.48386,177.4
2021-2-4T5:49:50,-62.15739,-58.48386,176.9
2021-2-4T5:50:1,-62.15738,-58.48386,176.2
2021-2-4T5:50:12,-62.15738,-58.48387,176.4
2021-2-4T5:50:22,-62.15738,-58.48387,175.1
2021-2-4T5:50:33,-62.15738,-58.48387,174.4
2021-2-4T5:50:44,-62.15738,-58.48386,172.8
2021-2-4T5:50:54,-62.15738,-58.48386,172.8
2021-2-4T5:51:5,-62.15738,-58.48386,171.6
2021-2-4T5:51:15,-62.15738,-58.48386,171.6
2021-2-4T5:51:26,-62.15738,-58.48387,171.9
2021-2-4T5:51:37,-62.15738,-58.48386,171.8
2021-2-4T5:51:47,-62.15738,-58.48386,173.0
2021-2-4T5:51:58,-62.15738,-58.48386,173.1
2021-2-4T5:52:9,-62.15738,-58.48386,171.9
2021-2-4T5:52:19,-62.15738,-58.48386,171.5
2021-2-4T5:52:30,-62.15738,-58.48386,171.6
2021-2-4T5:52:40,-62.15738,-58.48385,172.3
2021-2-4T5:52:51,-62.15738,-58.48386,174.1
2021-2-4T5:53:2,-62.15738,-58.48386,174.0
2021-2-4T5:53:12,-62.15738,-58.48386,174.1
2021-2-4T5:53:23,-62.15738,-58.48386,174.0
2021-2-4T5:53:34,-62.15738,-58.48386,174.4
2021-2-4T5:53:44,-62.15738,-58.48386,175.3
2021-2-4T5:53:55,-62.15738,-58.48387,176.3
2021-2-4T5:54:5,-62.15739,-58.48386,175.6
2021-2-4T5:54:16,-62.15738,-58.48386,175.3
2021-2-4T5:54:27,-62.15739,-58.48386,175.9
2021-2-4T5:54:37,-62.15739,-58.48385,175.5
2021-2-4T5:54:48,-62.15738,-58.48386,175.4
2021-2-4T5:54:59,-62.15738,-58.48386,175.0
2021-2-4T5:55:9,-62.15738,-58.48386,174.1
2021-2-4T5:55:20,-62.15738,-58.48386,172.9
2021-2-4T5:55:31,-62.15738,-58.48386,173.0
2021-2-4T5:55:41,-62.15738,-58.48386,173.6
2021-2-4T5:55:52,-62.15738,-58.48385,173.8
2021-2-4T5:56:3,-62.15738,-58.48386,174.2
2021-2-4T5:56:13,-62.15739,-58.48386,174.5
2021-2-4T5:56:24,-62.15739,-58.48386,175.0
2021-2-4T5:56:35,-62.15739,-58.48387,175.9
2021-2-4T5:56:45,-62.15738,-58.48387,175.4
2021-2-4T5:56:56,-62.15738,-58.48387,174.9
2021-2-4T5:57:7,-62.15738,-58.48386,174.3
2021-2-4T5:57:17,-62.15738,-58.48387,174.4
2021-2-4T5:57:28,-62.15738,-58.48387,174.4
2021-2-4T5:57:39,-62.15738,-58.48387,175.2
2021-2-4T5:57:49,-62.15738,-58.48388,176.3
2021-2-4T5:58:0,-62.15738,-58.48387,176.5
2021-2-4T5:58:10,-62.15738,-58.48387,176.4
2021-2-4T5:58:21,-62.15739,-58.48387,176.8
2021-2-4T5:58:32,-62.15739,-58.48386,176.8
2021-2-4T5:58:42,-62.15739,-58.48386,176.4
2021-2-4T5:58:53,-62.15739,-58.48386,175.8
2021-2-4T5:59:4,-62.15739,-58.48386,175.5
2021-2-4T5:59:14,-62.15739,-58.48386,175.8
2021-2-4T5:59:25,-62.15739,-58.48386,175.8
2021-2-4T5:59:35,-62.15739,-58.48386,176.5
2021-2-4T5:59:46,-62.15738,-58.48387,178.0
2021-2-4T5:59:57,-62.15738,-58.48387,178.3
2021-2-4T6:0:7,-62.15738,-58.48387,178.1
2021-2-4T6:0:18,-62.15738,-58.48387,178.7
2021-2-4T6:0:29,-62.15738,-58.48388,179.3
2021-2-4T6:0:39,-62.15739,-58.48388,179.6
2021-2-4T6:0:50,-62.15739,-58.48389,178.8
2021-2-4T6:1:0,-62.15739,-58.48388,178.1
2021-2-4T6:1:11,-62.15739,-58.48388,177.8
2021-2-4T6:1:22,-62.15739,-58.48387,176.8
2021-2-4T6:1:32,-62.15739,-58.48386,177.8
2021-2-4T6:1:43,-62.15739,-58.48386,178.7
2021-2-4T6:1:54,-62.15739,-58.48385,178.7
2021-2-4T6:2:4,-62.15739,-58.48385,178.5
2021-2-4T6:2:15,-62.15738,-58.48386,177.7
2021-2-4T6:2:25,-62.15738,-58.48386,176.5
2021-2-4T6:2:36,-62.15738,-58.48385,175.6
2021-2-4T6:2:47,-62.15738,-58.48386,176.0
2021-2-4T6:2:57,-62.15738,-58.48386,177.0
2021-2-4T6:3:8,-62.15738,-58.48386,177.2
2021-2-4T6:3:19,-62.15738,-58.48387,177.0
2021-2-4T6:3:29,-62.15738,-58.48387,176.4
2021-2-4T6:3:40,-62.15738,-58.48387,175.5
2021-2-4T6:3:51,-62.15738,-58.48387,175.1
2021-2-4T6:4:1,-62.15738,-58.48386,175.3
2021-2-4T6:4:12,-62.15738,-58.48386,174.8
2021-2-4T6:4:23,-62.15739,-58.48386,174.0
2021-2-4T6:4:33,-62.15738,-58.48386,173.9
2021-2-4T6:4:44,-62.15738,-58.48386,172.6
2021-2-4T6:4:55,-62.15738,-58.48386,171.7
2021-2-4T6:5:5,-62.15737,-58.48387,172.2
2021-2-4T6:5:16,-62.15737,-58.48387,172.1
2021-2-4T6:5:27,-62.15737,-58.48387,172.6
2021-2-4T6:5:37,-62.15738,-58.48387,172.6
2021-2-4T6:5:48,-62.15738,-58.48387,173.9
