2021-2-4T17:44:10,-62.15739,-58.48384,176.2
2021-2-4T17:44:21,-62.15739,-58.48385,175.7
2021-2-4T17:44:32,-62.15738,-58.48385,175.8
2021-2-4T17:44:42,-62.15738,-58.48385,175.9
2021-2-4T17:44:53,-62.15738,-58.48385,175.7
2021-2-4T17:45:4,-62.15738,-58.48385,175.3
2021-2-4T17:45:14,-62.15738,-58.48384,174.8
2021-2-4T17:45:25,-62.15738,-58.48384,175.1
2021-2-4T17:45:35,-62.15738,-58.48384,175.6
2021-2-4T17:45:46,-62.15738,-58.48385,175.9
2021-2-4T17:45:56,-62.15738,-58.48385,175.8
2021-2-4T17:46:7,-62.15739,-58.48385,176.4
2021-2-4T17:46:18,-62.15739,-58.48385,177.0
2021-2-4T17:46:28,-62.15739,-58.48384,176.7
2021-2-4T17:46:39,-62.15739,-58.48385,175.5
2021-2-4T17:46:49,-62.15738,-58.48385,174.5
2021-2-4T17:47:0,-62.15738,-58.48385,174.2
2021-2-4T17:47:10,-62.15738,-58.48384,173.4
2021-2-4T17:47:21,-62.15738,-58.48384,173.3
2021-2-4T17:47:32,-62.15738,-58.48385,173.0
2021-2-4T17:47:42,-62.15738,-58.48384,173.5
2021-2-4T17:47:53,-62.15739,-58.48385,172.9
2021-2-4T17:48:3,-62.15739,-58.48385,172.7
2021-2-4T17:48:14,-62.15739,-58.48385,172.9
2021-2-4T17:48:24,-62.15738,-58.48385,173.4
2021-2-4T17:48:35,-62.15738,-58.48385,172.7
2021-2-4T17:48:46,-62.15738,-58.48385,172.2
2021-2-4T17:48:56,-62.15738,-58.48385,171.6
2021-2-4T17:49:7,-62.15738,-58.48385,171.5
2021-2-4T17:49:17,-62.15738,-58.48385,172.1
2021-2-4T17:49:28,-62.15738,-58.48385,171.8
2021-2-4T17:49:38,-62.15738,-58.48385,171.5
2021-2-4T17:49:49,-62.15738,-58.48386,171.6
2021-2-4T17:49:59,-62.15739,-58.48386,172.3
2021-2-4T17:50:10,-62.15739,-58.48386,172.3
2021-2-4T17:50:21,-62.15739,-58.48385,172.6
2021-2-4T17:50:31,-62.15739,-58.48385,172.9
2021-2-4T17:50:42,-62.15739,-58.48385,173.4
2021-2-4T17:50:52,-62.15738,-58.48385,173.9
2021-2-4T17:51:3,-62.15738,-58.48385,173.7
2021-2-4T17:51:13,-62.15738,-58.48385,173.6
2021-2-4T17:51:24,-62.15737,-58.48385,172.9
2021-2-4T17:51:35,-62.15738,-58.48385,172.8
2021-2-4T17:51:45,-62.15738,-58.48386,172.7
2021-2-4T17:51:56,-62.15738,-58.48386,172.6
2021-2-4T17:52:6,-62.15739,-58.48386,172.4
2021-2-4T17:52:17,-62.15739,-58.48385,172.4
2021-2-4T17:52:27,-62.15739,-58.48385,172.5
2021-2-4T17:52:38,-62.15739,-58.48385,173.1
2021-2-4T17:52:49,-62.15738,-58.48385,173.6
2021-2-4T17:52:59,-62.15738,-58.48385,174.8
2021-2-4T17:53:10,-62.15738,-58.48385,175.4
2021-2-4T17:53:20,-62.15738,-58.48386,175.0
2021-2-4T17:53:31,-62.15738,-58.48386,175.0
2021-2-4T17:53:41,-62.15738,-58.48386,174.7
2021-2-4T17:53:52,-62.15738,-58.48386,174.0
2021-2-4T17:54:3,-62.15738,-58.48386,173.7
2021-2-4T17:54:13,-62.15738,-58.48386,174.0
2021-2-4T17:54:24,-62.15738,-58.48386,173.9
2021-2-4T17:54:34,-62.15738,-58.48386,173.9
2021-2-4T17:54:45,-62.15738,-58.48386,174.0
2021-2-4T17:54:55,-62.15738,-58.48385,173.9
2021-2-4T17:55:6,-62.15739,-58.48385,174.2
2021-2-4T17:55:17,-62.15739,-58.48385,174.6
2021-2-4T17:55:27,-62.15739,-58.48385,174.7
2021-2-4T17:55:38,-62.15739,-58.48385,174.6
2021-2-4T17:55:48,-62.15739,-58.48384,174.5
2021-2-4T17:55:59,-62.15739,-58.48384,174.1
2021-2-4T17:56:9,-62.15739,-58.48384,174.6
2021-2-4T17:56:20,-62.15739,-58.48385,174.8
2021-2-4T17:56:31,-62.15739,-58.48385,175.3
2021-2-4T17:56:41,-62.15739,-58.48384,175.2
2021-2-4T17:56:52,-62.15739,-58.48384,175.3
2021-2-4T17:57:2,-62.15739,-58.48385,175.5
2021-2-4T17:57:13,-62.15739,-58.48385,174.5
2021-2-4T17:57:23,-62.15738,-58.48385,173.0
2021-2-4T17:57:34,-62.15738,-58.48385,172.6
2021-2-4T17:57:45,-62.15738,-58.48385,171.6
2021-2-4T17:57:55,-62.15738,-58.48385,171.8
2021-2-4T17:58:6,-62.15738,-58.48386,172.2
2021-2-4T17:58:16,-62.15738,-58.48386,171.6
2021-2-4T17:58:27,-62.15738,-58.48386,171.6
2021-2-4T17:58:37,-62.15738,-58.48386,172.9
2021-2-4T17:58:48,-62.15738,-58.48386,173.5
2021-2-4T17:58:59,-62.15738,-58.48387,173.4
2021-2-4T17:59:9,-62.15738,-58.48387,174.0
2021-2-4T17:59:20,-62.15738,-58.48386,175.7
2021-2-4T17:59:30,-62.15739,-58.48387,176.5
2021-2-4T17:59:41,-62.15739,-58.48387,176.1
2021-2-4T17:59:51,-62.15739,-58.48387,175.6
2021-2-4T18:0:2,-62.15739,-58.48386,175.0
2021-2-4T18:0:12,-62.15739,-58.48387,174.7
2021-2-4T18:0:23,-62.15738,-58.48387,173.8
2021-2-4T18:0:34,-62.15738,-58.48387,173.6
2021-2-4T18:0:44,-62.15738,-58.48386,174.0
2021-2-4T18:0:55,-62.15738,-58.48386,173.9
2021-2-4T18:1:5,-62.15738,-58.48386,173.7
2021-2-4T18:1:16,-62.15737,-58.48386,173.9
2021-2-4T18:1:26,-62.15737,-58.48385,174.0
2021-2-4T18:1:37,-62.15737,-58.48385,173.6
