2021-2-4T12:56:27,-62.15739,-58.48387,176.4
2021-2-4T12:56:38,-62.15738,-58.48387,176.4
2021-2-4T12:56:49,-62.15738,-58.48387,176.8
2021-2-4T12:56:59,-62.15738,-58.48388,177.3
2021-2-4T12:57:10,-62.15738,-58.48388,177.4
2021-2-4T12:57:21,-62.15738,-58.48388,177.0
2021-2-4T12:57:32,-62.15738,-58.48387,176.9
2021-2-4T12:57:43,-62.15738,-58.48386,176.7
2021-2-4T12:57:54,-62.15738,-58.48386,177.2
2021-2-4T12:58:5,-62.15738,-58.48386,177.2
2021-2-4T12:58:16,-62.15738,-58.48385,176.6
2021-2-4T12:58:27,-62.15738,-58.48384,175.3
2021-2-4T12:58:38,-62.15739,-58.48384,174.8
2021-2-4T12:58:49,-62.15739,-58.48384,174.9
2021-2-4T12:59:0,-62.15738,-58.48383,175.5
2021-2-4T12:59:11,-62.15738,-58.48383,176.2
2021-2-4T12:59:22,-62.15738,-58.48383,177.0
2021-2-4T12:59:33,-62.15738,-58.48383,176.9
2021-2-4T12:59:44,-62.15738,-58.48383,176.5
2021-2-4T12:59:55,-62.15738,-58.48383,177.0
2021-2-4T13:0:6,-62.15738,-58.48384,177.1
2021-2-4T13:0:17,-62.15738,-58.48385,176.9
2021-2-4T13:0:28,-62.15738,-58.48385,176.8
2021-2-4T13:0:39,-62.15738,-58.48386,176.7
2021-2-4T13:0:50,-62.15738,-58.48386,176.7
2021-2-4T13:1:1,-62.15738,-58.48387,176.8
2021-2-4T13:1:12,-62.15738,-58.48387,176.8
2021-2-4T13:1:23,-62.15738,-58.48387,177.4
2021-2-4T13:1:34,-62.15737,-58.48388,177.7
2021-2-4T13:1:45,-62.15738,-58.48387,177.7
2021-2-4T13:1:56,-62.15737,-58.48386,177.8
2021-2-4T13:2:7,-62.15738,-58.48385,177.7
2021-2-4T13:2:18,-62.15738,-58.48384,177.2
2021-2-4T13:2:29,-62.15738,-58.48384,177.0
2021-2-4T13:2:40,-62.15739,-58.48384,176.6
2021-2-4T13:2:51,-62.15738,-58.48386,176.2
2021-2-4T13:3:3,-62.15738,-58.48386,176.7
2021-2-4T13:3:14,-62.15738,-58.48386,177.2
2021-2-4T13:3:25,-62.15738,-58.48385,177.4
2021-2-4T13:3:35,-62.15738,-58.48385,177.3
2021-2-4T13:3:46,-62.15738,-58.48385,177.8
2021-2-4T13:3:57,-62.15738,-58.48384,177.9
2021-2-4T13:4:8,-62.15738,-58.48385,178.0
2021-2-4T13:4:19,-62.15738,-58.48385,177.5
2021-2-4T13:4:30,-62.15738,-58.48384,176.8
2021-2-4T13:4:41,-62.15738,-58.48384,176.2
2021-2-4T13:4:52,-62.15739,-58.48385,175.6
2021-2-4T13:5:3,-62.15739,-58.48385,175.0
2021-2-4T13:5:14,-62.15739,-58.48386,175.4
2021-2-4T13:5:25,-62.15738,-58.48386,175.9
2021-2-4T13:5:36,-62.15738,-58.48386,175.7
2021-2-4T13:5:47,-62.15738,-58.48386,175.7
2021-2-4T13:5:58,-62.15739,-58.48386,175.7
2021-2-4T13:6:9,-62.15739,-58.48386,176.3
2021-2-4T13:6:20,-62.15739,-58.48386,177.6
2021-2-4T13:6:31,-62.15738,-58.48386,179.1
2021-2-4T13:6:42,-62.15738,-58.48386,180.1
2021-2-4T13:6:53,-62.15739,-58.48386,179.4
2021-2-4T13:7:4,-62.15738,-58.48386,179.5
2021-2-4T13:7:15,-62.15738,-58.48386,179.0
2021-2-4T13:7:26,-62.15739,-58.48385,177.9
2021-2-4T13:7:37,-62.15739,-58.48385,175.6
2021-2-4T13:7:48,-62.15740,-58.48385,178.7
2021-2-4T13:7:59,-62.15741,-58.48385,180.3
2021-2-4T13:8:10,-62.15741,-58.48385,181.8
2021-2-4T13:8:21,-62.15738,-58.48385,173.0
2021-2-4T13:8:32,-62.15737,-58.48386,169.0
2021-2-4T13:8:43,-62.15739,-58.48385,174.1
2021-2-4T13:8:54,-62.15739,-58.48385,175.5
2021-2-4T13:9:5,-62.15741,-58.48385,180.4
2021-2-4T13:9:16,-62.15742,-58.48385,184.6
2021-2-4T13:9:27,-62.15742,-58.48385,184.4
2021-2-4T13:9:38,-62.15742,-58.48385,186.2
2021-2-4T13:9:49,-62.15742,-58.48385,185.0
2021-2-4T13:10:0,-62.15742,-58.48385,184.9
2021-2-4T13:10:11,-62.15742,-58.48385,183.8
2021-2-4T13:10:22,-62.15742,-58.48385,183.3
2021-2-4T13:10:32,-62.15740,-58.48383,179.9
2021-2-4T13:10:43,-62.15738,-58.48382,184.5
2021-2-4T13:10:55,-62.15738,-58.48384,184.5
2021-2-4T13:11:6,-62.15738,-58.48383,186.2
2021-2-4T13:11:17,-62.15740,-58.48382,182.9
2021-2-4T13:11:28,-62.15747,-58.48384,176.6
2021-2-4T13:11:39,-62.15753,-58.48390,176.9
2021-2-4T13:11:50,-62.15760,-58.48393,175.9
2021-2-4T13:12:1,-62.15763,-58.48385,173.7
2021-2-4T13:12:12,-62.15766,-58.48388,171.4
2021-2-4T13:12:23,-62.15766,-58.48387,172.3
2021-2-4T13:12:34,-62.15767,-58.48386,172.5
2021-2-4T13:12:45,-62.15767,-58.48386,171.8
2021-2-4T13:12:56,-62.15770,-58.48385,182.5
2021-2-4T13:13:7,-62.15768,-58.48385,177.3
2021-2-4T13:13:18,-62.15768,-58.48385,178.1
2021-2-4T13:13:29,-62.15768,-58.48385,177.7
2021-2-4T13:13:40,-62.15767,-58.48384,175.8
2021-2-4T13:13:51,-62.15766,-58.48384,173.0
2021-2-4T13:14:2,-62.15767,-58.48385,173.5
2021-2-4T13:14:13,-62.15766,-58.48385,172.3
2021-2-4T13:14:24,-62.15766,-58.48385,173.6
2021-2-4T13:14:35,-62.15766,-58.48384,173.6
