2021-2-4T20:57:57,-62.15737,-58.48387,174.1
2021-2-4T20:58:8,-62.15737,-58.48387,174.0
2021-2-4T20:58:19,-62.15737,-58.48387,174.2
2021-2-4T20:58:29,-62.15737,-58.48387,174.2
2021-2-4T20:58:40,-62.15737,-58.48387,174.5
2021-2-4T20:58:51,-62.15737,-58.48386,174.3
2021-2-4T20:59:1,-62.15737,-58.48386,173.5
2021-2-4T20:59:12,-62.15737,-58.48385,173.0
2021-2-4T20:59:22,-62.15737,-58.48385,172.6
2021-2-4T20:59:33,-62.15737,-58.48386,172.3
2021-2-4T20:59:43,-62.15737,-58.48386,172.7
2021-2-4T20:59:54,-62.15737,-58.48386,173.1
2021-2-4T21:0:5,-62.15737,-58.48386,172.2
2021-2-4T21:0:15,-62.15736,-58.48386,172.2
2021-2-4T21:0:26,-62.15736,-58.48385,172.1
2021-2-4T21:0:36,-62.15736,-58.48385,172.0
2021-2-4T21:0:47,-62.15736,-58.48385,171.7
2021-2-4T21:0:57,-62.15736,-58.48386,171.3
2021-2-4T21:1:8,-62.15736,-58.48386,171.8
2021-2-4T21:1:18,-62.15737,-58.48387,172.6
2021-2-4T21:1:29,-62.15737,-58.48387,173.1
2021-2-4T21:1:40,-62.15737,-58.48387,173.1
2021-2-4T21:1:50,-62.15737,-58.48387,172.5
2021-2-4T21:2:1,-62.15737,-58.48387,172.3
2021-2-4T21:2:11,-62.15737,-58.48386,172.7
2021-2-4T21:2:22,-62.15737,-58.48386,172.8
2021-2-4T21:2:32,-62.15737,-58.48387,173.4
2021-2-4T21:2:43,-62.15737,-58.48386,173.5
2021-2-4T21:2:54,-62.15737,-58.48386,173.6
2021-2-4T21:3:4,-62.15737,-58.48386,173.8
2021-2-4T21:3:15,-62.15737,-58.48386,173.9
2021-2-4T21:3:25,-62.15737,-58.48385,173.5
2021-2-4T21:3:36,-62.15737,-58.48384,173.3
2021-2-4T21:3:46,-62.15737,-58.48384,173.4
2021-2-4T21:3:57,-62.15737,-58.48385,174.1
2021-2-4T21:4:7,-62.15737,-58.48385,174.2
2021-2-4T21:4:18,-62.15737,-58.48386,174.7
2021-2-4T21:4:29,-62.15737,-58.48387,174.1
2021-2-4T21:4:39,-62.15737,-58.48387,174.1
2021-2-4T21:4:50,-62.15737,-58.48387,174.2
2021-2-4T21:5:0,-62.15737,-58.48386,174.4
2021-2-4T21:5:11,-62.15737,-58.48387,175.3
2021-2-4T21:5:21,-62.15737,-58.48386,175.4
2021-2-4T21:5:32,-62.15737,-58.48387,175.8
2021-2-4T21:5:43,-62.15737,-58.48387,176.3
2021-2-4T21:5:53,-62.15737,-58.48387,176.0
2021-2-4T21:6:4,-62.15737,-58.48386,175.7
2021-2-4T21:6:14,-62.15737,-58.48386,175.2
2021-2-4T21:6:25,-62.15737,-58.48386,174.8
2021-2-4T21:6:35,-62.15737,-58.48386,174.7
2021-2-4T21:6:46,-62.15737,-58.48387,175.0
2021-2-4T21:6:57,-62.15737,-58.48387,174.7
2021-2-4T21:7:7,-62.15738,-58.48387,174.7
2021-2-4T21:7:18,-62.15738,-58.48387,174.3
2021-2-4T21:7:28,-62.15738,-58.48387,174.4
2021-2-4T21:7:39,-62.15738,-58.48387,174.5
2021-2-4T21:7:49,-62.15737,-58.48387,174.2
2021-2-4T21:8:0,-62.15737,-58.48387,173.7
2021-2-4T21:8:10,-62.15737,-58.48387,173.8
2021-2-4T21:8:21,-62.15737,-58.48387,173.8
2021-2-4T21:8:32,-62.15737,-58.48387,173.3
2021-2-4T21:8:42,-62.15737,-58.48388,173.7
2021-2-4T21:8:53,-62.15737,-58.48388,174.0
2021-2-4T21:9:3,-62.15737,-58.48389,173.9
2021-2-4T21:9:14,-62.15737,-58.48388,173.7
2021-2-4T21:9:24,-62.15737,-58.48388,173.5
2021-2-4T21:9:35,-62.15737,-58.48388,173.4
2021-2-4T21:9:46,-62.15737,-58.48388,172.7
2021-2-4T21:9:56,-62.15738,-58.48387,172.8
2021-2-4T21:10:7,-62.15738,-58.48387,173.1
2021-2-4T21:10:17,-62.15738,-58.48387,174.1
2021-2-4T21:10:28,-62.15738,-58.48388,174.6
2021-2-4T21:10:38,-62.15738,-58.48388,175.1
2021-2-4T21:10:49,-62.15738,-58.48388,175.2
2021-2-4T21:11:0,-62.15738,-58.48389,175.2
2021-2-4T21:11:10,-62.15738,-58.48389,175.2
2021-2-4T21:11:21,-62.15738,-58.48388,174.6
2021-2-4T21:11:31,-62.15738,-58.48388,174.3
2021-2-4T21:11:42,-62.15738,-58.48388,174.5
2021-2-4T21:11:52,-62.15739,-58.48388,174.9
2021-2-4T21:12:3,-62.15739,-58.48388,175.2
2021-2-4T21:12:13,-62.15739,-58.48389,174.8
2021-2-4T21:12:24,-62.15739,-58.48388,174.2
2021-2-4T21:12:35,-62.15738,-58.48387,174.3
2021-2-4T21:12:45,-62.15738,-58.48387,174.4
2021-2-4T21:12:56,-62.15738,-58.48386,174.7
2021-2-4T21:13:6,-62.15738,-58.48387,174.6
2021-2-4T21:13:17,-62.15738,-58.48387,174.3
2021-2-4T21:13:27,-62.15738,-58.48387,173.6
2021-2-4T21:13:38,-62.15738,-58.48387,173.6
2021-2-4T21:13:49,-62.15738,-58.48386,172.9
2021-2-4T21:13:59,-62.15738,-58.48386,173.2
2021-2-4T21:14:10,-62.15738,-58.48387,173.0
2021-2-4T21:14:20,-62.15737,-58.48388,174.1
2021-2-4T21:14:31,-62.15738,-58.48388,174.2
2021-2-4T21:14:41,-62.15738,-58.48387,174.3
2021-2-4T21:14:52,-62.15738,-58.48387,174.5
2021-2-4T21:15:3,-62.15738,-58.48387,174.8
2021-2-4T21:15:13,-62.15738,-58.48387,174.9
2021-2-4T21:15:24,-62.15738,-58.48386,175.0
