2021-2-4T16:51:39,-62.15738,-58.48387,174.7
2021-2-4T16:51:50,-62.15738,-58.48386,175.0
2021-2-4T16:52:0,-62.15738,-58.48386,175.0
2021-2-4T16:52:11,-62.15738,-58.48386,175.4
2021-2-4T16:52:21,-62.15738,-58.48385,175.2
2021-2-4T16:52:32,-62.15738,-58.48386,174.8
2021-2-4T16:52:42,-62.15738,-58.48387,174.5
2021-2-4T16:52:53,-62.15738,-58.48387,174.8
2021-2-4T16:53:3,-62.15738,-58.48388,174.7
2021-2-4T16:53:14,-62.15738,-58.48388,174.9
2021-2-4T16:53:24,-62.15738,-58.48388,174.6
2021-2-4T16:53:35,-62.15738,-58.48388,174.4
2021-2-4T16:53:45,-62.15737,-58.48387,173.9
2021-2-4T16:53:56,-62.15737,-58.48387,173.5
2021-2-4T16:54:6,-62.15737,-58.48387,173.7
2021-2-4T16:54:17,-62.15737,-58.48387,173.3
2021-2-4T16:54:27,-62.15737,-58.48387,173.2
2021-2-4T16:54:38,-62.15737,-58.48387,173.3
2021-2-4T16:54:48,-62.15737,-58.48388,173.0
2021-2-4T16:54:59,-62.15737,-58.48388,172.8
2021-2-4T16:55:9,-62.15737,-58.48387,173.2
2021-2-4T16:55:20,-62.15738,-58.48387,174.3
2021-2-4T16:55:30,-62.15738,-58.48386,174.7
2021-2-4T16:55:41,-62.15738,-58.48387,174.7
2021-2-4T16:55:51,-62.15738,-58.48387,174.3
2021-2-4T16:56:2,-62.15738,-58.48387,174.1
2021-2-4T16:56:12,-62.15737,-58.48387,173.7
2021-2-4T16:56:23,-62.15738,-58.48387,173.5
2021-2-4T16:56:33,-62.15738,-58.48387,173.8
2021-2-4T16:56:44,-62.15738,-58.48387,174.0
2021-2-4T16:56:54,-62.15738,-58.48387,173.9
2021-2-4T16:57:5,-62.15738,-58.48387,173.3
2021-2-4T16:57:15,-62.15738,-58.48387,173.4
2021-2-4T16:57:26,-62.15738,-58.48387,172.9
2021-2-4T16:57:36,-62.15738,-58.48387,172.8
2021-2-4T16:57:47,-62.15738,-58.48387,173.7
2021-2-4T16:57:57,-62.15738,-58.48386,174.3
2021-2-4T16:58:8,-62.15738,-58.48386,175.6
2021-2-4T16:58:18,-62.15738,-58.48387,176.7
2021-2-4T16:58:29,-62.15738,-58.48387,176.6
2021-2-4T16:58:39,-62.15738,-58.48386,176.5
2021-2-4T16:58:50,-62.15738,-58.48386,176.2
2021-2-4T16:59:0,-62.15738,-58.48387,175.2
2021-2-4T16:59:11,-62.15738,-58.48386,174.5
2021-2-4T16:59:21,-62.15738,-58.48386,174.7
2021-2-4T16:59:32,-62.15738,-58.48387,174.8
2021-2-4T16:59:42,-62.15738,-58.48387,175.0
2021-2-4T16:59:53,-62.15738,-58.48388,175.8
2021-2-4T17:0:3,-62.15738,-58.48388,176.1
2021-2-4T17:0:14,-62.15738,-58.48389,176.4
2021-2-4T17:0:24,-62.15739,-58.48389,177.3
2021-2-4T17:0:35,-62.15739,-58.48390,177.6
2021-2-4T17:0:45,-62.15739,-58.48390,178.0
2021-2-4T17:0:56,-62.15739,-58.48390,177.9
2021-2-4T17:1:6,-62.15739,-58.48390,178.2
2021-2-4T17:1:17,-62.15739,-58.48390,177.7
2021-2-4T17:1:27,-62.15739,-58.48390,177.4
2021-2-4T17:1:38,-62.15739,-58.48390,177.0
2021-2-4T17:1:48,-62.15739,-58.48389,176.8
2021-2-4T17:1:59,-62.15739,-58.48389,177.1
2021-2-4T17:2:9,-62.15739,-58.48390,177.9
2021-2-4T17:2:20,-62.15740,-58.48391,179.0
2021-2-4T17:2:30,-62.15740,-58.48391,179.4
2021-2-4T17:2:41,-62.15740,-58.48391,179.4
2021-2-4T17:2:51,-62.15740,-58.48390,178.5
2021-2-4T17:3:2,-62.15739,-58.48389,177.7
2021-2-4T17:3:12,-62.15739,-58.48389,177.2
2021-2-4T17:3:23,-62.15739,-58.48389,177.8
2021-2-4T17:3:33,-62.15739,-58.48389,177.4
2021-2-4T17:3:44,-62.15739,-58.48389,177.0
2021-2-4T17:3:54,-62.15739,-58.48389,176.7
2021-2-4T17:4:5,-62.15738,-58.48389,176.7
2021-2-4T17:4:15,-62.15739,-58.48390,177.7
2021-2-4T17:4:26,-62.15738,-58.48389,177.3
2021-2-4T17:4:36,-62.15738,-58.48389,176.4
2021-2-4T17:4:47,-62.15738,-58.48389,176.6
2021-2-4T17:4:57,-62.15739,-58.48389,177.9
2021-2-4T17:5:8,-62.15739,-58.48390,178.4
2021-2-4T17:5:18,-62.15739,-58.48390,179.2
2021-2-4T17:5:29,-62.15739,-58.48390,180.1
2021-2-4T17:5:39,-62.15739,-58.48390,180.6
2021-2-4T17:5:50,-62.15739,-58.48389,179.6
2021-2-4T17:6:0,-62.15739,-58.48389,178.9
2021-2-4T17:6:11,-62.15738,-58.48390,178.8
2021-2-4T17:6:21,-62.15738,-58.48390,177.8
2021-2-4T17:6:32,-62.15738,-58.48390,178.3
2021-2-4T17:6:42,-62.15738,-58.48390,178.2
2021-2-4T17:6:53,-62.15738,-58.48390,178.3
2021-2-4T17:7:3,-62.15738,-58.48390,177.9
2021-2-4T17:7:14,-62.15738,-58.48389,177.9
2021-2-4T17:7:24,-62.15738,-58.48390,178.6
2021-2-4T17:7:35,-62.15738,-58.48389,179.5
2021-2-4T17:7:45,-62.15739,-58.48389,179.4
2021-2-4T17:7:56,-62.15739,-58.48389,179.7
2021-2-4T17:8:6,-62.15739,-58.48389,179.4
2021-2-4T17:8:17,-62.15738,-58.48388,178.9
2021-2-4T17:8:27,-62.15738,-58.48388,178.1
2021-2-4T17:8:38,-62.15738,-58.48388,177.8
2021-2-4T17:8:48,-62.15738,-58.48388,177.5
2021-2-4T17:8:59,-62.15738,-58.48388,176.5
