2021-2-4T4:1:51,-62.15739,-58.48383,176.3
2021-2-4T4:2:1,-62.15739,-58.48383,176.6
2021-2-4T4:2:12,-62.15739,-58.48383,176.0
2021-2-4T4:2:23,-62.15739,-58.48383,176.0
2021-2-4T4:2:33,-62.15739,-58.48383,176.2
2021-2-4T4:2:44,-62.15739,-58.48382,175.7
2021-2-4T4:2:55,-62.15739,-58.48383,175.9
2021-2-4T4:3:5,-62.15739,-58.48382,176.4
2021-2-4T4:3:16,-62.15739,-58.48383,176.8
2021-2-4T4:3:27,-62.15738,-58.48384,177.4
2021-2-4T4:3:37,-62.15738,-58.48384,177.3
2021-2-4T4:3:48,-62.15738,-58.48383,177.5
2021-2-4T4:3:58,-62.15738,-58.48384,177.4
2021-2-4T4:4:9,-62.15738,-58.48384,177.0
2021-2-4T4:4:20,-62.15738,-58.48384,177.1
2021-2-4T4:4:30,-62.15738,-58.48384,176.9
2021-2-4T4:4:41,-62.15737,-58.48384,176.1
2021-2-4T4:4:52,-62.15737,-58.48383,175.8
2021-2-4T4:5:2,-62.15737,-58.48383,176.4
2021-2-4T4:5:13,-62.15738,-58.48382,177.0
2021-2-4T4:5:23,-62.15738,-58.48382,177.9
2021-2-4T4:5:34,-62.15738,-58.48382,178.1
2021-2-4T4:5:45,-62.15739,-58.48383,179.1
2021-2-4T4:5:55,-62.15738,-58.48382,179.3
2021-2-4T4:6:6,-62.15738,-58.48382,179.0
2021-2-4T4:6:17,-62.15738,-58.48382,179.1
2021-2-4T4:6:27,-62.15738,-58.48383,179.0
2021-2-4T4:6:38,-62.15738,-58.48383,178.2
2021-2-4T4:6:48,-62.15738,-58.48383,178.1
2021-2-4T4:6:59,-62.15738,-58.48383,178.1
2021-2-4T4:7:10,-62.15738,-58.48383,177.3
2021-2-4T4:7:20,-62.15738,-58.48383,177.5
2021-2-4T4:7:31,-62.15738,-58.48383,177.3
2021-2-4T4:7:41,-62.15738,-58.48383,177.3
2021-2-4T4:7:52,-62.15738,-58.48382,177.8
2021-2-4T4:8:3,-62.15739,-58.48383,178.1
2021-2-4T4:8:13,-62.15738,-58.48383,178.3
2021-2-4T4:8:24,-62.15739,-58.48383,179.1
2021-2-4T4:8:35,-62.15739,-58.48382,180.1
2021-2-4T4:8:45,-62.15739,-58.48383,180.1
2021-2-4T4:8:56,-62.15739,-58.48383,180.2
2021-2-4T4:9:7,-62.15740,-58.48383,179.8
2021-2-4T4:9:17,-62.15739,-58.48383,179.3
2021-2-4T4:9:28,-62.15740,-58.48383,179.4
2021-2-4T4:9:39,-62.15739,-58.48383,178.7
2021-2-4T4:9:49,-62.15739,-58.48383,177.8
2021-2-4T4:10:0,-62.15739,-58.48383,178.7
2021-2-4T4:10:11,-62.15739,-58.48382,179.3
2021-2-4T4:10:21,-62.15739,-58.48382,179.5
2021-2-4T4:10:32,-62.15739,-58.48382,179.9
2021-2-4T4:10:43,-62.15740,-58.48381,180.9
2021-2-4T4:10:53,-62.15739,-58.48380,180.9
2021-2-4T4:11:4,-62.15740,-58.48381,180.3
2021-2-4T4:11:15,-62.15739,-58.48381,178.9
2021-2-4T4:11:25,-62.15739,-58.48381,178.4
2021-2-4T4:11:36,-62.15739,-58.48381,178.3
2021-2-4T4:11:46,-62.15739,-58.48381,177.9
2021-2-4T4:11:57,-62.15739,-58.48380,177.6
2021-2-4T4:12:8,-62.15739,-58.48381,177.3
2021-2-4T4:12:18,-62.15738,-58.48381,177.3
2021-2-4T4:12:29,-62.15738,-58.48382,177.4
2021-2-4T4:12:40,-62.15738,-58.48382,178.0
2021-2-4T4:12:50,-62.15738,-58.48383,177.4
2021-2-4T4:13:1,-62.15738,-58.48384,176.7
2021-2-4T4:13:11,-62.15737,-58.48384,176.2
2021-2-4T4:13:22,-62.15738,-58.48385,176.0
2021-2-4T4:13:33,-62.15738,-58.48384,175.8
2021-2-4T4:13:43,-62.15738,-58.48384,176.3
2021-2-4T4:13:54,-62.15738,-58.48383,177.2
2021-2-4T4:14:5,-62.15739,-58.48382,178.0
2021-2-4T4:14:15,-62.15739,-58.48381,178.3
2021-2-4T4:14:26,-62.15739,-58.48380,178.8
2021-2-4T4:14:36,-62.15739,-58.48380,179.1
2021-2-4T4:14:47,-62.15740,-58.48380,179.0
2021-2-4T4:14:58,-62.15739,-58.48379,178.8
2021-2-4T4:15:8,-62.15740,-58.48379,179.0
2021-2-4T4:15:19,-62.15739,-58.48380,178.6
2021-2-4T4:15:30,-62.15739,-58.48381,178.7
2021-2-4T4:15:40,-62.15740,-58.48381,178.9
2021-2-4T4:15:51,-62.15740,-58.48381,178.5
2021-2-4T4:16:1,-62.15740,-58.48381,178.0
2021-2-4T4:16:12,-62.15739,-58.48382,177.9
2021-2-4T4:16:23,-62.15739,-58.48382,177.9
2021-2-4T4:16:33,-62.15739,-58.48382,177.9
2021-2-4T4:16:44,-62.15739,-58.48382,177.4
2021-2-4T4:16:55,-62.15738,-58.48382,176.6
2021-2-4T4:17:5,-62.15738,-58.48383,176.4
2021-2-4T4:17:16,-62.15738,-58.48383,176.6
2021-2-4T4:17:27,-62.15738,-58.48382,177.1
2021-2-4T4:17:37,-62.15738,-58.48382,177.4
2021-2-4T4:17:48,-62.15738,-58.48382,177.3
2021-2-4T4:17:59,-62.15738,-58.48383,177.0
2021-2-4T4:18:9,-62.15738,-58.48383,176.1
2021-2-4T4:18:20,-62.15738,-58.48384,175.6
2021-2-4T4:18:31,-62.15738,-58.48384,175.8
2021-2-4T4:18:41,-62.15738,-58.48384,176.5
2021-2-4T4:18:52,-62.15738,-58.48384,176.9
2021-2-4T4:19:3,-62.15739,-58.48382,177.2
2021-2-4T4:19:13,-62.15739,-58.48382,177.7
2021-2-4T4:19:24,-62.15739,-58.48382,177.6
