2021-2-4T21:50:48,-62.15738,-58.48388,174.2
2021-2-4T21:50:59,-62.15738,-58.48388,174.3
2021-2-4T21:51:10,-62.15738,-58.48387,174.5
2021-2-4T21:51:20,-62.15739,-58.48386,174.2
2021-2-4T21:51:31,-62.15739,-58.48386,174.3
2021-2-4T21:51:41,-62.15739,-58.48387,174.4
2021-2-4T21:51:52,-62.15738,-58.48387,174.8
2021-2-4T21:52:3,-62.15739,-58.48387,175.0
2021-2-4T21:52:13,-62.15739,-58.48388,175.7
2021-2-4T21:52:24,-62.15739,-58.48387,175.5
2021-2-4T21:52:34,-62.15738,-58.48387,176.4
2021-2-4T21:52:45,-62.15738,-58.48387,176.5
2021-2-4T21:52:55,-62.15738,-58.48387,176.9
2021-2-4T21:53:6,-62.15738,-58.48387,176.9
2021-2-4T21:53:16,-62.15738,-58.48387,176.8
2021-2-4T21:53:27,-62.15738,-58.48387,175.7
2021-2-4T21:53:38,-62.15738,-58.48387,175.3
2021-2-4T21:53:48,-62.15738,-58.48388,175.5
2021-2-4T21:53:59,-62.15738,-58.48388,175.5
2021-2-4T21:54:9,-62.15738,-58.48388,175.7
2021-2-4T21:54:20,-62.15738,-58.48388,175.7
2021-2-4T21:54:30,-62.15738,-58.48388,176.7
2021-2-4T21:54:41,-62.15739,-58.48388,177.2
2021-2-4T21:54:52,-62.15739,-58.48387,176.8
2021-2-4T21:55:2,-62.15740,-58.48387,176.7
2021-2-4T21:55:13,-62.15740,-58.48386,176.8
2021-2-4T21:55:23,-62.15740,-58.48386,176.8
2021-2-4T21:55:34,-62.15739,-58.48387,177.5
2021-2-4T21:55:44,-62.15739,-58.48388,177.5
2021-2-4T21:55:55,-62.15738,-58.48388,177.3
2021-2-4T21:56:5,-62.15738,-58.48389,178.4
2021-2-4T21:56:16,-62.15738,-58.48389,178.3
2021-2-4T21:56:27,-62.15738,-58.48389,178.1
2021-2-4T21:56:37,-62.15738,-58.48389,179.0
2021-2-4T21:56:48,-62.15738,-58.48389,180.0
2021-2-4T21:56:58,-62.15738,-58.48388,179.4
2021-2-4T21:57:9,-62.15739,-58.48388,178.6
2021-2-4T21:57:19,-62.15739,-58.48388,178.0
2021-2-4T21:57:30,-62.15739,-58.48388,177.2
2021-2-4T21:57:41,-62.15739,-58.48387,175.7
2021-2-4T21:57:51,-62.15739,-58.48387,175.4
2021-2-4T21:58:2,-62.15739,-58.48387,175.5
2021-2-4T21:58:12,-62.15739,-58.48387,175.7
2021-2-4T21:58:23,-62.15740,-58.48387,176.1
2021-2-4T21:58:33,-62.15740,-58.48387,176.1
2021-2-4T21:58:44,-62.15740,-58.48388,176.5
2021-2-4T21:58:55,-62.15740,-58.48388,176.3
2021-2-4T21:59:5,-62.15739,-58.48389,176.8
2021-2-4T21:59:16,-62.15739,-58.48389,177.0
2021-2-4T21:59:26,-62.15739,-58.48389,176.5
2021-2-4T21:59:37,-62.15739,-58.48388,175.9
2021-2-4T21:59:47,-62.15739,-58.48388,176.1
2021-2-4T21:59:58,-62.15739,-58.48389,177.3
2021-2-4T22:0:8,-62.15739,-58.48389,177.1
2021-2-4T22:0:19,-62.15739,-58.48389,176.4
2021-2-4T22:0:30,-62.15738,-58.48388,176.7
2021-2-4T22:0:40,-62.15739,-58.48388,176.8
2021-2-4T22:0:51,-62.15739,-58.48388,177.0
2021-2-4T22:1:1,-62.15739,-58.48389,176.9
2021-2-4T22:1:12,-62.15738,-58.48389,177.0
2021-2-4T22:1:22,-62.15738,-58.48389,177.3
2021-2-4T22:1:33,-62.15737,-58.48389,177.0
2021-2-4T22:1:44,-62.15737,-58.48389,176.7
2021-2-4T22:1:54,-62.15737,-58.48389,177.1
2021-2-4T22:2:5,-62.15737,-58.48390,176.8
2021-2-4T22:2:15,-62.15737,-58.48389,177.0
2021-2-4T22:2:26,-62.15737,-58.48388,176.2
2021-2-4T22:2:36,-62.15738,-58.48389,176.2
2021-2-4T22:2:47,-62.15738,-58.48388,175.8
2021-2-4T22:2:57,-62.15738,-58.48387,175.8
2021-2-4T22:3:8,-62.15739,-58.48387,175.8
2021-2-4T22:3:19,-62.15739,-58.48386,175.8
2021-2-4T22:3:29,-62.15739,-58.48385,175.4
2021-2-4T22:3:40,-62.15739,-58.48386,175.3
2021-2-4T22:3:50,-62.15739,-58.48386,175.7
2021-2-4T22:4:1,-62.15738,-58.48387,175.6
2021-2-4T22:4:11,-62.15738,-58.48387,175.5
2021-2-4T22:4:22,-62.15738,-58.48387,175.3
2021-2-4T22:4:33,-62.15738,-58.48386,174.7
2021-2-4T22:4:43,-62.15738,-58.48386,174.4
2021-2-4T22:4:54,-62.15738,-58.48386,174.5
2021-2-4T22:5:4,-62.15737,-58.48387,174.7
2021-2-4T22:5:15,-62.15737,-58.48386,175.1
2021-2-4T22:5:25,-62.15738,-58.48385,175.5
2021-2-4T22:5:36,-62.15738,-58.48386,176.7
2021-2-4T22:5:46,-62.15739,-58.48385,177.5
2021-2-4T22:5:57,-62.15739,-58.48386,177.7
2021-2-4T22:6:8,-62.15739,-58.48387,178.0
2021-2-4T22:6:18,-62.15739,-58.48387,177.8
2021-2-4T22:6:29,-62.15738,-58.48387,177.8
2021-2-4T22:6:39,-62.15738,-58.48387,178.1
2021-2-4T22:6:50,-62.15739,-58.48387,177.7
2021-2-4T22:7:0,-62.15739,-58.48387,177.5
2021-2-4T22:7:11,-62.15739,-58.48387,177.4
2021-2-4T22:7:22,-62.15739,-58.48387,177.3
2021-2-4T22:7:32,-62.15739,-58.48387,177.3
2021-2-4T22:7:43,-62.15739,-58.48388,177.4
2021-2-4T22:7:53,-62.15739,-58.48388,176.9
2021-2-4T22:8:4,-62.15739,-58.48387,176.1
2021-2-4T22:8:14,-62.15739,-58.48388,176.3
