2021-2-4T3:44:6,-62.15738,-58.48386,178.6
2021-2-4T3:44:17,-62.15738,-58.48386,178.8
2021-2-4T3:44:28,-62.15738,-58.48385,178.0
2021-2-4T3:44:39,-62.15737,-58.48385,177.1
2021-2-4T3:44:49,-62.15737,-58.48384,176.4
2021-2-4T3:45:0,-62.15738,-58.48383,176.1
2021-2-4T3:45:11,-62.15738,-58.48383,175.6
2021-2-4T3:45:21,-62.15737,-58.48383,174.9
2021-2-4T3:45:32,-62.15738,-58.48383,174.8
2021-2-4T3:45:42,-62.15738,-58.48383,174.8
2021-2-4T3:45:53,-62.15738,-58.48384,175.2
2021-2-4T3:46:4,-62.15738,-58.48383,174.7
2021-2-4T3:46:14,-62.15738,-58.48383,174.6
2021-2-4T3:46:25,-62.15738,-58.48383,174.7
2021-2-4T3:46:36,-62.15738,-58.48384,175.7
2021-2-4T3:46:46,-62.15738,-58.48384,175.6
2021-2-4T3:46:57,-62.15737,-58.48384,175.2
2021-2-4T3:47:7,-62.15737,-58.48384,175.6
2021-2-4T3:47:18,-62.15737,-58.48385,175.4
2021-2-4T3:47:29,-62.15737,-58.48386,174.9
2021-2-4T3:47:39,-62.15736,-58.48385,174.3
2021-2-4T3:47:50,-62.15737,-58.48384,174.1
2021-2-4T3:48:1,-62.15737,-58.48383,174.7
2021-2-4T3:48:11,-62.15737,-58.48383,175.0
2021-2-4T3:48:22,-62.15738,-58.48383,175.1
2021-2-4T3:48:32,-62.15737,-58.48384,175.1
2021-2-4T3:48:43,-62.15738,-58.48385,176.1
2021-2-4T3:48:54,-62.15738,-58.48385,177.4
2021-2-4T3:49:4,-62.15738,-58.48385,177.2
2021-2-4T3:49:15,-62.15738,-58.48385,176.6
2021-2-4T3:49:26,-62.15738,-58.48385,177.4
2021-2-4T3:49:36,-62.15738,-58.48385,178.4
2021-2-4T3:49:47,-62.15738,-58.48385,178.8
2021-2-4T3:49:57,-62.15738,-58.48385,179.2
2021-2-4T3:50:8,-62.15738,-58.48385,179.8
2021-2-4T3:50:19,-62.15739,-58.48385,180.6
2021-2-4T3:50:29,-62.15739,-58.48385,180.0
2021-2-4T3:50:40,-62.15739,-58.48385,179.2
2021-2-4T3:50:51,-62.15739,-58.48385,178.1
2021-2-4T3:51:1,-62.15738,-58.48385,177.7
2021-2-4T3:51:12,-62.15738,-58.48385,177.7
2021-2-4T3:51:23,-62.15737,-58.48385,177.3
2021-2-4T3:51:33,-62.15737,-58.48385,176.2
2021-2-4T3:51:44,-62.15737,-58.48386,176.0
2021-2-4T3:51:55,-62.15737,-58.48386,176.1
2021-2-4T3:52:5,-62.15738,-58.48385,176.1
2021-2-4T3:52:16,-62.15738,-58.48385,176.1
2021-2-4T3:52:27,-62.15738,-58.48386,177.5
2021-2-4T3:52:37,-62.15739,-58.48386,178.6
2021-2-4T3:52:48,-62.15738,-58.48386,178.6
2021-2-4T3:52:59,-62.15738,-58.48385,178.2
2021-2-4T3:53:9,-62.15738,-58.48385,176.6
2021-2-4T3:53:20,-62.15737,-58.48385,175.5
2021-2-4T3:53:31,-62.15737,-58.48384,174.1
2021-2-4T3:53:41,-62.15737,-58.48384,173.5
2021-2-4T3:53:52,-62.15737,-58.48384,174.3
2021-2-4T3:54:2,-62.15737,-58.48384,175.8
2021-2-4T3:54:13,-62.15738,-58.48383,177.3
2021-2-4T3:54:24,-62.15738,-58.48383,178.2
2021-2-4T3:54:34,-62.15738,-58.48383,178.5
2021-2-4T3:54:45,-62.15738,-58.48383,178.0
2021-2-4T3:54:56,-62.15738,-58.48383,178.0
2021-2-4T3:55:6,-62.15738,-58.48383,177.2
2021-2-4T3:55:17,-62.15738,-58.48384,176.3
2021-2-4T3:55:27,-62.15737,-58.48384,175.8
2021-2-4T3:55:38,-62.15737,-58.48385,176.2
2021-2-4T3:55:49,-62.15737,-58.48385,176.6
2021-2-4T3:55:59,-62.15737,-58.48385,176.3
2021-2-4T3:56:10,-62.15737,-58.48385,176.6
2021-2-4T3:56:21,-62.15738,-58.48385,177.1
2021-2-4T3:56:31,-62.15738,-58.48385,177.5
2021-2-4T3:56:42,-62.15738,-58.48385,177.7
2021-2-4T3:56:52,-62.15738,-58.48385,177.9
2021-2-4T3:57:3,-62.15739,-58.48385,177.9
2021-2-4T3:57:14,-62.15739,-58.48384,177.4
2021-2-4T3:57:24,-62.15738,-58.48383,176.8
2021-2-4T3:57:35,-62.15738,-58.48384,176.5
2021-2-4T3:57:46,-62.15738,-58.48384,176.9
2021-2-4T3:57:56,-62.15738,-58.48385,176.9
2021-2-4T3:58:7,-62.15738,-58.48385,177.4
2021-2-4T3:58:17,-62.15738,-58.48384,177.7
2021-2-4T3:58:28,-62.15738,-58.48384,177.7
2021-2-4T3:58:39,-62.15738,-58.48384,177.9
2021-2-4T3:58:49,-62.15738,-58.48384,177.6
2021-2-4T3:59:0,-62.15738,-58.48386,177.2
2021-2-4T3:59:11,-62.15738,-58.48386,176.8
2021-2-4T3:59:21,-62.15738,-58.48385,177.6
2021-2-4T3:59:32,-62.15738,-58.48384,178.0
2021-2-4T3:59:43,-62.15739,-58.48384,178.4
2021-2-4T3:59:53,-62.15739,-58.48384,178.7
2021-2-4T4:0:4,-62.15739,-58.48383,178.7
2021-2-4T4:0:15,-62.15739,-58.48383,178.0
2021-2-4T4:0:25,-62.15739,-58.48382,177.5
2021-2-4T4:0:36,-62.15739,-58.48383,177.8
2021-2-4T4:0:47,-62.15739,-58.48383,178.5
2021-2-4T4:0:57,-62.15739,-58.48384,178.8
2021-2-4T4:1:8,-62.15739,-58.48384,179.3
2021-2-4T4:1:19,-62.15739,-58.48384,178.9
2021-2-4T4:1:29,-62.15739,-58.48384,177.5
2021-2-4T4:1:40,-62.15739,-58.48383,176.7
