2021-2-4T11:7:46,-62.15737,-58.48388,173.9
2021-2-4T11:7:57,-62.15737,-58.48387,175.0
2021-2-4T11:8:7,-62.15738,-58.48386,176.0
2021-2-4T11:8:18,-62.15738,-58.48385,176.2
2021-2-4T11:8:29,-62.15738,-58.48384,176.4
2021-2-4T11:8:39,-62.15738,-58.48384,176.7
2021-2-4T11:8:50,-62.15738,-58.48384,176.1
2021-2-4T11:9:1,-62.15738,-58.48384,175.3
2021-2-4T11:9:11,-62.15738,-58.48383,175.4
2021-2-4T11:9:22,-62.15738,-58.48383,176.2
2021-2-4T11:9:33,-62.15738,-58.48384,175.5
2021-2-4T11:9:43,-62.15738,-58.48386,175.1
2021-2-4T11:9:54,-62.15738,-58.48387,175.0
2021-2-4T11:10:5,-62.15738,-58.48387,174.5
2021-2-4T11:10:15,-62.15738,-58.48387,174.2
2021-2-4T11:10:26,-62.15738,-58.48387,173.8
2021-2-4T11:10:37,-62.15737,-58.48386,173.4
2021-2-4T11:10:47,-62.15737,-58.48386,173.8
2021-2-4T11:10:58,-62.15737,-58.48386,174.3
2021-2-4T11:11:8,-62.15736,-58.48387,174.3
2021-2-4T11:11:19,-62.15736,-58.48387,173.9
2021-2-4T11:11:30,-62.15737,-58.48387,174.1
2021-2-4T11:11:40,-62.15737,-58.48386,174.6
2021-2-4T11:11:51,-62.15738,-58.48387,173.6
2021-2-4T11:12:2,-62.15737,-58.48387,173.7
2021-2-4T11:12:12,-62.15737,-58.48387,173.9
2021-2-4T11:12:23,-62.15737,-58.48387,173.7
2021-2-4T11:12:34,-62.15737,-58.48386,173.8
2021-2-4T11:12:44,-62.15737,-58.48386,174.1
2021-2-4T11:12:55,-62.15737,-58.48386,173.5
2021-2-4T11:13:6,-62.15737,-58.48386,174.3
2021-2-4T11:13:16,-62.15737,-58.48386,174.5
2021-2-4T11:13:27,-62.15738,-58.48386,174.1
2021-2-4T11:13:38,-62.15737,-58.48387,174.1
2021-2-4T11:13:48,-62.15737,-58.48387,174.2
2021-2-4T11:13:59,-62.15737,-58.48387,174.4
2021-2-4T11:14:10,-62.15737,-58.48387,175.2
2021-2-4T11:14:20,-62.15737,-58.48387,175.7
2021-2-4T11:14:31,-62.15737,-58.48387,175.0
2021-2-4T11:14:42,-62.15737,-58.48387,175.2
2021-2-4T11:14:52,-62.15737,-58.48387,174.9
2021-2-4T11:15:3,-62.15737,-58.48386,174.9
2021-2-4T11:15:14,-62.15737,-58.48385,174.2
2021-2-4T11:15:24,-62.15737,-58.48385,174.7
2021-2-4T11:15:35,-62.15737,-58.48386,173.7
2021-2-4T11:15:46,-62.15737,-58.48387,173.9
2021-2-4T11:15:56,-62.15737,-58.48387,174.4
2021-2-4T11:16:7,-62.15737,-58.48386,173.4
2021-2-4T11:16:18,-62.15737,-58.48386,172.9
2021-2-4T11:16:28,-62.15737,-58.48387,173.2
2021-2-4T11:16:39,-62.15737,-58.48388,172.8
2021-2-4T11:16:49,-62.15736,-58.48388,172.6
2021-2-4T11:17:0,-62.15736,-58.48387,172.5
2021-2-4T11:17:11,-62.15736,-58.48386,172.0
2021-2-4T11:17:21,-62.15736,-58.48386,171.7
2021-2-4T11:17:32,-62.15737,-58.48386,172.3
2021-2-4T11:17:43,-62.15737,-58.48387,172.3
2021-2-4T11:17:53,-62.15737,-58.48388,172.8
2021-2-4T11:18:4,-62.15737,-58.48388,173.4
2021-2-4T11:18:15,-62.15736,-58.48388,173.6
2021-2-4T11:18:25,-62.15736,-58.48388,173.6
2021-2-4T11:18:36,-62.15736,-58.48387,173.3
2021-2-4T11:18:47,-62.15736,-58.48387,173.8
2021-2-4T11:18:57,-62.15736,-58.48387,173.6
2021-2-4T11:19:8,-62.15736,-58.48388,173.5
2021-2-4T11:19:19,-62.15736,-58.48388,173.3
2021-2-4T11:19:29,-62.15737,-58.48388,173.6
2021-2-4T11:19:40,-62.15737,-58.48388,173.9
2021-2-4T11:19:51,-62.15737,-58.48389,174.4
2021-2-4T11:20:1,-62.15737,-58.48388,174.1
2021-2-4T11:20:12,-62.15737,-58.48388,173.6
2021-2-4T11:20:23,-62.15736,-58.48388,173.3
2021-2-4T11:20:33,-62.15736,-58.48388,173.4
2021-2-4T11:20:44,-62.15736,-58.48387,174.0
2021-2-4T11:20:55,-62.15736,-58.48387,173.5
2021-2-4T11:21:5,-62.15737,-58.48388,173.2
2021-2-4T11:21:16,-62.15737,-58.48387,173.5
2021-2-4T11:21:27,-62.15737,-58.48387,174.0
2021-2-4T11:21:37,-62.15737,-58.48387,174.6
2021-2-4T11:21:48,-62.15738,-58.48386,174.9
2021-2-4T11:21:58,-62.15738,-58.48386,175.3
2021-2-4T11:22:9,-62.15739,-58.48386,175.7
2021-2-4T11:22:20,-62.15739,-58.48386,175.9
2021-2-4T11:22:30,-62.15739,-58.48385,175.8
2021-2-4T11:22:41,-62.15739,-58.48385,175.5
2021-2-4T11:22:52,-62.15739,-58.48385,174.5
2021-2-4T11:23:2,-62.15739,-58.48384,174.2
2021-2-4T11:23:13,-62.15739,-58.48384,174.5
2021-2-4T11:23:24,-62.15739,-58.48384,175.9
2021-2-4T11:23:34,-62.15739,-58.48384,176.5
2021-2-4T11:23:45,-62.15739,-58.48385,175.8
2021-2-4T11:23:56,-62.15738,-58.48386,175.3
2021-2-4T11:24:6,-62.15738,-58.48387,175.4
2021-2-4T11:24:17,-62.15738,-58.48387,175.8
2021-2-4T11:24:28,-62.15738,-58.48387,175.8
2021-2-4T11:24:38,-62.15738,-58.48388,175.9
2021-2-4T11:24:49,-62.15737,-58.48388,176.3
2021-2-4T11:25:0,-62.15737,-58.48388,175.6
2021-2-4T11:25:10,-62.15738,-58.48387,174.2
2021-2-4T11:25:21,-62.15738,-58.48387,173.0
