2021-2-4T14:49:5,-62.15737,-58.48385,175.0
2021-2-4T14:49:16,-62.15737,-58.48385,175.6
2021-2-4T14:49:26,-62.15737,-58.48385,175.3
2021-2-4T14:49:37,-62.15737,-58.48385,174.4
2021-2-4T14:49:47,-62.15737,-58.48384,173.9
2021-2-4T14:49:58,-62.15737,-58.48384,174.4
2021-2-4T14:50:8,-62.15738,-58.48385,173.9
2021-2-4T14:50:19,-62.15737,-58.48385,173.2
2021-2-4T14:50:29,-62.15737,-58.48385,172.9
2021-2-4T14:50:40,-62.15737,-58.48385,172.7
2021-2-4T14:50:50,-62.15737,-58.48384,173.0
2021-2-4T14:51:1,-62.15737,-58.48384,173.3
2021-2-4T14:51:11,-62.15737,-58.48385,174.0
2021-2-4T14:51:22,-62.15736,-58.48385,174.4
2021-2-4T14:51:32,-62.15737,-58.48384,174.2
2021-2-4T14:51:43,-62.15737,-58.48384,173.9
2021-2-4T14:51:53,-62.15737,-58.48383,173.8
2021-2-4T14:52:4,-62.15737,-58.48383,174.4
2021-2-4T14:52:14,-62.15737,-58.48384,174.2
2021-2-4T14:52:25,-62.15737,-58.48384,174.0
2021-2-4T14:52:35,-62.15737,-58.48385,174.3
2021-2-4T14:52:46,-62.15737,-58.48385,174.5
2021-2-4T14:52:56,-62.15737,-58.48385,174.5
2021-2-4T14:53:7,-62.15737,-58.48385,173.5
2021-2-4T14:53:17,-62.15737,-58.48385,173.0
2021-2-4T14:53:28,-62.15737,-58.48385,173.0
2021-2-4T14:53:38,-62.15737,-58.48385,172.6
2021-2-4T14:53:49,-62.15738,-58.48385,171.9
2021-2-4T14:53:59,-62.15738,-58.48385,171.4
2021-2-4T14:54:10,-62.15738,-58.48385,172.4
2021-2-4T14:54:20,-62.15738,-58.48385,172.3
2021-2-4T14:54:31,-62.15738,-58.48384,172.2
2021-2-4T14:54:41,-62.15738,-58.48384,172.5
2021-2-4T14:54:52,-62.15738,-58.48384,172.8
2021-2-4T14:55:2,-62.15738,-58.48385,173.0
2021-2-4T14:55:13,-62.15738,-58.48385,173.2
2021-2-4T14:55:23,-62.15737,-58.48385,173.7
2021-2-4T14:55:34,-62.15737,-58.48385,172.8
2021-2-4T14:55:44,-62.15738,-58.48385,171.8
2021-2-4T14:55:55,-62.15738,-58.48386,171.9
2021-2-4T14:56:5,-62.15738,-58.48386,172.6
2021-2-4T14:56:16,-62.15738,-58.48386,173.1
2021-2-4T14:56:26,-62.15738,-58.48386,173.8
2021-2-4T14:56:37,-62.15738,-58.48386,174.1
2021-2-4T14:56:47,-62.15738,-58.48385,174.0
2021-2-4T14:56:58,-62.15738,-58.48385,174.0
2021-2-4T14:57:8,-62.15738,-58.48385,174.1
2021-2-4T14:57:19,-62.15738,-58.48384,174.1
2021-2-4T14:57:29,-62.15738,-58.48384,173.6
2021-2-4T14:57:40,-62.15738,-58.48384,173.4
2021-2-4T14:57:50,-62.15738,-58.48384,173.7
2021-2-4T14:58:1,-62.15738,-58.48384,173.7
2021-2-4T14:58:11,-62.15738,-58.48385,173.9
2021-2-4T14:58:22,-62.15738,-58.48385,174.0
2021-2-4T14:58:32,-62.15738,-58.48385,173.9
2021-2-4T14:58:43,-62.15738,-58.48385,173.5
2021-2-4T14:58:53,-62.15738,-58.48384,173.5
2021-2-4T14:59:4,-62.15738,-58.48385,173.7
2021-2-4T14:59:14,-62.15738,-58.48385,173.4
2021-2-4T14:59:25,-62.15738,-58.48385,173.1
2021-2-4T14:59:35,-62.15738,-58.48385,172.9
2021-2-4T14:59:46,-62.15738,-58.48385,172.7
2021-2-4T14:59:56,-62.15738,-58.48385,172.5
2021-2-4T15:0:7,-62.15738,-58.48385,172.2
2021-2-4T15:0:17,-62.15738,-58.48385,171.8
2021-2-4T15:0:28,-62.15738,-58.48384,172.1
2021-2-4T15:0:38,-62.15738,-58.48384,172.3
2021-2-4T15:0:49,-62.15738,-58.48384,172.3
2021-2-4T15:0:59,-62.15738,-58.48385,172.7
2021-2-4T15:1:10,-62.15738,-58.48385,173.3
2021-2-4T15:1:20,-62.15738,-58.48385,173.9
2021-2-4T15:1:31,-62.15738,-58.48386,174.3
2021-2-4T15:1:41,-62.15738,-58.48386,174.2
2021-2-4T15:1:52,-62.15737,-58.48386,174.3
2021-2-4T15:2:2,-62.15737,-58.48386,173.8
2021-2-4T15:2:13,-62.15738,-58.48386,173.0
2021-2-4T15:2:23,-62.15738,-58.48385,172.6
2021-2-4T15:2:34,-62.15738,-58.48385,172.6
2021-2-4T15:2:44,-62.15738,-58.48386,172.9
2021-2-4T15:2:55,-62.15738,-58.48386,172.9
2021-2-4T15:3:5,-62.15738,-58.48386,173.0
2021-2-4T15:3:16,-62.15738,-58.48386,173.2
2021-2-4T15:3:26,-62.15738,-58.48386,173.3
2021-2-4T15:3:37,-62.15738,-58.48387,173.5
2021-2-4T15:3:47,-62.15738,-58.48387,173.4
2021-2-4T15:3:58,-62.15738,-58.48387,173.4
2021-2-4T15:4:8,-62.15738,-58.48387,173.3
2021-2-4T15:4:19,-62.15738,-58.48387,173.5
2021-2-4T15:4:29,-62.15738,-58.48386,173.3
2021-2-4T15:4:40,-62.15738,-58.48387,172.9
2021-2-4T15:4:50,-62.15737,-58.48387,172.7
2021-2-4T15:5:1,-62.15737,-58.48387,172.9
2021-2-4T15:5:11,-62.15738,-58.48387,172.5
2021-2-4T15:5:22,-62.15738,-58.48387,172.6
2021-2-4T15:5:32,-62.15738,-58.48387,172.9
2021-2-4T15:5:43,-62.15738,-58.48387,173.6
2021-2-4T15:5:53,-62.15738,-58.48387,173.9
2021-2-4T15:6:4,-62.15738,-58.48386,174.2
2021-2-4T15:6:14,-62.15738,-58.48386,173.8
2021-2-4T15:6:25,-62.15738,-58.48386,173.9
