2021-2-4T8:45:40,-62.15736,-58.48386,178.3
2021-2-4T8:45:51,-62.15736,-58.48386,177.4
2021-2-4T8:46:1,-62.15737,-58.48386,177.4
2021-2-4T8:46:12,-62.15737,-58.48386,177.2
2021-2-4T8:46:23,-62.15737,-58.48386,177.4
2021-2-4T8:46:33,-62.15737,-58.48385,177.4
2021-2-4T8:46:44,-62.15737,-58.48385,177.7
2021-2-4T8:46:55,-62.15737,-58.48386,178.1
2021-2-4T8:47:5,-62.15737,-58.48386,178.2
2021-2-4T8:47:16,-62.15737,-58.48386,178.0
2021-2-4T8:47:27,-62.15737,-58.48385,177.7
2021-2-4T8:47:37,-62.15737,-58.48386,177.2
2021-2-4T8:47:48,-62.15736,-58.48386,176.3
2021-2-4T8:47:59,-62.15736,-58.48385,175.5
2021-2-4T8:48:9,-62.15736,-58.48385,175.1
2021-2-4T8:48:20,-62.15736,-58.48386,174.8
2021-2-4T8:48:31,-62.15736,-58.48386,175.1
2021-2-4T8:48:41,-62.15736,-58.48387,175.4
2021-2-4T8:48:52,-62.15737,-58.48388,176.5
2021-2-4T8:49:3,-62.15738,-58.48389,178.0
2021-2-4T8:49:13,-62.15737,-58.48388,179.1
2021-2-4T8:49:24,-62.15737,-58.48388,179.4
2021-2-4T8:49:35,-62.15736,-58.48387,179.9
2021-2-4T8:49:45,-62.15737,-58.48386,179.6
2021-2-4T8:49:56,-62.15737,-58.48387,179.3
2021-2-4T8:50:7,-62.15737,-58.48388,178.3
2021-2-4T8:50:17,-62.15738,-58.48389,177.9
2021-2-4T8:50:28,-62.15737,-58.48389,177.5
2021-2-4T8:50:38,-62.15737,-58.48388,177.0
2021-2-4T8:50:49,-62.15737,-58.48388,176.8
2021-2-4T8:51:0,-62.15737,-58.48387,176.4
2021-2-4T8:51:10,-62.15737,-58.48387,175.8
2021-2-4T8:51:21,-62.15737,-58.48387,175.4
2021-2-4T8:51:32,-62.15737,-58.48387,174.9
2021-2-4T8:51:42,-62.15738,-58.48387,175.2
2021-2-4T8:51:53,-62.15738,-58.48387,175.9
2021-2-4T8:52:4,-62.15739,-58.48386,176.3
2021-2-4T8:52:14,-62.15738,-58.48386,176.5
2021-2-4T8:52:25,-62.15738,-58.48386,177.1
2021-2-4T8:52:36,-62.15737,-58.48386,177.2
2021-2-4T8:52:46,-62.15738,-58.48387,177.4
2021-2-4T8:52:57,-62.15737,-58.48388,178.2
2021-2-4T8:53:8,-62.15737,-58.48387,178.3
2021-2-4T8:53:18,-62.15737,-58.48388,178.1
2021-2-4T8:53:29,-62.15737,-58.48388,177.3
2021-2-4T8:53:40,-62.15737,-58.48388,176.4
2021-2-4T8:53:50,-62.15737,-58.48388,175.5
2021-2-4T8:54:1,-62.15738,-58.48387,175.2
2021-2-4T8:54:12,-62.15738,-58.48387,175.3
2021-2-4T8:54:22,-62.15737,-58.48387,175.9
2021-2-4T8:54:33,-62.15737,-58.48387,176.2
2021-2-4T8:54:44,-62.15736,-58.48388,176.3
2021-2-4T8:54:54,-62.15737,-58.48388,176.3
2021-2-4T8:55:5,-62.15737,-58.48388,176.0
2021-2-4T8:55:16,-62.15737,-58.48389,174.8
2021-2-4T8:55:26,-62.15737,-58.48389,174.9
2021-2-4T8:55:37,-62.15737,-58.48389,175.0
2021-2-4T8:55:47,-62.15737,-58.48388,175.2
2021-2-4T8:55:58,-62.15736,-58.48387,174.7
2021-2-4T8:56:9,-62.15736,-58.48388,174.3
2021-2-4T8:56:19,-62.15736,-58.48388,174.5
2021-2-4T8:56:30,-62.15736,-58.48388,175.2
2021-2-4T8:56:41,-62.15736,-58.48388,176.2
2021-2-4T8:56:51,-62.15736,-58.48389,177.6
2021-2-4T8:57:2,-62.15736,-58.48389,177.9
2021-2-4T8:57:13,-62.15737,-58.48388,177.3
2021-2-4T8:57:23,-62.15738,-58.48388,176.3
2021-2-4T8:57:34,-62.15738,-58.48387,176.0
2021-2-4T8:57:45,-62.15737,-58.48387,176.4
2021-2-4T8:57:55,-62.15737,-58.48388,176.7
2021-2-4T8:58:6,-62.15737,-58.48388,176.8
2021-2-4T8:58:17,-62.15738,-58.48389,176.8
2021-2-4T8:58:27,-62.15737,-58.48389,176.8
2021-2-4T8:58:38,-62.15737,-58.48390,177.5
2021-2-4T8:58:49,-62.15737,-58.48389,177.4
2021-2-4T8:58:59,-62.15737,-58.48389,176.9
2021-2-4T8:59:10,-62.15737,-58.48388,176.5
2021-2-4T8:59:21,-62.15737,-58.48388,175.4
2021-2-4T8:59:31,-62.15737,-58.48388,175.5
2021-2-4T8:59:42,-62.15737,-58.48388,175.2
2021-2-4T8:59:52,-62.15737,-58.48388,175.0
2021-2-4T9:0:3,-62.15737,-58.48387,174.5
2021-2-4T9:0:14,-62.15737,-58.48386,174.8
2021-2-4T9:0:24,-62.15737,-58.48386,175.2
2021-2-4T9:0:35,-62.15738,-58.48385,175.2
2021-2-4T9:0:46,-62.15737,-58.48385,175.7
2021-2-4T9:0:56,-62.15738,-58.48386,175.7
2021-2-4T9:1:7,-62.15738,-58.48387,175.5
2021-2-4T9:1:18,-62.15738,-58.48388,176.4
2021-2-4T9:1:28,-62.15738,-58.48388,176.3
2021-2-4T9:1:39,-62.15738,-58.48389,177.0
2021-2-4T9:1:50,-62.15738,-58.48389,177.1
2021-2-4T9:2:0,-62.15738,-58.48388,177.5
2021-2-4T9:2:11,-62.15738,-58.48387,177.2
2021-2-4T9:2:22,-62.15738,-58.48387,177.2
2021-2-4T9:2:32,-62.15738,-58.48387,176.5
2021-2-4T9:2:43,-62.15737,-58.48387,175.4
2021-2-4T9:2:54,-62.15737,-58.48388,175.1
2021-2-4T9:3:4,-62.15737,-58.48387,174.6
2021-2-4T9:3:15,-62.15737,-58.48387,174.9
