2021-2-4T12:1:34,-62.15738,-58.48388,176.4
2021-2-4T12:1:45,-62.15738,-58.48388,175.9
2021-2-4T12:1:56,-62.15738,-58.48388,175.8
2021-2-4T12:2:7,-62.15738,-58.48388,176.5
2021-2-4T12:2:18,-62.15738,-58.48388,176.8
2021-2-4T12:2:29,-62.15738,-58.48387,176.5
2021-2-4T12:2:40,-62.15738,-58.48386,176.5
2021-2-4T12:2:51,-62.15738,-58.48386,176.0
2021-2-4T12:3:2,-62.15738,-58.48387,176.4
2021-2-4T12:3:13,-62.15738,-58.48388,176.9
2021-2-4T12:3:24,-62.15738,-58.48388,177.3
2021-2-4T12:3:35,-62.15738,-58.48388,177.3
2021-2-4T12:3:46,-62.15738,-58.48387,177.5
2021-2-4T12:3:57,-62.15738,-58.48388,177.2
2021-2-4T12:4:8,-62.15738,-58.48388,176.9
2021-2-4T12:4:19,-62.15738,-58.48389,176.8
2021-2-4T12:4:30,-62.15738,-58.48389,176.4
2021-2-4T12:4:41,-62.15737,-58.48389,176.4
2021-2-4T12:4:52,-62.15737,-58.48389,176.7
2021-2-4T12:5:3,-62.15738,-58.48388,176.7
2021-2-4T12:5:14,-62.15738,-58.48388,176.5
2021-2-4T12:5:25,-62.15738,-58.48388,176.6
2021-2-4T12:5:36,-62.15738,-58.48389,176.5
2021-2-4T12:5:47,-62.15738,-58.48390,176.9
2021-2-4T12:5:58,-62.15739,-58.48390,177.3
2021-2-4T12:6:9,-62.15739,-58.48390,177.3
2021-2-4T12:6:20,-62.15739,-58.48390,177.5
2021-2-4T12:6:31,-62.15739,-58.48389,177.3
2021-2-4T12:6:42,-62.15739,-58.48389,176.9
2021-2-4T12:6:53,-62.15738,-58.48389,176.3
2021-2-4T12:7:4,-62.15738,-58.48388,176.0
2021-2-4T12:7:14,-62.15738,-58.48387,175.6
2021-2-4T12:7:25,-62.15738,-58.48386,174.7
2021-2-4T12:7:36,-62.15738,-58.48386,174.3
2021-2-4T12:7:46,-62.15738,-58.48386,174.8
2021-2-4T12:7:57,-62.15738,-58.48387,175.4
2021-2-4T12:8:9,-62.15739,-58.48388,175.7
2021-2-4T12:8:20,-62.15739,-58.48387,176.1
2021-2-4T12:8:31,-62.15739,-58.48387,175.7
2021-2-4T12:8:42,-62.15739,-58.48387,175.8
2021-2-4T12:8:53,-62.15738,-58.48387,176.1
2021-2-4T12:9:4,-62.15738,-58.48386,175.5
2021-2-4T12:9:15,-62.15738,-58.48385,175.3
2021-2-4T12:9:26,-62.15738,-58.48386,175.7
2021-2-4T12:9:37,-62.15738,-58.48387,177.5
2021-2-4T12:9:48,-62.15739,-58.48387,178.6
2021-2-4T12:9:59,-62.15739,-58.48387,178.7
2021-2-4T12:10:10,-62.15739,-58.48387,178.6
2021-2-4T12:10:21,-62.15739,-58.48387,178.5
2021-2-4T12:10:32,-62.15739,-58.48387,178.3
2021-2-4T12:10:43,-62.15739,-58.48387,177.3
2021-2-4T12:10:54,-62.15739,-58.48387,176.6
2021-2-4T12:11:5,-62.15739,-58.48387,176.5
2021-2-4T12:11:16,-62.15739,-58.48387,176.3
2021-2-4T12:11:27,-62.15739,-58.48387,176.5
2021-2-4T12:11:38,-62.15739,-58.48388,177.1
2021-2-4T12:11:49,-62.15739,-58.48388,177.6
2021-2-4T12:12:0,-62.15739,-58.48387,177.3
2021-2-4T12:12:11,-62.15739,-58.48387,177.1
2021-2-4T12:12:22,-62.15739,-58.48386,176.8
2021-2-4T12:12:33,-62.15739,-58.48386,176.7
2021-2-4T12:12:44,-62.15739,-58.48386,176.8
2021-2-4T12:12:55,-62.15739,-58.48385,176.3
2021-2-4T12:13:6,-62.15739,-58.48386,176.4
2021-2-4T12:13:17,-62.15739,-58.48387,176.4
2021-2-4T12:13:28,-62.15739,-58.48388,176.0
2021-2-4T12:13:39,-62.15738,-58.48388,175.9
2021-2-4T12:13:50,-62.15738,-58.48389,176.5
2021-2-4T12:14:1,-62.15739,-58.48390,177.4
2021-2-4T12:14:12,-62.15739,-58.48389,178.2
2021-2-4T12:14:22,-62.15739,-58.48389,178.1
2021-2-4T12:14:33,-62.15739,-58.48388,177.6
2021-2-4T12:14:44,-62.15738,-58.48387,176.7
2021-2-4T12:14:54,-62.15738,-58.48387,175.8
2021-2-4T12:15:5,-62.15738,-58.48387,175.6
2021-2-4T12:15:16,-62.15738,-58.48387,175.8
2021-2-4T12:15:26,-62.15739,-58.48388,176.5
2021-2-4T12:15:37,-62.15739,-58.48387,177.4
2021-2-4T12:15:48,-62.15738,-58.48388,177.1
2021-2-4T12:15:58,-62.15738,-58.48388,177.4
2021-2-4T12:16:9,-62.15738,-58.48388,177.1
2021-2-4T12:16:20,-62.15738,-58.48387,177.1
2021-2-4T12:16:31,-62.15738,-58.48386,176.5
2021-2-4T12:16:42,-62.15738,-58.48386,176.4
2021-2-4T12:16:53,-62.15738,-58.48385,176.1
2021-2-4T12:17:4,-62.15738,-58.48385,175.5
2021-2-4T12:17:15,-62.15737,-58.48384,175.1
2021-2-4T12:17:26,-62.15738,-58.48384,174.5
2021-2-4T12:17:37,-62.15738,-58.48384,174.8
2021-2-4T12:17:48,-62.15738,-58.48386,175.5
2021-2-4T12:17:59,-62.15739,-58.48386,176.1
2021-2-4T12:18:10,-62.15739,-58.48386,177.3
2021-2-4T12:18:21,-62.15739,-58.48387,177.3
2021-2-4T12:18:32,-62.15739,-58.48387,176.4
2021-2-4T12:18:43,-62.15739,-58.48387,176.1
2021-2-4T12:18:54,-62.15739,-58.48387,175.8
2021-2-4T12:19:5,-62.15739,-58.48388,176.0
2021-2-4T12:19:16,-62.15739,-58.48388,177.0
2021-2-4T12:19:27,-62.15738,-58.48388,177.4
2021-2-4T12:19:38,-62.15738,-58.48387,177.2
