2021-2-4T3:8:38,-62.15737,-58.48384,175.8
2021-2-4T3:8:49,-62.15737,-58.48384,175.3
2021-2-4T3:9:0,-62.15737,-58.48385,176.0
2021-2-4T3:9:11,-62.15738,-58.48385,176.7
2021-2-4T3:9:21,-62.15738,-58.48385,177.0
2021-2-4T3:9:32,-62.15738,-58.48384,176.7
2021-2-4T3:9:42,-62.15738,-58.48384,176.2
2021-2-4T3:9:53,-62.15737,-58.48384,176.0
2021-2-4T3:10:4,-62.15737,-58.48384,175.7
2021-2-4T3:10:14,-62.15737,-58.48385,176.1
2021-2-4T3:10:25,-62.15738,-58.48385,175.9
2021-2-4T3:10:36,-62.15738,-58.48385,175.7
2021-2-4T3:10:46,-62.15738,-58.48385,175.8
2021-2-4T3:10:57,-62.15738,-58.48385,176.4
2021-2-4T3:11:7,-62.15738,-58.48384,176.5
2021-2-4T3:11:18,-62.15738,-58.48384,176.8
2021-2-4T3:11:29,-62.15738,-58.48384,176.4
2021-2-4T3:11:39,-62.15739,-58.48383,176.3
2021-2-4T3:11:50,-62.15739,-58.48383,176.3
2021-2-4T3:12:1,-62.15739,-58.48383,175.8
2021-2-4T3:12:11,-62.15738,-58.48383,175.3
2021-2-4T3:12:22,-62.15738,-58.48383,175.5
2021-2-4T3:12:32,-62.15738,-58.48383,176.4
2021-2-4T3:12:43,-62.15739,-58.48384,177.2
2021-2-4T3:12:54,-62.15738,-58.48384,177.6
2021-2-4T3:13:4,-62.15738,-58.48384,177.4
2021-2-4T3:13:15,-62.15738,-58.48383,177.2
2021-2-4T3:13:26,-62.15738,-58.48383,176.1
2021-2-4T3:13:36,-62.15738,-58.48382,175.3
2021-2-4T3:13:47,-62.15738,-58.48382,174.8
2021-2-4T3:13:57,-62.15738,-58.48382,174.3
2021-2-4T3:14:8,-62.15738,-58.48382,174.4
2021-2-4T3:14:19,-62.15738,-58.48382,175.1
2021-2-4T3:14:29,-62.15738,-58.48382,175.0
2021-2-4T3:14:40,-62.15738,-58.48381,174.0
2021-2-4T3:14:51,-62.15738,-58.48382,173.8
2021-2-4T3:15:1,-62.15738,-58.48382,173.7
2021-2-4T3:15:12,-62.15738,-58.48382,173.4
2021-2-4T3:15:23,-62.15737,-58.48382,172.7
2021-2-4T3:15:33,-62.15737,-58.48382,172.7
2021-2-4T3:15:44,-62.15737,-58.48383,172.9
2021-2-4T3:15:55,-62.15738,-58.48382,173.1
2021-2-4T3:16:5,-62.15738,-58.48383,173.8
2021-2-4T3:16:16,-62.15738,-58.48383,174.2
2021-2-4T3:16:27,-62.15738,-58.48383,175.1
2021-2-4T3:16:37,-62.15738,-58.48384,175.3
2021-2-4T3:16:48,-62.15738,-58.48385,175.4
2021-2-4T3:16:59,-62.15738,-58.48386,175.5
2021-2-4T3:17:9,-62.15738,-58.48386,174.8
2021-2-4T3:17:20,-62.15738,-58.48386,174.0
2021-2-4T3:17:30,-62.15737,-58.48387,173.4
2021-2-4T3:17:41,-62.15737,-58.48386,172.5
2021-2-4T3:17:52,-62.15738,-58.48385,172.5
2021-2-4T3:18:2,-62.15738,-58.48384,172.9
2021-2-4T3:18:13,-62.15738,-58.48384,173.2
2021-2-4T3:18:24,-62.15738,-58.48384,173.4
2021-2-4T3:18:34,-62.15738,-58.48383,173.1
2021-2-4T3:18:45,-62.15738,-58.48384,173.2
2021-2-4T3:18:55,-62.15738,-58.48385,174.0
2021-2-4T3:19:6,-62.15738,-58.48385,174.3
2021-2-4T3:19:17,-62.15738,-58.48385,174.5
2021-2-4T3:19:27,-62.15738,-58.48384,174.2
2021-2-4T3:19:38,-62.15737,-58.48384,173.8
2021-2-4T3:19:49,-62.15737,-58.48384,173.5
2021-2-4T3:19:59,-62.15737,-58.48384,173.7
2021-2-4T3:20:10,-62.15737,-58.48384,173.4
2021-2-4T3:20:20,-62.15737,-58.48383,172.6
2021-2-4T3:20:31,-62.15737,-58.48383,172.8
2021-2-4T3:20:42,-62.15738,-58.48383,173.4
2021-2-4T3:20:52,-62.15738,-58.48385,174.1
2021-2-4T3:21:3,-62.15738,-58.48384,174.1
2021-2-4T3:21:14,-62.15738,-58.48384,173.9
2021-2-4T3:21:24,-62.15738,-58.48385,173.7
2021-2-4T3:21:35,-62.15738,-58.48386,173.6
2021-2-4T3:21:45,-62.15738,-58.48385,173.7
2021-2-4T3:21:56,-62.15738,-58.48385,173.7
2021-2-4T3:22:7,-62.15738,-58.48385,173.4
2021-2-4T3:22:17,-62.15738,-58.48383,172.5
2021-2-4T3:22:28,-62.15737,-58.48383,172.4
2021-2-4T3:22:39,-62.15737,-58.48382,172.4
2021-2-4T3:22:49,-62.15737,-58.48382,172.1
2021-2-4T3:23:0,-62.15737,-58.48382,172.2
2021-2-4T3:23:10,-62.15737,-58.48383,172.4
2021-2-4T3:23:21,-62.15737,-58.48383,173.1
2021-2-4T3:23:32,-62.15737,-58.48383,173.4
2021-2-4T3:23:42,-62.15737,-58.48384,173.5
2021-2-4T3:23:53,-62.15738,-58.48384,174.1
2021-2-4T3:24:4,-62.15738,-58.48384,175.5
2021-2-4T3:24:14,-62.15738,-58.48384,175.5
2021-2-4T3:24:25,-62.15738,-58.48384,176.0
2021-2-4T3:24:36,-62.15738,-58.48384,176.6
2021-2-4T3:24:46,-62.15738,-58.48385,177.6
2021-2-4T3:24:57,-62.15738,-58.48384,177.0
2021-2-4T3:25:8,-62.15738,-58.48385,177.1
2021-2-4T3:25:18,-62.15738,-58.48385,176.9
2021-2-4T3:25:29,-62.15738,-58.48385,177.0
2021-2-4T3:25:40,-62.15738,-58.48385,177.5
2021-2-4T3:25:50,-62.15738,-58.48386,177.8
2021-2-4T3:26:1,-62.15738,-58.48386,178.0
2021-2-4T3:26:12,-62.15738,-58.48386,177.7
