2021-2-4T22:43:41,-62.15739,-58.48385,176.5
2021-2-4T22:43:52,-62.15738,-58.48385,176.2
2021-2-4T22:44:3,-62.15738,-58.48385,175.6
2021-2-4T22:44:14,-62.15738,-58.48385,175.5
2021-2-4T22:44:24,-62.15738,-58.48385,176.1
2021-2-4T22:44:35,-62.15738,-58.48384,176.8
2021-2-4T22:44:45,-62.15738,-58.48384,177.3
2021-2-4T22:44:56,-62.15738,-58.48384,177.4
2021-2-4T22:45:6,-62.15738,-58.48384,177.4
2021-2-4T22:45:17,-62.15738,-58.48385,176.5
2021-2-4T22:45:28,-62.15737,-58.48386,176.1
2021-2-4T22:45:38,-62.15737,-58.48386,176.0
2021-2-4T22:45:49,-62.15737,-58.48386,175.6
2021-2-4T22:45:59,-62.15738,-58.48387,175.2
2021-2-4T22:46:10,-62.15738,-58.48387,174.6
2021-2-4T22:46:21,-62.15738,-58.48387,174.4
2021-2-4T22:46:31,-62.15738,-58.48386,174.4
2021-2-4T22:46:42,-62.15738,-58.48386,174.7
2021-2-4T22:46:52,-62.15738,-58.48385,174.8
2021-2-4T22:47:3,-62.15738,-58.48385,174.7
2021-2-4T22:47:14,-62.15738,-58.48384,174.9
2021-2-4T22:47:24,-62.15738,-58.48384,174.8
2021-2-4T22:47:35,-62.15738,-58.48384,174.9
2021-2-4T22:47:45,-62.15738,-58.48384,175.1
2021-2-4T22:47:56,-62.15738,-58.48384,175.2
2021-2-4T22:48:7,-62.15738,-58.48384,174.8
2021-2-4T22:48:17,-62.15738,-58.48385,174.5
2021-2-4T22:48:28,-62.15737,-58.48384,174.3
2021-2-4T22:48:38,-62.15737,-58.48385,174.3
2021-2-4T22:48:49,-62.15737,-58.48384,174.4
2021-2-4T22:49:0,-62.15737,-58.48384,174.3
2021-2-4T22:49:10,-62.15737,-58.48384,174.3
2021-2-4T22:49:21,-62.15737,-58.48385,174.1
2021-2-4T22:49:31,-62.15738,-58.48385,173.9
2021-2-4T22:49:42,-62.15738,-58.48385,173.7
2021-2-4T22:49:52,-62.15738,-58.48384,174.0
2021-2-4T22:50:3,-62.15738,-58.48384,174.7
2021-2-4T22:50:14,-62.15738,-58.48383,174.9
2021-2-4T22:50:24,-62.15738,-58.48383,175.4
2021-2-4T22:50:35,-62.15738,-58.48384,176.1
2021-2-4T22:50:46,-62.15738,-58.48384,176.2
2021-2-4T22:50:56,-62.15739,-58.48384,176.4
2021-2-4T22:51:7,-62.15739,-58.48383,176.1
2021-2-4T22:51:17,-62.15739,-58.48383,175.6
2021-2-4T22:51:28,-62.15739,-58.48383,175.8
2021-2-4T22:51:39,-62.15739,-58.48383,176.0
2021-2-4T22:51:49,-62.15739,-58.48383,176.4
2021-2-4T22:52:0,-62.15738,-58.48384,176.4
2021-2-4T22:52:10,-62.15738,-58.48383,176.3
2021-2-4T22:52:21,-62.15738,-58.48384,176.1
2021-2-4T22:52:32,-62.15738,-58.48384,176.3
2021-2-4T22:52:42,-62.15739,-58.48385,176.3
2021-2-4T22:52:53,-62.15739,-58.48385,176.0
2021-2-4T22:53:3,-62.15739,-58.48385,175.7
2021-2-4T22:53:14,-62.15739,-58.48384,175.6
2021-2-4T22:53:25,-62.15739,-58.48384,176.0
2021-2-4T22:53:35,-62.15739,-58.48384,176.0
2021-2-4T22:53:46,-62.15738,-58.48385,176.5
2021-2-4T22:53:56,-62.15738,-58.48385,177.0
2021-2-4T22:54:7,-62.15738,-58.48385,177.3
2021-2-4T22:54:18,-62.15739,-58.48384,177.6
2021-2-4T22:54:28,-62.15739,-58.48384,178.3
2021-2-4T22:54:39,-62.15739,-58.48384,178.5
2021-2-4T22:54:49,-62.15739,-58.48384,178.3
2021-2-4T22:55:0,-62.15739,-58.48384,177.7
2021-2-4T22:55:10,-62.15739,-58.48385,177.3
2021-2-4T22:55:21,-62.15739,-58.48386,176.7
2021-2-4T22:55:32,-62.15739,-58.48386,176.1
2021-2-4T22:55:42,-62.15739,-58.48386,175.5
2021-2-4T22:55:53,-62.15739,-58.48387,175.5
2021-2-4T22:56:3,-62.15739,-58.48387,175.6
2021-2-4T22:56:14,-62.15739,-58.48387,175.4
2021-2-4T22:56:25,-62.15738,-58.48386,174.8
2021-2-4T22:56:35,-62.15738,-58.48386,174.7
2021-2-4T22:56:46,-62.15738,-58.48385,175.3
2021-2-4T22:56:56,-62.15738,-58.48384,175.5
2021-2-4T22:57:7,-62.15738,-58.48384,175.9
2021-2-4T22:57:18,-62.15738,-58.48384,176.3
2021-2-4T22:57:28,-62.15739,-58.48384,176.7
2021-2-4T22:57:39,-62.15738,-58.48384,176.3
2021-2-4T22:57:49,-62.15738,-58.48384,175.6
2021-2-4T22:58:0,-62.15738,-58.48384,175.6
2021-2-4T22:58:11,-62.15738,-58.48384,175.5
2021-2-4T22:58:21,-62.15738,-58.48384,175.1
2021-2-4T22:58:32,-62.15739,-58.48384,174.8
2021-2-4T22:58:42,-62.15739,-58.48385,174.7
2021-2-4T22:58:53,-62.15739,-58.48385,175.2
2021-2-4T22:59:4,-62.15739,-58.48386,175.3
2021-2-4T22:59:14,-62.15739,-58.48385,176.1
2021-2-4T22:59:25,-62.15739,-58.48384,176.7
2021-2-4T22:59:35,-62.15739,-58.48385,177.0
2021-2-4T22:59:46,-62.15739,-58.48385,177.5
2021-2-4T22:59:57,-62.15739,-58.48384,177.3
2021-2-4T23:0:7,-62.15738,-58.48384,176.9
2021-2-4T23:0:18,-62.15738,-58.48384,176.3
2021-2-4T23:0:28,-62.15738,-58.48384,175.7
2021-2-4T23:0:39,-62.15738,-58.48384,175.0
2021-2-4T23:0:50,-62.15738,-58.48385,175.0
2021-2-4T23:1:0,-62.15738,-58.48386,175.6
2021-2-4T23:1:11,-62.15738,-58.48386,175.5
