2021-2-4T18:54:39,-62.15736,-58.48384,173.4
2021-2-4T18:54:50,-62.15736,-58.48385,173.2
2021-2-4T18:55:0,-62.15736,-58.48386,173.3
2021-2-4T18:55:11,-62.15736,-58.48386,174.0
2021-2-4T18:55:21,-62.15736,-58.48386,174.5
2021-2-4T18:55:32,-62.15737,-58.48386,174.6
2021-2-4T18:55:43,-62.15737,-58.48387,174.6
2021-2-4T18:55:53,-62.15737,-58.48387,174.3
2021-2-4T18:56:4,-62.15737,-58.48387,174.3
2021-2-4T18:56:14,-62.15737,-58.48388,174.8
2021-2-4T18:56:25,-62.15737,-58.48387,174.9
2021-2-4T18:56:35,-62.15737,-58.48387,174.7
2021-2-4T18:56:46,-62.15736,-58.48386,173.9
2021-2-4T18:56:57,-62.15736,-58.48385,173.2
2021-2-4T18:57:7,-62.15736,-58.48385,173.4
2021-2-4T18:57:18,-62.15736,-58.48385,174.0
2021-2-4T18:57:28,-62.15736,-58.48385,174.2
2021-2-4T18:57:39,-62.15736,-58.48385,174.0
2021-2-4T18:57:49,-62.15737,-58.48385,173.8
2021-2-4T18:58:0,-62.15737,-58.48385,173.9
2021-2-4T18:58:11,-62.15737,-58.48385,174.2
2021-2-4T18:58:21,-62.15737,-58.48385,173.7
2021-2-4T18:58:32,-62.15737,-58.48386,173.0
2021-2-4T18:58:42,-62.15737,-58.48386,172.7
2021-2-4T18:58:53,-62.15736,-58.48387,172.4
2021-2-4T18:59:3,-62.15736,-58.48386,171.9
2021-2-4T18:59:14,-62.15736,-58.48386,171.3
2021-2-4T18:59:25,-62.15735,-58.48386,171.1
2021-2-4T18:59:35,-62.15735,-58.48387,171.1
2021-2-4T18:59:46,-62.15735,-58.48387,171.5
2021-2-4T18:59:56,-62.15735,-58.48387,171.6
2021-2-4T19:0:7,-62.15735,-58.48387,171.5
2021-2-4T19:0:17,-62.15735,-58.48387,171.8
2021-2-4T19:0:28,-62.15735,-58.48386,173.0
2021-2-4T19:0:38,-62.15736,-58.48386,173.8
2021-2-4T19:0:49,-62.15736,-58.48385,173.6
2021-2-4T19:1:0,-62.15736,-58.48385,173.1
2021-2-4T19:1:10,-62.15736,-58.48385,173.3
2021-2-4T19:1:21,-62.15736,-58.48384,173.4
2021-2-4T19:1:31,-62.15736,-58.48384,173.9
2021-2-4T19:1:42,-62.15736,-58.48384,173.8
2021-2-4T19:1:52,-62.15736,-58.48384,174.1
2021-2-4T19:2:3,-62.15736,-58.48384,174.3
2021-2-4T19:2:14,-62.15736,-58.48384,174.0
2021-2-4T19:2:24,-62.15736,-58.48384,173.8
2021-2-4T19:2:35,-62.15737,-58.48384,174.0
2021-2-4T19:2:45,-62.15737,-58.48385,173.4
2021-2-4T19:2:56,-62.15737,-58.48386,173.1
2021-2-4T19:3:6,-62.15737,-58.48386,172.9
2021-2-4T19:3:17,-62.15736,-58.48386,172.8
2021-2-4T19:3:28,-62.15737,-58.48386,173.3
2021-2-4T19:3:38,-62.15737,-58.48386,173.8
2021-2-4T19:3:49,-62.15737,-58.48386,174.4
2021-2-4T19:3:59,-62.15737,-58.48387,174.1
2021-2-4T19:4:10,-62.15737,-58.48386,173.5
2021-2-4T19:4:20,-62.15737,-58.48386,173.5
2021-2-4T19:4:31,-62.15737,-58.48385,173.6
2021-2-4T19:4:41,-62.15737,-58.48385,173.6
2021-2-4T19:4:52,-62.15736,-58.48384,173.1
2021-2-4T19:5:3,-62.15737,-58.48384,173.0
2021-2-4T19:5:13,-62.15736,-58.48384,173.2
2021-2-4T19:5:24,-62.15737,-58.48385,173.1
2021-2-4T19:5:34,-62.15736,-58.48385,172.8
2021-2-4T19:5:45,-62.15737,-58.48385,172.6
2021-2-4T19:5:55,-62.15737,-58.48385,172.5
2021-2-4T19:6:6,-62.15737,-58.48384,172.4
2021-2-4T19:6:17,-62.15737,-58.48384,172.5
2021-2-4T19:6:27,-62.15737,-58.48383,172.7
2021-2-4T19:6:38,-62.15737,-58.48383,172.9
2021-2-4T19:6:48,-62.15737,-58.48383,173.2
2021-2-4T19:6:59,-62.15737,-58.48382,173.2
2021-2-4T19:7:9,-62.15737,-58.48382,173.9
2021-2-4T19:7:20,-62.15738,-58.48383,174.4
2021-2-4T19:7:31,-62.15738,-58.48383,174.3
2021-2-4T19:7:41,-62.15738,-58.48383,174.0
2021-2-4T19:7:52,-62.15738,-58.48384,173.9
2021-2-4T19:8:2,-62.15738,-58.48383,173.7
2021-2-4T19:8:13,-62.15738,-58.48383,173.0
2021-2-4T19:8:23,-62.15738,-58.48382,172.6
2021-2-4T19:8:34,-62.15738,-58.48382,172.4
2021-2-4T19:8:44,-62.15738,-58.48383,172.4
2021-2-4T19:8:55,-62.15737,-58.48383,172.2
2021-2-4T19:9:6,-62.15737,-58.48383,172.6
2021-2-4T19:9:16,-62.15737,-58.48383,172.5
2021-2-4T19:9:27,-62.15737,-58.48383,172.4
2021-2-4T19:9:37,-62.15737,-58.48383,172.1
2021-2-4T19:9:48,-62.15737,-58.48383,171.3
2021-2-4T19:9:58,-62.15737,-58.48384,172.8
2021-2-4T19:10:9,-62.15737,-58.48384,172.8
2021-2-4T19:10:20,-62.15737,-58.48385,171.6
2021-2-4T19:10:30,-62.15737,-58.48385,171.8
2021-2-4T19:10:41,-62.15737,-58.48385,172.7
2021-2-4T19:10:51,-62.15737,-58.48386,173.2
2021-2-4T19:11:2,-62.15738,-58.48386,173.6
2021-2-4T19:11:12,-62.15738,-58.48385,173.9
2021-2-4T19:11:23,-62.15738,-58.48384,174.4
2021-2-4T19:11:34,-62.15738,-58.48384,175.0
2021-2-4T19:11:44,-62.15739,-58.48384,175.8
2021-2-4T19:11:55,-62.15739,-58.48384,176.7
2021-2-4T19:12:5,-62.15738,-58.48385,177.1
