2021-2-4T21:33:11,-62.15737,-58.48387,176.0
2021-2-4T21:33:22,-62.15737,-58.48387,175.3
2021-2-4T21:33:33,-62.15737,-58.48388,174.6
2021-2-4T21:33:43,-62.15737,-58.48388,174.4
2021-2-4T21:33:54,-62.15738,-58.48387,174.3
2021-2-4T21:34:4,-62.15738,-58.48387,173.7
2021-2-4T21:34:15,-62.15738,-58.48385,173.2
2021-2-4T21:34:25,-62.15738,-58.48385,173.5
2021-2-4T21:34:36,-62.15738,-58.48385,174.4
2021-2-4T21:34:47,-62.15738,-58.48386,174.8
2021-2-4T21:34:57,-62.15738,-58.48387,175.0
2021-2-4T21:35:8,-62.15738,-58.48387,174.9
2021-2-4T21:35:18,-62.15738,-58.48387,175.3
2021-2-4T21:35:29,-62.15738,-58.48388,175.5
2021-2-4T21:35:39,-62.15738,-58.48388,175.4
2021-2-4T21:35:50,-62.15738,-58.48387,174.8
2021-2-4T21:36:1,-62.15738,-58.48387,174.6
2021-2-4T21:36:11,-62.15738,-58.48387,174.8
2021-2-4T21:36:22,-62.15738,-58.48387,174.7
2021-2-4T21:36:32,-62.15738,-58.48387,175.2
2021-2-4T21:36:43,-62.15739,-58.48387,175.7
2021-2-4T21:36:53,-62.15739,-58.48388,176.4
2021-2-4T21:37:4,-62.15739,-58.48389,176.7
2021-2-4T21:37:15,-62.15738,-58.48389,176.4
2021-2-4T21:37:25,-62.15738,-58.48389,176.0
2021-2-4T21:37:36,-62.15738,-58.48389,175.5
2021-2-4T21:37:46,-62.15737,-58.48389,175.5
2021-2-4T21:37:57,-62.15737,-58.48388,174.8
2021-2-4T21:38:7,-62.15737,-58.48388,175.0
2021-2-4T21:38:18,-62.15737,-58.48388,175.4
2021-2-4T21:38:29,-62.15737,-58.48387,175.6
2021-2-4T21:38:39,-62.15738,-58.48387,175.6
2021-2-4T21:38:50,-62.15738,-58.48387,175.6
2021-2-4T21:39:0,-62.15738,-58.48387,175.3
2021-2-4T21:39:11,-62.15738,-58.48387,174.7
2021-2-4T21:39:21,-62.15738,-58.48387,174.3
2021-2-4T21:39:32,-62.15738,-58.48386,174.3
2021-2-4T21:39:43,-62.15738,-58.48386,173.9
2021-2-4T21:39:53,-62.15738,-58.48386,173.9
2021-2-4T21:40:4,-62.15738,-58.48386,174.5
2021-2-4T21:40:14,-62.15738,-58.48386,175.0
2021-2-4T21:40:25,-62.15739,-58.48387,175.8
2021-2-4T21:40:35,-62.15739,-58.48386,176.2
2021-2-4T21:40:46,-62.15738,-58.48386,175.6
2021-2-4T21:40:56,-62.15738,-58.48386,174.9
2021-2-4T21:41:7,-62.15738,-58.48386,174.3
2021-2-4T21:41:18,-62.15738,-58.48386,173.9
2021-2-4T21:41:28,-62.15738,-58.48386,173.8
2021-2-4T21:41:39,-62.15738,-58.48386,173.8
2021-2-4T21:41:49,-62.15738,-58.48386,173.6
2021-2-4T21:42:0,-62.15739,-58.48386,173.4
2021-2-4T21:42:10,-62.15739,-58.48385,173.4
2021-2-4T21:42:21,-62.15739,-58.48385,173.4
2021-2-4T21:42:32,-62.15739,-58.48385,173.3
2021-2-4T21:42:42,-62.15738,-58.48384,172.9
2021-2-4T21:42:53,-62.15738,-58.48385,172.9
2021-2-4T21:43:3,-62.15738,-58.48385,172.9
2021-2-4T21:43:14,-62.15738,-58.48386,173.0
2021-2-4T21:43:24,-62.15738,-58.48386,173.5
2021-2-4T21:43:35,-62.15738,-58.48387,174.6
2021-2-4T21:43:46,-62.15739,-58.48387,175.3
2021-2-4T21:43:56,-62.15739,-58.48386,175.5
2021-2-4T21:44:7,-62.15739,-58.48386,176.0
2021-2-4T21:44:17,-62.15739,-58.48386,176.7
2021-2-4T21:44:28,-62.15738,-58.48386,177.1
2021-2-4T21:44:38,-62.15738,-58.48386,177.4
2021-2-4T21:44:49,-62.15738,-58.48386,177.6
2021-2-4T21:45:0,-62.15739,-58.48386,177.2
2021-2-4T21:45:10,-62.15738,-58.48387,176.9
2021-2-4T21:45:21,-62.15738,-58.48388,176.1
2021-2-4T21:45:31,-62.15738,-58.48388,175.2
2021-2-4T21:45:42,-62.15738,-58.48387,175.3
2021-2-4T21:45:52,-62.15739,-58.48388,176.0
2021-2-4T21:46:3,-62.15739,-58.48387,176.1
2021-2-4T21:46:14,-62.15739,-58.48387,175.7
2021-2-4T21:46:24,-62.15738,-58.48387,175.8
2021-2-4T21:46:35,-62.15738,-58.48385,175.0
2021-2-4T21:46:45,-62.15738,-58.48385,175.2
2021-2-4T21:46:56,-62.15738,-58.48386,176.0
2021-2-4T21:47:6,-62.15738,-58.48386,175.6
2021-2-4T21:47:17,-62.15738,-58.48386,174.9
2021-2-4T21:47:27,-62.15738,-58.48386,174.5
2021-2-4T21:47:38,-62.15738,-58.48385,174.2
2021-2-4T21:47:49,-62.15737,-58.48385,173.7
2021-2-4T21:47:59,-62.15737,-58.48385,173.3
2021-2-4T21:48:10,-62.15737,-58.48386,172.9
2021-2-4T21:48:20,-62.15737,-58.48387,173.1
2021-2-4T21:48:31,-62.15737,-58.48387,174.4
2021-2-4T21:48:41,-62.15737,-58.48388,175.9
2021-2-4T21:48:52,-62.15738,-58.48388,176.5
2021-2-4T21:49:3,-62.15738,-58.48388,176.0
2021-2-4T21:49:13,-62.15738,-58.48387,175.6
2021-2-4T21:49:24,-62.15738,-58.48387,175.3
2021-2-4T21:49:34,-62.15738,-58.48387,175.2
2021-2-4T21:49:45,-62.15738,-58.48388,175.3
2021-2-4T21:49:55,-62.15738,-58.48388,175.0
2021-2-4T21:50:6,-62.15738,-58.48388,174.1
2021-2-4T21:50:17,-62.15738,-58.48388,173.5
2021-2-4T21:50:27,-62.15738,-58.48388,173.1
2021-2-4T21:50:38,-62.15738,-58.48388,173.3
