2021-2-4T9:56:43,-62.15736,-58.48387,173.7
2021-2-4T9:56:54,-62.15737,-58.48387,173.6
2021-2-4T9:57:4,-62.15737,-58.48388,173.5
2021-2-4T9:57:15,-62.15737,-58.48388,174.5
2021-2-4T9:57:25,-62.15737,-58.48388,174.2
2021-2-4T9:57:36,-62.15737,-58.48388,175.5
2021-2-4T9:57:47,-62.15737,-58.48388,175.7
2021-2-4T9:57:57,-62.15737,-58.48388,176.1
2021-2-4T9:58:8,-62.15738,-58.48387,175.9
2021-2-4T9:58:19,-62.15738,-58.48387,176.6
2021-2-4T9:58:29,-62.15738,-58.48387,177.1
2021-2-4T9:58:40,-62.15738,-58.48387,176.9
2021-2-4T9:58:51,-62.15738,-58.48386,175.9
2021-2-4T9:59:1,-62.15738,-58.48386,176.5
2021-2-4T9:59:12,-62.15738,-58.48386,175.4
2021-2-4T9:59:23,-62.15738,-58.48386,175.4
2021-2-4T9:59:33,-62.15738,-58.48386,174.8
2021-2-4T9:59:44,-62.15739,-58.48386,176.6
2021-2-4T9:59:55,-62.15739,-58.48386,176.0
2021-2-4T10:0:5,-62.15739,-58.48386,177.3
2021-2-4T10:0:16,-62.15739,-58.48385,176.8
2021-2-4T10:0:27,-62.15738,-58.48385,177.4
2021-2-4T10:0:37,-62.15738,-58.48385,177.3
2021-2-4T10:0:48,-62.15738,-58.48385,177.9
2021-2-4T10:0:59,-62.15738,-58.48385,177.5
2021-2-4T10:1:9,-62.15739,-58.48385,178.1
2021-2-4T10:1:20,-62.15739,-58.48386,177.1
2021-2-4T10:1:30,-62.15739,-58.48386,177.3
2021-2-4T10:1:41,-62.15739,-58.48386,176.2
2021-2-4T10:1:52,-62.15739,-58.48386,175.5
2021-2-4T10:2:2,-62.15738,-58.48386,174.4
2021-2-4T10:2:13,-62.15738,-58.48385,174.6
2021-2-4T10:2:24,-62.15738,-58.48385,174.2
2021-2-4T10:2:34,-62.15738,-58.48384,174.0
2021-2-4T10:2:45,-62.15738,-58.48385,174.0
2021-2-4T10:2:56,-62.15738,-58.48385,173.8
2021-2-4T10:3:6,-62.15737,-58.48386,173.7
2021-2-4T10:3:17,-62.15738,-58.48387,174.4
2021-2-4T10:3:28,-62.15738,-58.48388,174.8
2021-2-4T10:3:38,-62.15737,-58.48388,174.6
2021-2-4T10:3:49,-62.15737,-58.48387,174.5
2021-2-4T10:4:0,-62.15736,-58.48386,172.9
2021-2-4T10:4:10,-62.15736,-58.48386,172.2
2021-2-4T10:4:21,-62.15736,-58.48386,171.5
2021-2-4T10:4:32,-62.15736,-58.48386,170.9
2021-2-4T10:4:42,-62.15736,-58.48387,170.7
2021-2-4T10:4:53,-62.15736,-58.48387,170.1
2021-2-4T10:5:4,-62.15736,-58.48387,170.4
2021-2-4T10:5:14,-62.15736,-58.48387,170.2
2021-2-4T10:5:25,-62.15736,-58.48386,170.4
2021-2-4T10:5:36,-62.15736,-58.48385,171.0
2021-2-4T10:5:46,-62.15736,-58.48385,171.3
2021-2-4T10:5:57,-62.15736,-58.48386,172.1
2021-2-4T10:6:8,-62.15737,-58.48387,173.1
2021-2-4T10:6:18,-62.15737,-58.48388,173.6
2021-2-4T10:6:29,-62.15737,-58.48390,174.0
2021-2-4T10:6:40,-62.15737,-58.48390,174.0
2021-2-4T10:6:50,-62.15737,-58.48390,174.1
2021-2-4T10:7:1,-62.15737,-58.48389,173.7
2021-2-4T10:7:12,-62.15737,-58.48388,173.4
2021-2-4T10:7:22,-62.15736,-58.48388,173.3
2021-2-4T10:7:33,-62.15736,-58.48388,173.1
2021-2-4T10:7:44,-62.15736,-58.48388,172.9
2021-2-4T10:7:54,-62.15736,-58.48388,172.1
2021-2-4T10:8:5,-62.15736,-58.48388,172.0
2021-2-4T10:8:15,-62.15736,-58.48389,171.6
2021-2-4T10:8:26,-62.15736,-58.48388,171.9
2021-2-4T10:8:37,-62.15736,-58.48389,172.3
2021-2-4T10:8:47,-62.15736,-58.48389,172.5
2021-2-4T10:8:58,-62.15736,-58.48389,172.3
2021-2-4T10:9:9,-62.15736,-58.48389,172.1
2021-2-4T10:9:19,-62.15736,-58.48388,171.8
2021-2-4T10:9:30,-62.15736,-58.48388,171.8
2021-2-4T10:9:41,-62.15736,-58.48388,171.4
2021-2-4T10:9:51,-62.15736,-58.48388,170.5
2021-2-4T10:10:2,-62.15736,-58.48388,170.3
2021-2-4T10:10:13,-62.15735,-58.48387,168.8
2021-2-4T10:10:23,-62.15735,-58.48386,169.0
2021-2-4T10:10:34,-62.15735,-58.48386,169.6
2021-2-4T10:10:45,-62.15735,-58.48386,170.7
2021-2-4T10:10:55,-62.15736,-58.48386,171.4
2021-2-4T10:11:6,-62.15736,-58.48387,171.6
2021-2-4T10:11:17,-62.15736,-58.48388,172.6
2021-2-4T10:11:27,-62.15736,-58.48388,172.4
2021-2-4T10:11:38,-62.15736,-58.48388,172.9
2021-2-4T10:11:49,-62.15737,-58.48388,173.9
2021-2-4T10:11:59,-62.15737,-58.48387,174.1
2021-2-4T10:12:10,-62.15737,-58.48386,172.6
2021-2-4T10:12:20,-62.15736,-58.48385,171.2
2021-2-4T10:12:31,-62.15736,-58.48385,170.1
2021-2-4T10:12:42,-62.15736,-58.48385,169.9
2021-2-4T10:12:52,-62.15736,-58.48385,169.6
2021-2-4T10:13:3,-62.15736,-58.48387,168.6
2021-2-4T10:13:14,-62.15735,-58.48388,168.3
2021-2-4T10:13:24,-62.15735,-58.48389,168.3
2021-2-4T10:13:35,-62.15735,-58.48389,169.2
2021-2-4T10:13:46,-62.15736,-58.48389,170.8
2021-2-4T10:13:56,-62.15736,-58.48389,170.9
2021-2-4T10:14:7,-62.15736,-58.48388,171.2
2021-2-4T10:14:18,-62.15737,-58.48387,171.7
