2021-2-4T9:3:26,-62.15737,-58.48388,175.8
2021-2-4T9:3:37,-62.15737,-58.48388,175.6
2021-2-4T9:3:47,-62.15737,-58.48388,175.3
2021-2-4T9:3:58,-62.15736,-58.48388,175.4
2021-2-4T9:4:8,-62.15736,-58.48388,175.7
2021-2-4T9:4:19,-62.15737,-58.48387,175.6
2021-2-4T9:4:30,-62.15737,-58.48387,175.7
2021-2-4T9:4:40,-62.15738,-58.48386,175.5
2021-2-4T9:4:51,-62.15737,-58.48386,175.8
2021-2-4T9:5:2,-62.15737,-58.48387,176.2
2021-2-4T9:5:12,-62.15737,-58.48387,175.9
2021-2-4T9:5:23,-62.15737,-58.48387,175.8
2021-2-4T9:5:34,-62.15736,-58.48387,176.5
2021-2-4T9:5:44,-62.15737,-58.48387,176.4
2021-2-4T9:5:55,-62.15737,-58.48387,176.2
2021-2-4T9:6:6,-62.15737,-58.48387,176.4
2021-2-4T9:6:16,-62.15736,-58.48387,176.6
2021-2-4T9:6:27,-62.15737,-58.48386,176.1
2021-2-4T9:6:38,-62.15737,-58.48386,175.6
2021-2-4T9:6:48,-62.15737,-58.48386,175.6
2021-2-4T9:6:59,-62.15737,-58.48386,175.2
2021-2-4T9:7:10,-62.15737,-58.48386,175.2
2021-2-4T9:7:20,-62.15737,-58.48387,174.8
2021-2-4T9:7:31,-62.15737,-58.48387,174.9
2021-2-4T9:7:42,-62.15737,-58.48388,175.9
2021-2-4T9:7:52,-62.15737,-58.48388,176.1
2021-2-4T9:8:3,-62.15738,-58.48387,175.8
2021-2-4T9:8:13,-62.15738,-58.48387,176.8
2021-2-4T9:8:24,-62.15738,-58.48386,176.6
2021-2-4T9:8:35,-62.15738,-58.48385,175.9
2021-2-4T9:8:45,-62.15738,-58.48385,175.3
2021-2-4T9:8:56,-62.15738,-58.48386,175.1
2021-2-4T9:9:7,-62.15738,-58.48386,174.8
2021-2-4T9:9:17,-62.15738,-58.48386,174.5
2021-2-4T9:9:28,-62.15737,-58.48385,174.1
2021-2-4T9:9:39,-62.15737,-58.48385,173.5
2021-2-4T9:9:49,-62.15737,-58.48384,173.3
2021-2-4T9:10:0,-62.15738,-58.48383,173.4
2021-2-4T9:10:11,-62.15738,-58.48383,173.0
2021-2-4T9:10:21,-62.15738,-58.48385,172.8
2021-2-4T9:10:32,-62.15737,-58.48386,172.9
2021-2-4T9:10:43,-62.15737,-58.48386,172.7
2021-2-4T9:10:53,-62.15737,-58.48387,172.9
2021-2-4T9:11:4,-62.15737,-58.48387,173.7
2021-2-4T9:11:15,-62.15737,-58.48387,174.4
2021-2-4T9:11:25,-62.15737,-58.48387,175.2
2021-2-4T9:11:36,-62.15738,-58.48387,175.3
2021-2-4T9:11:47,-62.15737,-58.48387,174.9
2021-2-4T9:11:57,-62.15737,-58.48386,174.2
2021-2-4T9:12:8,-62.15737,-58.48387,174.3
2021-2-4T9:12:19,-62.15737,-58.48388,175.0
2021-2-4T9:12:29,-62.15737,-58.48388,175.4
2021-2-4T9:12:40,-62.15737,-58.48387,174.7
2021-2-4T9:12:51,-62.15737,-58.48386,174.8
2021-2-4T9:13:1,-62.15737,-58.48385,174.6
2021-2-4T9:13:12,-62.15737,-58.48385,175.1
2021-2-4T9:13:22,-62.15737,-58.48385,175.2
2021-2-4T9:13:33,-62.15738,-58.48386,175.3
2021-2-4T9:13:44,-62.15738,-58.48386,175.8
2021-2-4T9:13:54,-62.15738,-58.48386,176.3
2021-2-4T9:14:5,-62.15738,-58.48387,176.4
2021-2-4T9:14:16,-62.15738,-58.48387,177.0
2021-2-4T9:14:26,-62.15738,-58.48387,177.6
2021-2-4T9:14:37,-62.15738,-58.48387,177.4
2021-2-4T9:14:48,-62.15738,-58.48387,177.3
2021-2-4T9:14:58,-62.15738,-58.48387,176.8
2021-2-4T9:15:9,-62.15738,-58.48387,176.6
2021-2-4T9:15:20,-62.15737,-58.48387,176.0
2021-2-4T9:15:30,-62.15737,-58.48388,176.4
2021-2-4T9:15:41,-62.15737,-58.48387,176.1
2021-2-4T9:15:52,-62.15737,-58.48387,176.5
2021-2-4T9:16:2,-62.15737,-58.48387,176.9
2021-2-4T9:16:13,-62.15738,-58.48387,176.7
2021-2-4T9:16:24,-62.15738,-58.48386,175.9
2021-2-4T9:16:34,-62.15738,-58.48386,175.4
2021-2-4T9:16:45,-62.15738,-58.48386,175.3
2021-2-4T9:16:56,-62.15738,-58.48386,175.6
2021-2-4T9:17:6,-62.15737,-58.48386,175.4
2021-2-4T9:17:17,-62.15737,-58.48386,174.9
2021-2-4T9:17:27,-62.15737,-58.48386,174.5
2021-2-4T9:17:38,-62.15737,-58.48386,174.3
2021-2-4T9:17:49,-62.15738,-58.48386,174.3
2021-2-4T9:17:59,-62.15738,-58.48387,174.3
2021-2-4T9:18:10,-62.15738,-58.48387,174.5
2021-2-4T9:18:21,-62.15738,-58.48387,175.1
2021-2-4T9:18:31,-62.15738,-58.48388,174.7
2021-2-4T9:18:42,-62.15738,-58.48387,173.9
2021-2-4T9:18:53,-62.15737,-58.48387,173.9
2021-2-4T9:19:3,-62.15738,-58.48387,173.7
2021-2-4T9:19:14,-62.15738,-58.48387,174.4
2021-2-4T9:19:25,-62.15738,-58.48386,174.5
2021-2-4T9:19:35,-62.15738,-58.48386,174.1
2021-2-4T9:19:46,-62.15738,-58.48385,173.9
2021-2-4T9:19:57,-62.15737,-58.48385,174.2
2021-2-4T9:20:7,-62.15738,-58.48384,174.6
2021-2-4T9:20:18,-62.15738,-58.48385,174.4
2021-2-4T9:20:29,-62.15737,-58.48386,174.3
2021-2-4T9:20:39,-62.15737,-58.48386,174.6
2021-2-4T9:20:50,-62.15738,-58.48387,174.4
2021-2-4T9:21:1,-62.15738,-58.48387,174.2
