2021-2-4T10:50:0,-62.15740,-58.48386,177.2
2021-2-4T10:50:11,-62.15739,-58.48387,175.8
2021-2-4T10:50:22,-62.15738,-58.48388,174.9
2021-2-4T10:50:32,-62.15737,-58.48388,174.5
2021-2-4T10:50:43,-62.15737,-58.48389,174.2
2021-2-4T10:50:54,-62.15737,-58.48389,174.0
2021-2-4T10:51:4,-62.15737,-58.48389,173.9
2021-2-4T10:51:15,-62.15738,-58.48388,174.9
2021-2-4T10:51:26,-62.15739,-58.48387,176.3
2021-2-4T10:51:36,-62.15739,-58.48387,176.4
2021-2-4T10:51:47,-62.15739,-58.48386,176.3
2021-2-4T10:51:58,-62.15739,-58.48387,176.4
2021-2-4T10:52:8,-62.15739,-58.48387,176.7
2021-2-4T10:52:19,-62.15739,-58.48387,176.2
2021-2-4T10:52:30,-62.15738,-58.48387,175.6
2021-2-4T10:52:40,-62.15738,-58.48387,175.2
2021-2-4T10:52:51,-62.15738,-58.48387,175.2
2021-2-4T10:53:1,-62.15739,-58.48387,176.1
2021-2-4T10:53:12,-62.15739,-58.48387,177.1
2021-2-4T10:53:23,-62.15738,-58.48387,176.2
2021-2-4T10:53:33,-62.15738,-58.48387,175.4
2021-2-4T10:53:44,-62.15738,-58.48386,175.4
2021-2-4T10:53:55,-62.15738,-58.48386,175.5
2021-2-4T10:54:5,-62.15738,-58.48386,175.6
2021-2-4T10:54:16,-62.15739,-58.48385,176.3
2021-2-4T10:54:27,-62.15738,-58.48385,176.9
2021-2-4T10:54:37,-62.15738,-58.48385,176.7
2021-2-4T10:54:48,-62.15737,-58.48386,176.7
2021-2-4T10:54:59,-62.15737,-58.48386,176.4
2021-2-4T10:55:9,-62.15738,-58.48386,176.4
2021-2-4T10:55:20,-62.15738,-58.48386,177.1
2021-2-4T10:55:31,-62.15737,-58.48386,176.3
2021-2-4T10:55:41,-62.15737,-58.48386,175.7
2021-2-4T10:55:52,-62.15737,-58.48386,174.9
2021-2-4T10:56:3,-62.15738,-58.48387,175.6
2021-2-4T10:56:13,-62.15739,-58.48387,175.6
2021-2-4T10:56:24,-62.15739,-58.48387,176.3
2021-2-4T10:56:35,-62.15738,-58.48387,176.5
2021-2-4T10:56:45,-62.15738,-58.48388,176.1
2021-2-4T10:56:56,-62.15738,-58.48389,175.8
2021-2-4T10:57:7,-62.15737,-58.48390,175.9
2021-2-4T10:57:17,-62.15737,-58.48389,176.2
2021-2-4T10:57:28,-62.15737,-58.48389,175.2
2021-2-4T10:57:39,-62.15737,-58.48388,174.5
2021-2-4T10:57:49,-62.15737,-58.48388,173.4
2021-2-4T10:58:0,-62.15736,-58.48387,172.5
2021-2-4T10:58:10,-62.15736,-58.48387,171.8
2021-2-4T10:58:21,-62.15736,-58.48388,172.8
2021-2-4T10:58:32,-62.15737,-58.48387,173.5
2021-2-4T10:58:42,-62.15737,-58.48387,173.9
2021-2-4T10:58:53,-62.15737,-58.48387,174.5
2021-2-4T10:59:4,-62.15737,-58.48387,174.9
2021-2-4T10:59:14,-62.15738,-58.48386,175.4
2021-2-4T10:59:25,-62.15739,-58.48385,177.2
2021-2-4T10:59:36,-62.15739,-58.48384,177.0
2021-2-4T10:59:46,-62.15739,-58.48384,176.0
2021-2-4T10:59:57,-62.15738,-58.48384,175.6
2021-2-4T11:0:8,-62.15738,-58.48385,174.9
2021-2-4T11:0:18,-62.15738,-58.48385,174.5
2021-2-4T11:0:29,-62.15738,-58.48384,174.5
2021-2-4T11:0:40,-62.15738,-58.48385,174.0
2021-2-4T11:0:50,-62.15737,-58.48385,173.6
2021-2-4T11:1:1,-62.15737,-58.48386,173.2
2021-2-4T11:1:12,-62.15737,-58.48386,173.0
2021-2-4T11:1:22,-62.15737,-58.48385,172.9
2021-2-4T11:1:33,-62.15737,-58.48386,172.5
2021-2-4T11:1:44,-62.15737,-58.48386,172.3
2021-2-4T11:1:54,-62.15737,-58.48386,173.0
2021-2-4T11:2:5,-62.15737,-58.48386,173.3
2021-2-4T11:2:15,-62.15737,-58.48385,173.4
2021-2-4T11:2:26,-62.15737,-58.48385,173.1
2021-2-4T11:2:37,-62.15737,-58.48385,173.2
2021-2-4T11:2:47,-62.15737,-58.48385,173.6
2021-2-4T11:2:58,-62.15738,-58.48384,174.9
2021-2-4T11:3:9,-62.15739,-58.48383,175.3
2021-2-4T11:3:19,-62.15738,-58.48383,175.1
2021-2-4T11:3:30,-62.15738,-58.48384,175.2
2021-2-4T11:3:41,-62.15738,-58.48384,174.4
2021-2-4T11:3:51,-62.15737,-58.48385,173.9
2021-2-4T11:4:2,-62.15737,-58.48385,173.4
2021-2-4T11:4:13,-62.15737,-58.48385,172.7
2021-2-4T11:4:23,-62.15736,-58.48384,173.1
2021-2-4T11:4:34,-62.15736,-58.48384,173.1
2021-2-4T11:4:45,-62.15736,-58.48385,173.0
2021-2-4T11:4:55,-62.15736,-58.48385,174.0
2021-2-4T11:5:6,-62.15737,-58.48386,174.7
2021-2-4T11:5:17,-62.15737,-58.48386,174.3
2021-2-4T11:5:27,-62.15736,-58.48387,174.2
2021-2-4T11:5:38,-62.15736,-58.48388,174.2
2021-2-4T11:5:49,-62.15736,-58.48388,174.7
2021-2-4T11:5:59,-62.15736,-58.48388,175.0
2021-2-4T11:6:10,-62.15736,-58.48389,174.1
2021-2-4T11:6:21,-62.15736,-58.48389,173.4
2021-2-4T11:6:31,-62.15736,-58.48389,174.1
2021-2-4T11:6:42,-62.15737,-58.48389,173.2
2021-2-4T11:6:52,-62.15736,-58.48389,171.9
2021-2-4T11:7:3,-62.15737,-58.48390,171.6
2021-2-4T11:7:14,-62.15737,-58.48389,172.6
2021-2-4T11:7:24,-62.15737,-58.48388,173.2
2021-2-4T11:7:35,-62.15737,-58.48388,173.5
