2021-2-4T13:51:21,-62.15766,-58.48384,178.8
2021-2-4T13:51:33,-62.15766,-58.48384,178.2
2021-2-4T13:51:44,-62.15766,-58.48384,178.3
2021-2-4T13:51:54,-62.15766,-58.48384,178.6
2021-2-4T13:52:5,-62.15766,-58.48384,178.2
2021-2-4T13:52:16,-62.15766,-58.48385,176.5
2021-2-4T13:52:26,-62.15766,-58.48385,175.9
2021-2-4T13:52:37,-62.15766,-58.48385,175.7
2021-2-4T13:52:48,-62.15766,-58.48385,176.0
2021-2-4T13:52:58,-62.15766,-58.48385,176.3
2021-2-4T13:53:9,-62.15766,-58.48385,176.0
2021-2-4T13:53:21,-62.15766,-58.48385,176.5
2021-2-4T13:53:32,-62.15765,-58.48385,175.8
2021-2-4T13:53:43,-62.15765,-58.48385,174.8
2021-2-4T13:53:54,-62.15765,-58.48385,175.2
2021-2-4T13:54:5,-62.15765,-58.48386,174.6
2021-2-4T13:54:16,-62.15766,-58.48386,174.6
2021-2-4T13:54:27,-62.15766,-58.48386,174.6
2021-2-4T13:54:38,-62.15766,-58.48387,173.6
2021-2-4T13:54:49,-62.15766,-58.48387,173.3
2021-2-4T13:55:0,-62.15765,-58.48387,173.2
2021-2-4T13:55:11,-62.15765,-58.48388,171.5
2021-2-4T13:55:22,-62.15765,-58.48388,171.3
2021-2-4T13:55:33,-62.15766,-58.48388,170.3
2021-2-4T13:55:44,-62.15766,-58.48388,169.6
2021-2-4T13:55:55,-62.15766,-58.48388,170.5
2021-2-4T13:56:6,-62.15766,-58.48389,169.8
2021-2-4T13:56:17,-62.15766,-58.48389,169.1
2021-2-4T13:56:28,-62.15766,-58.48388,169.6
2021-2-4T13:56:39,-62.15766,-58.48388,170.2
2021-2-4T13:56:50,-62.15766,-58.48389,170.5
2021-2-4T13:57:1,-62.15766,-58.48388,171.2
2021-2-4T13:57:12,-62.15766,-58.48388,172.4
2021-2-4T13:57:23,-62.15767,-58.48388,175.3
2021-2-4T13:57:34,-62.15767,-58.48388,173.8
2021-2-4T13:57:45,-62.15766,-58.48387,173.5
2021-2-4T13:57:56,-62.15766,-58.48388,173.1
2021-2-4T13:58:7,-62.15766,-58.48388,172.0
2021-2-4T13:58:18,-62.15766,-58.48388,171.8
2021-2-4T13:58:29,-62.15766,-58.48388,172.2
2021-2-4T13:58:40,-62.15766,-58.48388,172.0
2021-2-4T13:58:51,-62.15766,-58.48388,171.9
2021-2-4T13:59:2,-62.15766,-58.48388,171.9
2021-2-4T13:59:13,-62.15766,-58.48388,172.5
2021-2-4T13:59:24,-62.15766,-58.48388,172.4
2021-2-4T13:59:34,-62.15766,-58.48388,172.1
2021-2-4T13:59:45,-62.15766,-58.48389,172.7
2021-2-4T13:59:56,-62.15766,-58.48389,173.5
2021-2-4T14:0:7,-62.15766,-58.48389,172.8
2021-2-4T14:0:18,-62.15766,-58.48389,173.6
2021-2-4T14:0:29,-62.15766,-58.48389,173.9
2021-2-4T14:0:40,-62.15766,-58.48389,174.0
2021-2-4T14:0:51,-62.15767,-58.48390,173.4
2021-2-4T14:1:2,-62.15767,-58.48389,172.7
2021-2-4T14:1:13,-62.15767,-58.48390,173.0
2021-2-4T14:1:24,-62.15767,-58.48390,173.4
2021-2-4T14:1:35,-62.15767,-58.48390,173.6
2021-2-4T14:1:46,-62.15767,-58.48390,172.7
2021-2-4T14:1:57,-62.15767,-58.48389,172.6
2021-2-4T14:2:8,-62.15767,-58.48390,171.8
2021-2-4T14:2:19,-62.15767,-58.48389,172.0
2021-2-4T14:2:30,-62.15766,-58.48388,172.4
2021-2-4T14:2:41,-62.15766,-58.48388,172.9
2021-2-4T14:2:52,-62.15766,-58.48388,173.1
2021-2-4T14:3:3,-62.15766,-58.48388,173.4
2021-2-4T14:3:14,-62.15766,-58.48388,173.1
2021-2-4T14:3:25,-62.15766,-58.48388,172.7
2021-2-4T14:3:36,-62.15766,-58.48389,172.0
2021-2-4T14:3:47,-62.15766,-58.48389,171.8
2021-2-4T14:3:58,-62.15767,-58.48389,172.2
2021-2-4T14:4:9,-62.15767,-58.48390,172.4
2021-2-4T14:4:20,-62.15767,-58.48389,172.4
2021-2-4T14:4:31,-62.15767,-58.48388,172.2
2021-2-4T14:4:42,-62.15766,-58.48388,171.7
2021-2-4T14:4:53,-62.15767,-58.48389,172.0
2021-2-4T14:5:4,-62.15767,-58.48389,171.7
2021-2-4T14:5:15,-62.15767,-58.48389,171.3
2021-2-4T14:5:26,-62.15766,-58.48389,171.2
2021-2-4T14:5:37,-62.15767,-58.48389,171.8
2021-2-4T14:5:48,-62.15766,-58.48388,171.6
2021-2-4T14:5:59,-62.15766,-58.48388,171.4
2021-2-4T14:6:10,-62.15766,-58.48389,171.0
2021-2-4T14:6:21,-62.15767,-58.48389,172.0
2021-2-4T14:6:31,-62.15766,-58.48389,171.5
2021-2-4T14:6:42,-62.15766,-58.48388,171.7
2021-2-4T14:6:53,-62.15766,-58.48389,171.1
2021-2-4T14:7:4,-62.15766,-58.48388,171.5
2021-2-4T14:7:15,-62.15766,-58.48388,171.7
2021-2-4T14:7:26,-62.15766,-58.48388,171.7
2021-2-4T14:7:37,-62.15766,-58.48388,171.5
2021-2-4T14:7:48,-62.15766,-58.48388,171.6
2021-2-4T14:7:59,-62.15766,-58.48388,170.9
2021-2-4T14:8:10,-62.15766,-58.48388,171.0
2021-2-4T14:8:21,-62.15766,-58.48388,171.1
2021-2-4T14:8:33,-62.15766,-58.48388,171.3
2021-2-4T14:8:44,-62.15766,-58.48388,171.5
2021-2-4T14:8:55,-62.15766,-58.48388,171.5
2021-2-4T14:9:6,-62.15766,-58.48387,171.9
2021-2-4T14:9:17,-62.15766,-58.48388,172.0
2021-2-4T14:9:28,-62.15766,-58.48387,172.0
