2021-2-4T23:54:21,-62.15739,-58.48390,173.8
2021-2-4T23:54:32,-62.15739,-58.48390,174.4
2021-2-4T23:54:42,-62.15739,-58.48389,174.7
2021-2-4T23:54:53,-62.15739,-58.48389,174.5
2021-2-4T23:55:3,-62.15739,-58.48388,174.2
2021-2-4T23:55:14,-62.15739,-58.48388,174.4
2021-2-4T23:55:25,-62.15739,-58.48388,174.5
2021-2-4T23:55:35,-62.15739,-58.48387,174.8
2021-2-4T23:55:46,-62.15738,-58.48386,175.6
2021-2-4T23:55:56,-62.15738,-58.48386,175.5
2021-2-4T23:56:7,-62.15738,-58.48386,175.1
2021-2-4T23:56:17,-62.15738,-58.48387,174.9
2021-2-4T23:56:28,-62.15738,-58.48387,175.3
2021-2-4T23:56:39,-62.15739,-58.48387,175.4
2021-2-4T23:56:49,-62.15739,-58.48387,174.7
2021-2-4T23:57:0,-62.15739,-58.48387,174.8
2021-2-4T23:57:10,-62.15739,-58.48387,174.7
2021-2-4T23:57:21,-62.15739,-58.48388,174.9
2021-2-4T23:57:32,-62.15739,-58.48388,174.8
2021-2-4T23:57:42,-62.15739,-58.48388,174.4
2021-2-4T23:57:53,-62.15738,-58.48388,174.8
2021-2-4T23:58:3,-62.15738,-58.48388,174.9
2021-2-4T23:58:14,-62.15738,-58.48388,174.9
2021-2-4T23:58:25,-62.15738,-58.48387,175.5
2021-2-4T23:58:35,-62.15738,-58.48387,175.6
2021-2-4T23:58:46,-62.15738,-58.48387,175.6
2021-2-4T23:58:56,-62.15738,-58.48386,176.1
2021-2-4T23:59:7,-62.15738,-58.48386,176.6
2021-2-4T23:59:18,-62.15738,-58.48386,176.6
2021-2-4T23:59:28,-62.15738,-58.48386,175.9
2021-2-4T23:59:39,-62.15738,-58.48387,175.2
2021-2-4T23:59:49,-62.15739,-58.48388,174.4
2021-2-4T0:0:0,-62.15739,-58.48388,173.8
2021-2-4T0:0:11,-62.15739,-58.48387,174.2
2021-2-4T0:0:21,-62.15739,-58.48386,174.2
2021-2-4T0:0:32,-62.15740,-58.48386,174.1
2021-2-4T0:0:42,-62.15740,-58.48386,175.2
2021-2-4T0:0:53,-62.15740,-58.48387,175.7
2021-2-4T0:1:4,-62.15739,-58.48387,175.5
2021-2-4T0:1:14,-62.15740,-58.48387,175.2
2021-2-4T0:1:25,-62.15740,-58.48387,174.5
2021-2-4T0:1:35,-62.15740,-58.48387,174.5
2021-2-4T0:1:46,-62.15740,-58.48387,174.7
2021-2-4T0:1:57,-62.15740,-58.48387,174.4
2021-2-4T0:2:7,-62.15740,-58.48387,174.1
2021-2-4T0:2:18,-62.15739,-58.48387,174.1
2021-2-4T0:2:28,-62.15739,-58.48386,173.7
2021-2-4T0:2:39,-62.15739,-58.48386,173.2
2021-2-4T0:2:50,-62.15738,-58.48386,173.1
2021-2-4T0:3:0,-62.15738,-58.48386,172.8
2021-2-4T0:3:11,-62.15739,-58.48386,172.6
2021-2-4T0:3:21,-62.15738,-58.48387,172.8
2021-2-4T0:3:32,-62.15738,-58.48388,173.4
2021-2-4T0:3:43,-62.15739,-58.48389,173.6
2021-2-4T0:3:53,-62.15739,-58.48388,173.6
2021-2-4T0:4:4,-62.15739,-58.48388,173.5
2021-2-4T0:4:14,-62.15739,-58.48387,173.8
2021-2-4T0:4:25,-62.15739,-58.48387,174.6
2021-2-4T0:4:36,-62.15739,-58.48386,175.3
2021-2-4T0:4:46,-62.15739,-58.48386,175.7
2021-2-4T0:4:57,-62.15739,-58.48385,175.1
2021-2-4T0:5:7,-62.15738,-58.48385,174.7
2021-2-4T0:5:18,-62.15739,-58.48386,175.0
2021-2-4T0:5:28,-62.15739,-58.48386,175.1
2021-2-4T0:5:39,-62.15739,-58.48386,175.5
2021-2-4T0:5:50,-62.15739,-58.48386,175.4
2021-2-4T0:6:0,-62.15739,-58.48385,175.2
2021-2-4T0:6:11,-62.15739,-58.48385,175.3
2021-2-4T0:6:21,-62.15739,-58.48385,175.4
2021-2-4T0:6:32,-62.15739,-58.48385,175.5
2021-2-4T0:6:43,-62.15739,-58.48384,175.8
2021-2-4T0:6:53,-62.15739,-58.48385,176.4
2021-2-4T0:7:4,-62.15739,-58.48385,176.3
2021-2-4T0:7:14,-62.15739,-58.48385,175.9
2021-2-4T0:7:25,-62.15739,-58.48385,175.8
2021-2-4T0:7:36,-62.15739,-58.48385,175.7
2021-2-4T0:7:46,-62.15739,-58.48386,175.6
2021-2-4T0:7:57,-62.15739,-58.48386,175.6
2021-2-4T0:8:7,-62.15739,-58.48386,175.2
2021-2-4T0:8:18,-62.15739,-58.48387,175.6
2021-2-4T0:8:29,-62.15739,-58.48386,175.6
2021-2-4T0:8:39,-62.15739,-58.48385,174.8
2021-2-4T0:8:50,-62.15739,-58.48385,174.8
2021-2-4T0:9:0,-62.15739,-58.48385,174.4
2021-2-4T0:9:11,-62.15739,-58.48385,174.1
2021-2-4T0:9:22,-62.15740,-58.48385,174.0
2021-2-4T0:9:32,-62.15739,-58.48385,174.3
2021-2-4T0:9:43,-62.15739,-58.48386,174.2
2021-2-4T0:9:53,-62.15739,-58.48386,174.0
2021-2-4T0:10:4,-62.15739,-58.48387,173.5
2021-2-4T0:10:14,-62.15739,-58.48386,173.4
2021-2-4T0:10:25,-62.15739,-58.48386,173.3
2021-2-4T0:10:36,-62.15739,-58.48386,173.5
2021-2-4T0:10:46,-62.15739,-58.48385,173.8
2021-2-4T0:10:57,-62.15739,-58.48385,174.4
2021-2-4T0:11:7,-62.15739,-58.48385,174.5
2021-2-4T0:11:18,-62.15739,-58.48385,174.3
2021-2-4T0:11:29,-62.15739,-58.48385,173.4
2021-2-4T0:11:39,-62.15739,-58.48385,173.1
2021-2-4T0:11:50,-62.15739,-58.48384,173.0
