2021-2-4T19:47:30,-62.15738,-58.48385,173.5
2021-2-4T19:47:41,-62.15738,-58.48384,174.0
2021-2-4T19:47:51,-62.15738,-58.48384,174.1
2021-2-4T19:48:2,-62.15738,-58.48385,174.0
2021-2-4T19:48:12,-62.15738,-58.48385,174.2
2021-2-4T19:48:23,-62.15738,-58.48385,174.6
2021-2-4T19:48:34,-62.15737,-58.48386,174.1
2021-2-4T19:48:44,-62.15737,-58.48386,173.5
2021-2-4T19:48:55,-62.15737,-58.48386,173.4
2021-2-4T19:49:5,-62.15737,-58.48386,173.3
2021-2-4T19:49:16,-62.15737,-58.48386,173.6
2021-2-4T19:49:26,-62.15737,-58.48386,173.9
2021-2-4T19:49:37,-62.15738,-58.48386,174.3
2021-2-4T19:49:48,-62.15738,-58.48386,174.5
2021-2-4T19:49:58,-62.15738,-58.48386,174.7
2021-2-4T19:50:9,-62.15739,-58.48385,174.8
2021-2-4T19:50:19,-62.15739,-58.48385,175.2
2021-2-4T19:50:30,-62.15739,-58.48384,175.6
2021-2-4T19:50:40,-62.15738,-58.48384,175.0
2021-2-4T19:50:51,-62.15738,-58.48385,173.9
2021-2-4T19:51:1,-62.15737,-58.48385,173.2
2021-2-4T19:51:12,-62.15737,-58.48385,172.9
2021-2-4T19:51:23,-62.15737,-58.48385,172.2
2021-2-4T19:51:33,-62.15737,-58.48386,171.6
2021-2-4T19:51:44,-62.15737,-58.48386,171.7
2021-2-4T19:51:54,-62.15737,-58.48387,171.8
2021-2-4T19:52:5,-62.15737,-58.48386,171.7
2021-2-4T19:52:15,-62.15737,-58.48385,171.3
2021-2-4T19:52:26,-62.15738,-58.48385,171.1
2021-2-4T19:52:37,-62.15737,-58.48384,171.0
2021-2-4T19:52:47,-62.15737,-58.48384,171.3
2021-2-4T19:52:58,-62.15737,-58.48385,171.5
2021-2-4T19:53:8,-62.15737,-58.48385,171.8
2021-2-4T19:53:19,-62.15737,-58.48385,172.3
2021-2-4T19:53:29,-62.15737,-58.48385,172.7
2021-2-4T19:53:40,-62.15737,-58.48385,173.2
2021-2-4T19:53:51,-62.15737,-58.48385,172.8
2021-2-4T19:54:1,-62.15737,-58.48385,172.2
2021-2-4T19:54:12,-62.15737,-58.48385,171.6
2021-2-4T19:54:22,-62.15737,-58.48386,171.5
2021-2-4T19:54:33,-62.15737,-58.48386,171.0
2021-2-4T19:54:43,-62.15737,-58.48386,170.7
2021-2-4T19:54:54,-62.15737,-58.48387,170.3
2021-2-4T19:55:4,-62.15737,-58.48387,170.2
2021-2-4T19:55:15,-62.15737,-58.48387,170.6
2021-2-4T19:55:26,-62.15737,-58.48388,170.9
2021-2-4T19:55:36,-62.15737,-58.48388,171.0
2021-2-4T19:55:47,-62.15737,-58.48388,171.0
2021-2-4T19:55:57,-62.15737,-58.48388,170.7
2021-2-4T19:56:8,-62.15737,-58.48387,170.6
2021-2-4T19:56:18,-62.15737,-58.48387,170.3
2021-2-4T19:56:29,-62.15738,-58.48387,170.5
2021-2-4T19:56:40,-62.15738,-58.48387,170.7
2021-2-4T19:56:50,-62.15738,-58.48387,171.1
2021-2-4T19:57:1,-62.15738,-58.48388,171.8
2021-2-4T19:57:11,-62.15738,-58.48387,172.3
2021-2-4T19:57:22,-62.15738,-58.48387,172.7
2021-2-4T19:57:32,-62.15738,-58.48387,173.0
2021-2-4T19:57:43,-62.15738,-58.48387,173.0
2021-2-4T19:57:54,-62.15738,-58.48387,172.9
2021-2-4T19:58:4,-62.15738,-58.48387,172.8
2021-2-4T19:58:15,-62.15738,-58.48386,172.8
2021-2-4T19:58:25,-62.15738,-58.48386,173.1
2021-2-4T19:58:36,-62.15738,-58.48386,173.4
2021-2-4T19:58:46,-62.15737,-58.48386,174.1
2021-2-4T19:58:57,-62.15737,-58.48386,174.1
2021-2-4T19:59:8,-62.15737,-58.48386,173.4
2021-2-4T19:59:18,-62.15738,-58.48386,173.7
2021-2-4T19:59:29,-62.15738,-58.48386,174.8
2021-2-4T19:59:39,-62.15738,-58.48386,174.0
2021-2-4T19:59:50,-62.15738,-58.48385,174.1
2021-2-4T20:0:0,-62.15738,-58.48385,174.2
2021-2-4T20:0:11,-62.15738,-58.48386,174.6
2021-2-4T20:0:21,-62.15738,-58.48385,174.8
2021-2-4T20:0:32,-62.15738,-58.48385,176.4
2021-2-4T20:0:43,-62.15738,-58.48385,177.1
2021-2-4T20:0:53,-62.15738,-58.48385,176.8
2021-2-4T20:1:4,-62.15738,-58.48385,177.8
2021-2-4T20:1:14,-62.15738,-58.48385,177.8
2021-2-4T20:1:25,-62.15738,-58.48385,176.7
2021-2-4T20:1:35,-62.15738,-58.48386,175.7
2021-2-4T20:1:46,-62.15738,-58.48386,175.5
2021-2-4T20:1:57,-62.15738,-58.48386,175.4
2021-2-4T20:2:7,-62.15739,-58.48386,175.2
2021-2-4T20:2:18,-62.15738,-58.48386,175.3
2021-2-4T20:2:28,-62.15738,-58.48386,174.6
2021-2-4T20:2:39,-62.15739,-58.48386,174.3
2021-2-4T20:2:49,-62.15738,-58.48385,174.1
2021-2-4T20:3:0,-62.15738,-58.48385,174.8
2021-2-4T20:3:11,-62.15738,-58.48385,174.4
2021-2-4T20:3:21,-62.15738,-58.48386,173.9
2021-2-4T20:3:32,-62.15738,-58.48386,174.7
2021-2-4T20:3:42,-62.15738,-58.48386,175.3
2021-2-4T20:3:53,-62.15738,-58.48386,175.3
2021-2-4T20:4:3,-62.15738,-58.48386,175.9
2021-2-4T20:4:14,-62.15738,-58.48386,176.9
2021-2-4T20:4:25,-62.15738,-58.48385,177.1
2021-2-4T20:4:35,-62.15739,-58.48386,177.4
2021-2-4T20:4:46,-62.15739,-58.48385,178.0
2021-2-4T20:4:56,-62.15739,-58.48385,178.6
