2021-2-4T11:43:21,-62.15737,-58.48386,175.5
2021-2-4T11:43:33,-62.15737,-58.48386,175.6
2021-2-4T11:43:44,-62.15738,-58.48386,175.8
2021-2-4T11:43:55,-62.15738,-58.48387,175.6
2021-2-4T11:44:6,-62.15739,-58.48386,175.4
2021-2-4T11:44:17,-62.15739,-58.48386,175.6
2021-2-4T11:44:27,-62.15738,-58.48385,175.4
2021-2-4T11:44:38,-62.15738,-58.48385,175.5
2021-2-4T11:44:49,-62.15737,-58.48386,175.7
2021-2-4T11:45:0,-62.15738,-58.48386,175.7
2021-2-4T11:45:11,-62.15738,-58.48386,175.6
2021-2-4T11:45:22,-62.15738,-58.48386,175.7
2021-2-4T11:45:33,-62.15738,-58.48386,175.6
2021-2-4T11:45:44,-62.15738,-58.48386,175.9
2021-2-4T11:45:55,-62.15738,-58.48387,176.0
2021-2-4T11:46:6,-62.15738,-58.48388,176.8
2021-2-4T11:46:17,-62.15738,-58.48387,177.0
2021-2-4T11:46:28,-62.15738,-58.48388,176.7
2021-2-4T11:46:39,-62.15738,-58.48388,176.1
2021-2-4T11:46:50,-62.15737,-58.48389,175.8
2021-2-4T11:47:1,-62.15738,-58.48390,176.1
2021-2-4T11:47:12,-62.15738,-58.48390,176.4
2021-2-4T11:47:22,-62.15738,-58.48389,176.3
2021-2-4T11:47:33,-62.15738,-58.48389,176.0
2021-2-4T11:47:44,-62.15737,-58.48388,175.9
2021-2-4T11:47:55,-62.15736,-58.48388,176.3
2021-2-4T11:48:6,-62.15737,-58.48387,175.9
2021-2-4T11:48:17,-62.15737,-58.48386,175.7
2021-2-4T11:48:28,-62.15737,-58.48386,175.7
2021-2-4T11:48:39,-62.15737,-58.48386,175.7
2021-2-4T11:48:50,-62.15737,-58.48387,175.0
2021-2-4T11:49:1,-62.15738,-58.48387,174.8
2021-2-4T11:49:12,-62.15738,-58.48388,174.8
2021-2-4T11:49:23,-62.15738,-58.48388,175.0
2021-2-4T11:49:34,-62.15738,-58.48388,175.0
2021-2-4T11:49:45,-62.15738,-58.48388,175.5
2021-2-4T11:49:56,-62.15737,-58.48388,175.9
2021-2-4T11:50:7,-62.15737,-58.48389,175.7
2021-2-4T11:50:18,-62.15737,-58.48388,176.2
2021-2-4T11:50:29,-62.15738,-58.48388,176.3
2021-2-4T11:50:39,-62.15738,-58.48388,176.5
2021-2-4T11:50:50,-62.15738,-58.48388,176.4
2021-2-4T11:51:1,-62.15738,-58.48388,175.9
2021-2-4T11:51:11,-62.15738,-58.48386,175.5
2021-2-4T11:51:22,-62.15738,-58.48386,175.2
2021-2-4T11:51:33,-62.15738,-58.48386,175.9
2021-2-4T11:51:43,-62.15738,-58.48386,176.1
2021-2-4T11:51:55,-62.15737,-58.48388,176.6
2021-2-4T11:52:6,-62.15737,-58.48388,176.6
2021-2-4T11:52:17,-62.15737,-58.48389,176.3
2021-2-4T11:52:28,-62.15737,-58.48388,175.8
2021-2-4T11:52:39,-62.15737,-58.48388,175.2
2021-2-4T11:52:50,-62.15737,-58.48388,174.7
2021-2-4T11:53:1,-62.15737,-58.48388,174.8
2021-2-4T11:53:12,-62.15737,-58.48389,175.2
2021-2-4T11:53:22,-62.15736,-58.48389,175.9
2021-2-4T11:53:33,-62.15736,-58.48389,176.0
2021-2-4T11:53:44,-62.15736,-58.48389,175.8
2021-2-4T11:53:55,-62.15736,-58.48389,175.9
2021-2-4T11:54:6,-62.15736,-58.48390,176.1
2021-2-4T11:54:17,-62.15736,-58.48389,176.2
2021-2-4T11:54:28,-62.15736,-58.48390,176.2
2021-2-4T11:54:39,-62.15736,-58.48389,176.5
2021-2-4T11:54:50,-62.15736,-58.48389,175.8
2021-2-4T11:55:1,-62.15737,-58.48388,174.8
2021-2-4T11:55:12,-62.15737,-58.48386,174.5
2021-2-4T11:55:23,-62.15738,-58.48385,175.2
2021-2-4T11:55:34,-62.15738,-58.48385,175.3
2021-2-4T11:55:45,-62.15738,-58.48386,175.9
2021-2-4T11:55:56,-62.15738,-58.48388,177.0
2021-2-4T11:56:7,-62.15738,-58.48388,177.7
2021-2-4T11:56:18,-62.15738,-58.48388,177.7
2021-2-4T11:56:29,-62.15739,-58.48387,177.2
2021-2-4T11:56:40,-62.15739,-58.48387,176.5
2021-2-4T11:56:51,-62.15739,-58.48386,176.5
2021-2-4T11:57:2,-62.15738,-58.48386,176.8
2021-2-4T11:57:13,-62.15738,-58.48387,176.8
2021-2-4T11:57:24,-62.15738,-58.48387,176.9
2021-2-4T11:57:35,-62.15738,-58.48386,176.8
2021-2-4T11:57:46,-62.15738,-58.48386,176.8
2021-2-4T11:57:57,-62.15738,-58.48386,176.4
2021-2-4T11:58:8,-62.15738,-58.48386,176.2
2021-2-4T11:58:19,-62.15738,-58.48386,176.7
2021-2-4T11:58:30,-62.15738,-58.48386,177.2
2021-2-4T11:58:41,-62.15738,-58.48386,177.2
2021-2-4T11:58:52,-62.15738,-58.48387,177.2
2021-2-4T11:59:2,-62.15738,-58.48387,177.4
2021-2-4T11:59:13,-62.15738,-58.48388,177.3
2021-2-4T11:59:23,-62.15737,-58.48387,176.2
2021-2-4T11:59:34,-62.15737,-58.48386,175.7
2021-2-4T11:59:45,-62.15737,-58.48385,175.4
2021-2-4T11:59:55,-62.15737,-58.48385,174.9
2021-2-4T12:0:6,-62.15738,-58.48385,174.7
2021-2-4T12:0:17,-62.15738,-58.48386,174.8
2021-2-4T12:0:28,-62.15738,-58.48387,175.2
2021-2-4T12:0:39,-62.15738,-58.48388,175.6
2021-2-4T12:0:50,-62.15738,-58.48388,175.8
2021-2-4T12:1:1,-62.15738,-58.48388,175.4
2021-2-4T12:1:12,-62.15739,-58.48387,175.8
2021-2-4T12:1:23,-62.15738,-58.48387,175.5
