2021-2-4T15:6:35,-62.15738,-58.48386,173.9
2021-2-4T15:6:46,-62.15739,-58.48386,174.3
2021-2-4T15:6:57,-62.15738,-58.48386,174.4
2021-2-4T15:7:7,-62.15738,-58.48386,174.9
2021-2-4T15:7:18,-62.15738,-58.48386,175.0
2021-2-4T15:7:28,-62.15738,-58.48386,174.9
2021-2-4T15:7:39,-62.15738,-58.48386,175.0
2021-2-4T15:7:49,-62.15738,-58.48386,174.6
2021-2-4T15:8:0,-62.15738,-58.48386,174.6
2021-2-4T15:8:10,-62.15738,-58.48385,174.2
2021-2-4T15:8:21,-62.15738,-58.48385,173.5
2021-2-4T15:8:31,-62.15738,-58.48385,172.8
2021-2-4T15:8:42,-62.15737,-58.48385,172.8
2021-2-4T15:8:52,-62.15737,-58.48385,172.6
2021-2-4T15:9:3,-62.15737,-58.48385,172.6
2021-2-4T15:9:13,-62.15738,-58.48385,172.8
2021-2-4T15:9:24,-62.15738,-58.48385,172.6
2021-2-4T15:9:34,-62.15738,-58.48384,172.7
2021-2-4T15:9:45,-62.15738,-58.48385,173.4
2021-2-4T15:9:55,-62.15738,-58.48385,174.2
2021-2-4T15:10:6,-62.15738,-58.48385,173.9
2021-2-4T15:10:16,-62.15738,-58.48385,174.2
2021-2-4T15:10:27,-62.15739,-58.48385,174.9
2021-2-4T15:10:37,-62.15739,-58.48385,175.1
2021-2-4T15:10:48,-62.15739,-58.48385,174.1
2021-2-4T15:10:58,-62.15739,-58.48385,173.3
2021-2-4T15:11:9,-62.15739,-58.48385,173.9
2021-2-4T15:11:19,-62.15739,-58.48385,174.0
2021-2-4T15:11:30,-62.15739,-58.48386,173.8
2021-2-4T15:11:40,-62.15739,-58.48385,173.3
2021-2-4T15:11:51,-62.15739,-58.48385,173.0
2021-2-4T15:12:1,-62.15739,-58.48385,173.3
2021-2-4T15:12:12,-62.15739,-58.48385,174.0
2021-2-4T15:12:22,-62.15739,-58.48385,174.4
2021-2-4T15:12:33,-62.15738,-58.48385,174.3
2021-2-4T15:12:43,-62.15738,-58.48386,174.4
2021-2-4T15:12:54,-62.15738,-58.48386,174.6
2021-2-4T15:13:4,-62.15738,-58.48387,174.0
2021-2-4T15:13:15,-62.15738,-58.48387,173.5
2021-2-4T15:13:25,-62.15738,-58.48387,173.1
2021-2-4T15:13:36,-62.15738,-58.48387,172.8
2021-2-4T15:13:46,-62.15738,-58.48386,173.1
2021-2-4T15:13:57,-62.15737,-58.48386,173.1
2021-2-4T15:14:7,-62.15738,-58.48386,173.3
2021-2-4T15:14:18,-62.15738,-58.48385,173.2
2021-2-4T15:14:28,-62.15738,-58.48385,172.9
2021-2-4T15:14:39,-62.15737,-58.48386,172.9
2021-2-4T15:14:49,-62.15737,-58.48386,173.4
2021-2-4T15:15:0,-62.15737,-58.48386,174.1
2021-2-4T15:15:10,-62.15738,-58.48386,174.2
2021-2-4T15:15:21,-62.15738,-58.48386,174.5
2021-2-4T15:15:31,-62.15738,-58.48386,174.9
2021-2-4T15:15:42,-62.15738,-58.48386,176.1
2021-2-4T15:15:52,-62.15738,-58.48386,177.0
2021-2-4T15:16:3,-62.15738,-58.48385,177.3
2021-2-4T15:16:13,-62.15738,-58.48385,176.9
2021-2-4T15:16:24,-62.15738,-58.48384,175.2
2021-2-4T15:16:34,-62.15737,-58.48384,173.5
2021-2-4T15:16:45,-62.15737,-58.48384,172.9
2021-2-4T15:16:55,-62.15737,-58.48384,172.9
2021-2-4T15:17:6,-62.15737,-58.48384,173.4
2021-2-4T15:17:16,-62.15736,-58.48385,174.8
2021-2-4T15:17:27,-62.15736,-58.48385,175.6
2021-2-4T15:17:37,-62.15736,-58.48386,175.0
2021-2-4T15:17:48,-62.15736,-58.48386,174.2
2021-2-4T15:17:58,-62.15736,-58.48387,173.9
2021-2-4T15:18:9,-62.15737,-58.48387,174.3
2021-2-4T15:18:19,-62.15737,-58.48386,174.0
2021-2-4T15:18:30,-62.15737,-58.48386,174.0
2021-2-4T15:18:40,-62.15737,-58.48386,173.8
2021-2-4T15:18:51,-62.15738,-58.48385,173.9
2021-2-4T15:19:1,-62.15737,-58.48385,174.2
2021-2-4T15:19:12,-62.15737,-58.48385,174.5
2021-2-4T15:19:22,-62.15737,-58.48386,174.8
2021-2-4T15:19:33,-62.15737,-58.48386,175.2
2021-2-4T15:19:43,-62.15737,-58.48386,174.6
2021-2-4T15:19:54,-62.15737,-58.48386,173.8
2021-2-4T15:20:4,-62.15737,-58.48386,172.7
2021-2-4T15:20:15,-62.15737,-58.48386,172.5
2021-2-4T15:20:25,-62.15738,-58.48386,172.9
2021-2-4T15:20:36,-62.15738,-58.48386,174.0
2021-2-4T15:20:46,-62.15738,-58.48386,175.1
2021-2-4T15:20:57,-62.15738,-58.48386,176.5
2021-2-4T15:21:7,-62.15738,-58.48386,176.3
2021-2-4T15:21:18,-62.15738,-58.48386,176.1
2021-2-4T15:21:28,-62.15738,-58.48386,175.5
2021-2-4T15:21:39,-62.15738,-58.48386,176.1
2021-2-4T15:21:49,-62.15738,-58.48387,177.0
2021-2-4T15:22:0,-62.15738,-58.48388,177.2
2021-2-4T15:22:10,-62.15738,-58.48388,176.4
2021-2-4T15:22:21,-62.15737,-58.48388,175.7
2021-2-4T15:22:31,-62.15737,-58.48388,174.7
2021-2-4T15:22:42,-62.15737,-58.48388,174.5
2021-2-4T15:22:52,-62.15737,-58.48388,174.4
2021-2-4T15:23:3,-62.15737,-58.48387,174.6
2021-2-4T15:23:14,-62.15737,-58.48386,174.6
2021-2-4T15:23:24,-62.15737,-58.48386,174.3
2021-2-4T15:23:35,-62.15737,-58.48386,174.1
2021-2-4T15:23:45,-62.15737,-58.48386,173.9
2021-2-4T15:23:56,-62.15737,-58.48386,173.7
