2,1,239,2021-2-5T12:23:49,-62.15902,-58.47156,34.8,5
2,1,240,2021-2-5T12:24:0,-62.15905,-58.47153,34.1,5
2,1,241,2021-2-5T12:24:10,-62.15908,-58.47150,33.9,5
2,1,242,2021-2-5T12:24:21,-62.15909,-58.47149,31.1,5
2,1,243,2021-2-5T12:24:32,-62.15910,-58.47147,28.9,5
2,1,244,2021-2-5T12:24:43,-62.15910,-58.47148,27.7,5
2,1,245,2021-2-5T12:24:54,-62.15908,-58.47156,31.8,5
2,1,246,2021-2-5T12:25:4,-62.15907,-58.47160,34.4,5
2,1,247,2021-2-5T12:25:15,-62.15905,-58.47161,37.8,5
2,1,248,2021-2-5T12:25:26,-62.15904,-58.47162,40.1,5
2,1,249,2021-2-5T12:25:36,-62.15903,-58.47163,41.6,5
2,1,250,2021-2-5T12:25:47,-62.15903,-58.47161,41.5,5
2,1,251,2021-2-5T12:25:58,-62.15904,-58.47158,42.7,5
2,1,252,2021-2-5T12:26:9,-62.15905,-58.47155,44.0,5
2,1,253,2021-2-5T12:26:19,-62.15909,-58.47150,45.6,5
2,1,254,2021-2-5T12:26:30,-62.15912,-58.47146,48.3,4
2,1,255,2021-2-5T12:26:41,-62.15913,-58.47142,52.0,5
2,0,0,200-0-0T0:0:0,0.0,0.0,0.0,0
2,1,257,2021-2-5T12:27:2,-62.15911,-58.47140,58.3,5
2,1,258,2021-2-5T12:27:13,-62.15908,-58.47143,59.3,5
2,1,259,2021-2-5T12:27:24,-62.15904,-58.47146,59.6,5
2,1,260,2021-2-5T12:27:34,-62.15901,-58.47149,56.7,5
2,1,261,2021-2-5T12:27:45,-62.15899,-58.47152,55.0,5
2,1,262,2021-2-5T12:27:56,-62.15898,-58.47154,54.5,5
2,1,263,2021-2-5T12:28:7,-62.15898,-58.47153,53.6,5
2,1,264,2021-2-5T12:28:17,-62.15898,-58.47153,53.3,5
2,1,265,2021-2-5T12:28:28,-62.15900,-58.47152,50.2,5
2,1,266,2021-2-5T12:28:39,-62.15906,-58.47149,46.2,5
2,1,267,2021-2-5T12:28:49,-62.15907,-58.47148,44.7,5
2,1,273,2021-2-5T12:29:53,-62.15900,-58.47151,44.1,5
2,1,274,2021-2-5T12:30:4,-62.15903,-58.47147,39.1,5
2,1,275,2021-2-5T12:30:14,-62.15905,-58.47145,35.9,5
2,1,276,2021-2-5T12:30:25,-62.15907,-58.47143,31.2,5
2,1,277,2021-2-5T12:30:36,-62.15908,-58.47141,27.9,5
2,1,22,200-0-0T0:0:0,0.0,0.0,0.0,0
2,1,279,2021-2-5T12:30:57,-62.15913,-58.47134,20.7,5
2,1,280,2021-2-5T12:31:8,-62.15919,-58.47123,18.9,5
2,1,281,2021-2-5T12:31:19,-62.15918,-58.47121,19.0,5
2,1,282,2021-2-5T12:31:29,-62.15907,-58.47113,24.2,5
2,1,283,2021-2-5T12:31:40,-62.15888,-58.47104,29.7,5
2,1,284,2021-2-5T12:31:51,-62.15884,-58.47103,32.2,5
2,1,285,2021-2-5T12:32:2,-62.15857,-58.47091,37.6,5
2,1,286,2021-2-5T12:32:12,-62.15854,-58.47095,41.8,5
2,1,287,2021-2-5T12:32:23,-62.15856,-58.47108,42.7,5
2,1,288,2021-2-5T12:32:34,-62.15871,-58.47122,40.4,5
2,1,289,2021-2-5T12:32:44,-62.15868,-58.47124,45.0,0
2,1,290,2021-2-5T12:32:55,-62.15855,-58.47128,54.5,5
2,1,291,2021-2-5T12:33:6,-62.15850,-58.47134,62.3,5
2,1,292,2021-2-5T12:33:17,-62.15854,-58.47141,64.7,5
2,1,293,2021-2-5T12:33:27,-62.15843,-58.47143,76.3,5
2,1,294,2021-2-5T12:33:38,-62.15859,-58.47147,70.0,5
2,1,295,2021-2-5T12:33:49,-62.15871,-58.47149,63.7,5
2,1,296,2021-2-5T12:34:0,-62.15882,-58.47147,56.9,5
2,1,297,2021-2-5T12:34:10,-62.15889,-58.47146,49.8,5
2,1,298,2021-2-5T12:34:21,-62.15897,-58.47143,40.7,5
2,1,299,2021-2-5T12:34:32,-62.15909,-58.47136,30.3,5
2,1,300,2021-2-5T12:34:42,-62.15917,-58.47131,20.0,5
2,1,301,2021-2-5T12:34:53,-62.15925,-58.47125,11.0,5
2,1,302,2021-2-5T12:35:4,-62.15925,-58.47135,1.8,5
2,1,303,2021-2-5T12:35:15,-62.15931,-58.47126,-4.6,5
2,1,304,2021-2-5T12:35:25,-62.15935,-58.47121,-8.2,5
2,1,305,2021-2-5T12:35:36,-62.15928,-58.47125,5.4,6
2,1,306,2021-2-5T12:35:47,-62.15927,-58.47126,9.9,6
2,1,307,2021-2-5T12:35:58,-62.15926,-58.47128,11.6,6
2,1,314,2021-2-5T12:37:12,-62.15920,-58.47131,18.5,6
2,1,315,2021-2-5T12:37:22,-62.15923,-58.47127,12.1,6
2,1,316,2021-2-5T12:37:33,-62.15924,-58.47126,12.1,6
2,1,317,2021-2-5T12:37:44,-62.15922,-58.47127,15.6,6
2,1,318,2021-2-5T12:37:54,-62.15921,-58.47129,16.7,6
2,1,319,2021-2-5T12:38:5,-62.15920,-58.47128,18.1,6
2,1,320,2021-2-5T12:38:16,-62.15919,-58.47130,19.8,6
2,1,321,2021-2-5T12:38:27,-62.15918,-58.47131,20.9,6
2,1,322,2021-2-5T12:38:37,-62.15919,-58.47131,20.2,6
2,1,323,2021-2-5T12:38:48,-62.15918,-58.47132,22.1,6
2,1,324,2021-2-5T12:38:59,-62.15918,-58.47133,22.2,6
2,1,325,2021-2-5T12:39:9,-62.15917,-58.47135,0.0,0
2,1,326,2021-2-5T12:39:20,-62.15916,-58.47135,23.5,5
2,1,327,2021-2-5T12:39:31,-62.15914,-58.47135,24.5,5
2,1,328,2021-2-5T12:39:42,-62.15913,-58.47138,24.4,5
2,1,329,2021-2-5T12:39:52,-62.15912,-58.47140,25.3,5
2,1,330,2021-2-5T12:40:3,-62.15912,-58.47140,26.2,5
2,1,331,2021-2-5T12:40:14,-62.15912,-58.47142,25.7,5
2,1,332,2021-2-5T12:40:25,-62.15914,-58.47140,24.6,5
2,1,333,2021-2-5T12:40:35,-62.15915,-58.47138,23.2,5
2,1,334,2021-2-5T12:40:46,-62.15917,-58.47135,20.8,5
2,1,335,2021-2-5T12:40:57,-62.15918,-58.47133,18.4,5
2,1,336,2021-2-5T12:41:8,-62.15918,-58.47134,16.2,5
2,1,337,2021-2-5T12:41:18,-62.15922,-58.47131,13.4,5
2,1,338,2021-2-5T12:41:29,-62.15923,-58.47129,11.2,5
2,1,339,2021-2-5T12:41:40,-62.15925,-58.47129,8.2,5
2,1,340,2021-2-5T12:41:51,-62.15927,-58.47128,5.9,5
2,1,341,2021-2-5T12:42:1,-62.15928,-58.47126,3.9,5
2,1,342,2021-2-5T12:42:12,-62.15929,-58.47125,1.5,5
2,1,343,2021-2-5T12:42:23,-62.15933,-58.47124,-2.9,5
2,1,344,2021-2-5T12:42:33,-62.15938,-58.47125,65530.0,0
2,1,345,2021-2-5T12:42:44,-62.15936,-58.47127,-5.6,5
2,1,346,2021-2-5T12:42:55,-62.15935,-58.47130,-2.2,5
2,1,347,2021-2-5T12:43:6,-62.15931,-58.47131,2.8,5
2,1,354,2021-2-5T12:44:20,-62.15913,-58.47135,20.6,5
2,1,355,2021-2-5T12:44:30,-62.15913,-58.47134,19.8,5
