2,1,0,200-0-0T0:0:0,0.0,0.0,0.0,0
2,1,1,200-0-0T0:0:0,0.0,0.0,0.0,0
2,1,2,200-0-0T0:0:0,0.0,0.0,0.0,0
2,1,3,200-0-0T0:0:0,0.0,0.0,0.0,0
2,1,4,200-0-0T0:0:0,0.0,0.0,0.0,0
2,1,5,200-0-0T0:0:0,0.0,0.0,0.0,0
2,1,6,200-0-0T0:0:0,0.0,0.0,0.0,0
2,1,7,200-0-0T0:0:0,0.0,0.0,0.0,0
2,1,8,200-0-0T0:0:0,0.0,0.0,0.0,0
2,1,9,200-0-0T0:0:0,0.0,0.0,0.0,0
2,1,10,200-0-0T11:43:7,0.0,-1.33929,0.0,0
2,1,11,2021-2-5T11:43:17,0.0,-1.33929,0.0,0
2,1,12,2021-2-5T11:43:28,0.0,-1.33929,0.0,0
2,1,13,2021-2-5T11:43:38,0.0,-1.33929,0.0,0
2,1,14,2021-2-5T11:43:49,0.0,-1.33929,0.0,0
2,1,15,2021-2-5T11:43:59,0.0,-1.33929,0.0,0
2,1,16,2021-2-5T11:44:10,0.0,-1.33929,0.0,0
2,1,19,2021-2-5T11:44:41,0.0,-1.33929,0.0,0
2,1,20,2021-2-5T11:44:52,0.0,-1.33929,0.0,0
2,1,21,2021-2-5T11:45:2,0.0,-1.33929,0.0,0
2,1,22,2021-2-5T11:45:13,0.0,-1.33929,0.0,0
2,1,23,2021-2-5T11:45:23,0.0,-1.33929,0.0,0
2,1,24,2021-2-5T11:45:34,0.0,-1.33929,0.0,0
2,1,25,2021-2-5T11:45:44,0.0,-1.33929,0.0,0
2,1,26,2021-2-5T11:45:55,0.0,-1.33929,0.0,0
2,1,27,2021-2-5T11:46:5,0.0,0.10000,0.0,0
2,1,28,2021-2-5T11:46:16,0.0,0.10000,0.0,0
2,1,29,2021-2-5T11:46:26,0.0,0.10000,0.0,0
2,1,30,2021-2-5T11:46:37,0.0,0.6667,0.0,0
2,1,31,2021-2-5T11:0:0,0.0,0.0,0.0,0
2,1,32,2021-2-5T11:46:58,-62.15906,-58.47133,18.2,4
2,1,33,2021-2-5T11:47:9,-62.15901,-58.47143,20.0,4
2,1,34,2021-2-5T11:47:20,-62.15904,-58.47147,15.9,4
2,1,35,2021-2-5T11:47:30,-62.15909,-58.47147,13.7,5
2,1,36,2021-2-5T11:47:41,-62.15917,-58.47141,10.2,5
2,1,37,2021-2-5T11:47:52,-62.15917,-58.47140,10.8,5
2,1,38,2021-2-5T11:48:2,-62.15918,-58.47139,10.2,5
2,1,39,2021-2-5T11:48:13,-62.15917,-58.47137,11.7,5
2,1,40,2021-2-5T11:48:24,-62.15916,-58.47134,13.2,5
2,1,41,2021-2-5T11:48:35,-62.15916,-58.47132,13.7,5
2,1,42,2021-2-5T11:48:42,-62.15916,-58.47131,12.9,5
2,1,43,2021-2-5T11:48:53,-62.15919,-58.47128,11.4,5
2,1,44,2021-2-5T11:49:4,-62.15922,-58.47126,9.8,5
2,1,45,2021-2-5T11:49:15,-62.15925,-58.47124,8.3,5
2,1,46,2021-2-5T11:49:25,-62.15928,-58.47121,6.8,5
2,1,47,2021-2-5T11:49:36,-62.15932,-58.47122,5.2,5
2,1,48,2021-2-5T11:49:47,-62.15936,-58.47117,4.1,5
2,1,49,2021-2-5T11:49:57,-62.15938,0.0,0.0,0
2,1,50,2021-2-5T11:50:8,-62.15938,-58.47116,2.1,5
2,1,58,2021-2-5T11:51:33,-62.15926,-58.47139,-1.2,5
2,1,59,2021-2-5T11:51:43,-62.15926,-58.47138,-1.5,5
2,1,60,2021-2-5T11:51:54,-62.15925,-58.47136,-1.0,5
2,1,61,2021-2-5T11:52:5,-62.15923,-58.47135,0.6,5
2,1,62,2021-2-5T11:52:15,-62.15923,-58.47132,2.2,0
2,1,63,2021-2-5T11:52:26,-62.15924,-58.47130,1.9,5
2,1,64,2021-2-5T11:52:37,-62.15923,-58.47131,2.2,5
2,1,65,2021-2-5T11:52:48,-62.15922,-58.47131,2.5,5
2,1,66,2021-2-5T11:52:58,-62.15920,-58.47132,3.6,5
2,1,67,2021-2-5T11:53:9,-62.15918,-58.47132,6.5,5
2,1,68,2021-2-5T11:53:20,-62.15916,-58.47133,7.6,5
2,1,69,2021-2-5T11:53:31,-62.15912,-58.47135,10.9,5
2,1,70,2021-2-5T11:53:41,-62.15909,-58.47136,13.2,5
2,1,71,2021-2-5T11:53:52,-62.15908,-58.47137,15.0,5
2,1,72,2021-2-5T11:54:3,-62.15909,-58.47136,16.8,5
2,1,73,2021-2-5T11:54:13,-62.15911,-58.47136,16.7,5
2,1,74,2021-2-5T11:54:24,-62.15912,-58.47136,17.0,5
2,1,75,2021-2-5T11:54:35,-62.15912,-58.47137,17.3,5
2,1,76,2021-2-5T11:54:46,-62.15911,-58.47139,17.5,5
2,1,77,2021-2-5T11:54:56,-62.15910,-58.47143,17.9,5
2,1,78,2021-2-5T11:55:7,-62.15908,-58.47146,18.8,5
2,1,79,2021-2-5T11:55:18,-62.15908,-58.47149,19.5,5
2,1,80,2021-2-5T11:55:29,-62.15906,-58.47150,21.6,5
2,1,81,2021-2-5T11:55:39,-62.15906,-58.47153,22.7,4
2,1,82,2021-2-5T11:55:50,-62.15904,-58.47153,23.0,4
2,1,83,2021-2-5T11:56:1,-62.15906,-58.47153,22.7,4
2,1,84,2021-2-5T11:56:12,-62.15908,-58.47152,21.8,4
2,1,85,2021-2-5T11:56:22,-62.15909,-58.47152,20.8,4
2,1,86,2021-2-5T11:56:33,-62.15911,-58.47151,16.9,4
2,1,87,2021-2-5T11:56:44,-62.15913,-58.47149,12.1,4
2,1,88,2021-2-5T11:56:54,-62.15917,-58.47146,8.2,4
2,1,89,2021-2-5T11:57:5,-62.15918,-58.47143,8.2,4
2,1,90,2021-2-5T11:57:16,-62.15920,-58.47143,5.5,4
2,1,91,2021-2-5T11:57:27,-62.15919,-58.47144,8.1,4
2,1,92,2021-2-5T11:57:37,-62.15915,-58.47144,15.5,4
2,1,93,2021-2-5T11:57:48,-62.15914,-58.47145,16.8,4
2,1,94,2021-2-5T11:57:59,-62.15912,-58.47149,20.1,4
2,1,95,2021-2-5T11:58:10,-62.15905,-58.47155,32.0,4
2,1,96,2021-2-5T11:58:20,-62.15900,-58.47160,38.4,4
2,1,97,2021-2-5T11:58:31,-62.15898,-58.47163,41.9,4
2,1,98,2021-2-5T11:58:42,-62.15893,-58.47169,49.4,4
2,1,107,2021-2-5T12:0:17,-62.15884,-58.47170,58.3,4
2,1,108,2021-2-5T12:0:27,-62.15886,-58.47170,57.9,4
2,1,109,2021-2-5T12:0:38,-62.15886,-58.47170,58.3,4
2,1,110,2021-2-5T12:0:49,-62.15886,-58.47170,58.2,4
2,1,111,2021-2-5T12:1:0,-62.15886,-58.47169,57.9,4
2,1,112,2021-2-5T12:1:10,-62.15887,-58.47167,56.3,4
2,1,113,2021-2-5T12:1:21,-62.15886,-58.47168,56.2,4
2,1,114,2021-2-5T12:1:32,-62.15886,-58.47167,55.0,4
2,1,0,200-0-0T0:0:0,0.0,0.0,0.0,0
2,1,116,2021-2-5T12:1:53,-62.15886,-58.47166,55.0,4
2,1,117,2021-2-5T12:2:4,-62.15902,-58.47150,32.7,5
2,1,118,2021-2-5T12:2:15,-62.15908,-58.47143,24.6,5
2,1,119,2021-2-5T12:2:25,-62.15914,-58.47136,17.4,5
2,1,120,2021-2-5T12:2:36,-62.15918,-58.47131,11.5,5
2,1,121,2021-2-5T12:2:47,-62.15924,-58.47126,4.6,5
2,1,122,2021-2-5T12:2:58,-62.15929,-58.47121,-1.4,5
2,1,123,2021-2-5T12:3:8,-62.15931,-58.47119,-3.2,5
2,1,124,2021-2-5T12:3:19,-62.15933,-58.47116,-5.1,5
2,1,125,2021-2-5T12:3:30,-62.15933,-58.47116,-6.4,5
2,1,126,2021-2-5T12:3:41,-62.15932,-58.47116,-5.1,5
2,1,127,2021-2-5T12:3:51,-62.15930,-58.47119,-1.9,5
2,1,128,2021-2-5T12:4:2,-62.15923,-58.47127,7.8,5
2,1,129,2021-2-5T12:4:13,-62.15913,-58.47138,21.7,5
2,1,130,2021-2-5T12:4:24,-62.15905,-58.47146,32.8,5
2,1,131,2021-2-5T12:4:34,-62.15898,-58.47154,44.3,5
2,1,132,2021-2-5T12:4:45,-62.15891,-58.47161,54.3,5
2,1,133,2021-2-5T12:4:56,-62.15880,-58.47170,68.4,5
2,1,134,2021-2-5T12:5:7,-62.15876,-58.47174,76.2,5
2,1,135,2021-2-5T12:5:17,-62.15866,-58.47182,90.2,5
2,1,136,2021-2-5T12:5:28,-62.15864,-58.47187,96.9,5
2,1,137,2021-2-5T12:5:39,-62.15859,-58.47194,106.9,5
2,1,138,2021-2-5T12:5:50,-62.15864,-58.47191,102.6,5
2,1,139,2021-2-5T12:6:0,-62.15872,-58.47185,92.8,5
2,1,140,2021-2-5T12:6:11,-62.15878,-58.47183,85.5,5
2,1,141,2021-2-5T12:6:22,-62.15884,-58.47178,76.9,5
2,1,142,2021-2-5T12:6:32,194.0,0.0,0.0,0
2,1,149,2021-2-5T12:7:46,-62.15921,-58.47138,22.4,5
2,1,150,2021-2-5T12:7:57,-62.15926,-58.47133,14.6,5
2,1,151,2021-2-5T12:8:8,-62.15929,-58.47128,7.3,5
2,1,152,2021-2-5T12:8:18,-62.15930,-58.47126,3.6,5
2,1,153,2021-2-5T12:8:29,-62.15928,-58.47125,3.4,5
2,1,154,2021-2-5T12:8:40,-62.15930,-58.47121,0.6,5
2,1,155,2021-2-5T12:8:51,-62.15928,-58.47122,0.7,5
2,1,156,2021-2-5T12:9:1,-62.15924,-58.47126,4.3,5
2,1,157,2021-2-5T12:9:12,-62.15921,-58.47128,11.1,5
2,1,158,2021-2-5T12:9:23,-62.15919,-58.47130,14.0,5
2,1,0,200-0-0T0:0:0,0.0,0.0,0.0,0
2,1,160,2021-2-5T12:9:44,-62.15916,-58.47136,21.4,5
2,1,161,2021-2-5T12:9:55,-62.15914,-58.47141,27.0,5
2,1,162,2021-2-5T12:10:6,-62.15913,-58.47146,32.9,5
2,1,163,2021-2-5T12:10:16,-62.15909,-58.47150,38.9,5
2,1,164,2021-2-5T12:10:27,-62.15907,-58.47154,44.6,5
2,1,165,2021-2-5T12:10:38,-62.15903,-58.47159,50.7,5
2,1,166,2021-2-5T12:10:49,-62.15899,-58.47163,59.8,5
2,1,167,2021-2-5T12:10:59,-62.15898,-58.47164,67.2,5
2,1,168,2021-2-5T12:11:10,-62.15892,-58.47168,72.4,5
2,1,169,2021-2-5T12:11:21,-62.15877,-58.47177,83.8,5
2,1,170,2021-2-5T12:11:31,-62.15866,-58.47186,94.0,5
2,1,171,2021-2-5T12:11:42,-62.15849,-58.47200,110.1,5
2,1,172,2021-2-5T12:11:53,-62.15849,-58.47198,116.0,5
2,1,173,2021-2-5T12:12:4,-62.15849,-58.47198,120.8,5
2,1,174,2021-2-5T12:12:14,-62.15858,-58.47192,119.4,5
2,1,175,2021-2-5T12:12:25,-62.15866,-58.47187,116.4,5
2,1,176,2021-2-5T12:12:36,-62.15870,-58.47182,110.0,5
2,1,177,2021-2-5T12:12:47,-62.15879,-58.47177,96.4,5
2,1,178,2021-2-5T12:12:57,-62.15877,-58.47183,99.5,5
2,1,179,2021-2-5T12:13:8,-62.15873,-58.47183,98.3,5
2,1,180,2021-2-5T12:13:19,-62.15879,-58.47179,96.2,5
2,1,181,2021-2-5T12:13:29,-62.15884,-58.47177,93.9,5
2,1,182,2021-2-5T12:13:40,-62.15888,-58.47177,90.4,5
2,1,183,2021-2-5T12:13:51,-62.15891,-58.47177,86.6,5
2,1,184,2021-2-5T12:14:2,-62.15893,-58.47175,82.8,5
2,1,195,2021-2-5T12:15:58,-62.15901,-58.47171,75.6,5
2,1,196,2021-2-5T12:16:9,-62.15901,-58.47168,74.7,5
2,1,197,2021-2-5T12:16:20,-62.15901,-58.47166,73.6,5
2,1,198,2021-2-5T12:16:30,-62.15899,-58.47165,73.0,5
2,1,199,2021-2-5T12:16:41,-62.15901,-58.47162,67.0,5
2,1,200,2021-2-5T12:16:52,-62.15902,-58.47159,60.9,5
2,1,201,2021-2-5T12:17:2,-62.15903,-58.47157,58.8,5
2,1,202,2021-2-5T12:17:13,-62.15905,-58.47155,56.0,5
2,1,203,2021-2-5T12:17:24,-62.15906,-58.47152,49.6,5
2,1,204,2021-2-5T12:17:35,-62.15909,-58.47149,45.0,5
2,1,205,2021-2-5T12:17:45,-62.15912,-58.47145,42.1,5
2,1,206,2021-2-5T12:17:56,-62.15915,-58.47140,36.8,5
2,1,207,2021-2-5T12:18:7,-62.15917,-58.47137,33.4,5
2,1,208,2021-2-5T12:18:18,-62.15915,-58.47140,33.8,5
2,1,209,2021-2-5T12:18:28,-62.15909,-58.47151,39.7,5
2,1,210,2021-2-5T12:18:39,-62.15909,-58.47160,47.7,5
2,1,211,2021-2-5T12:18:50,-62.15908,-58.47167,51.3,5
2,1,212,2021-2-5T12:19:1,-62.15905,-58.47165,48.3,5
2,1,213,2021-2-5T12:19:11,-62.15901,-58.47160,45.2,5
2,1,214,2021-2-5T12:19:22,-62.15894,-58.47152,46.2,5
2,1,215,2021-2-5T12:19:33,-62.15888,-58.47146,47.5,4
2,1,216,2021-2-5T12:19:43,-62.15890,-58.47147,46.0,4
2,1,217,2021-2-5T12:19:54,-62.15892,-58.47147,43.4,5
2,1,218,2021-2-5T12:20:5,-62.15894,-58.47147,40.2,5
2,1,219,2021-2-5T12:20:16,-62.15896,-58.47146,36.3,5
2,1,220,2021-2-5T12:20:26,-62.15895,-58.47146,35.2,5
2,1,221,2021-2-5T12:20:37,-62.15897,-58.47147,31.3,5
2,1,222,2021-2-5T12:20:48,-62.15900,-58.47145,26.3,5
2,1,223,2021-2-5T12:20:59,-62.15904,-58.47138,19.1,4
2,1,224,2021-2-5T12:21:9,-62.15905,-58.47132,12.9,5
2,1,225,2021-2-5T12:21:20,-62.15908,-58.47127,6.9,5
2,1,226,2021-2-5T12:21:31,-62.15909,-58.47125,4.6,5
2,1,227,2021-2-5T12:21:41,-62.15910,-58.47127,7.1,5
2,1,228,2021-2-5T12:21:0,0.0,0.0,0.0,0
2,1,235,2021-2-5T12:23:6,-62.15904,-58.47150,31.6,5
2,1,236,2021-2-5T12:23:17,-62.15903,-58.47154,32.3,5
2,1,237,2021-2-5T12:23:28,-62.15902,-58.47155,33.1,5
2,1,238,2021-2-5T12:23:38,-62.15902,-58.47156,33.2,5
2,1,239,2021-2-5T12:23:49,-62.15902,-58.47156,34.8,5
2,1,240,2021-2-5T12:24:0,-62.15905,-58.47153,34.1,5
2,1,241,2021-2-5T12:24:10,-62.15908,-58.47150,33.9,5
2,1,242,2021-2-5T12:24:21,-62.15909,-58.47149,31.1,5
2,1,243,2021-2-5T12:24:32,-62.15910,-58.47147,28.9,5
2,1,244,2021-2-5T12:24:43,-62.15910,-58.47148,27.7,5
2,1,245,2021-2-5T12:24:54,-62.15908,-58.47156,31.8,5
2,1,246,2021-2-5T12:25:4,-62.15907,-58.47160,34.4,5
2,1,247,2021-2-5T12:25:15,-62.15905,-58.47161,37.8,5
2,1,248,2021-2-5T12:25:26,-62.15904,-58.47162,40.1,5
2,1,249,2021-2-5T12:25:36,-62.15903,-58.47163,41.6,5
2,1,250,2021-2-5T12:25:47,-62.15903,-58.47161,41.5,5
2,1,251,2021-2-5T12:25:58,-62.15904,-58.47158,42.7,5
2,1,252,2021-2-5T12:26:9,-62.15905,-58.47155,44.0,5
2,1,253,2021-2-5T12:26:19,-62.15909,-58.47150,45.6,5
2,1,254,2021-2-5T12:26:30,-62.15912,-58.47146,48.3,4
2,1,255,2021-2-5T12:26:41,-62.15913,-58.47142,52.0,5
2,0,0,200-0-0T0:0:0,0.0,0.0,0.0,0
2,1,257,2021-2-5T12:27:2,-62.15911,-58.47140,58.3,5
2,1,258,2021-2-5T12:27:13,-62.15908,-58.47143,59.3,5
2,1,259,2021-2-5T12:27:24,-62.15904,-58.47146,59.6,5
2,1,260,2021-2-5T12:27:34,-62.15901,-58.47149,56.7,5
2,1,261,2021-2-5T12:27:45,-62.15899,-58.47152,55.0,5
2,1,262,2021-2-5T12:27:56,-62.15898,-58.47154,54.5,5
2,1,263,2021-2-5T12:28:7,-62.15898,-58.47153,53.6,5
2,1,264,2021-2-5T12:28:17,-62.15898,-58.47153,53.3,5
2,1,265,2021-2-5T12:28:28,-62.15900,-58.47152,50.2,5
2,1,266,2021-2-5T12:28:39,-62.15906,-58.47149,46.2,5
2,1,267,2021-2-5T12:28:49,-62.15907,-58.47148,44.7,5
2,1,273,2021-2-5T12:29:53,-62.15900,-58.47151,44.1,5
2,1,274,2021-2-5T12:30:4,-62.15903,-58.47147,39.1,5
2,1,275,2021-2-5T12:30:14,-62.15905,-58.47145,35.9,5
2,1,276,2021-2-5T12:30:25,-62.15907,-58.47143,31.2,5
2,1,277,2021-2-5T12:30:36,-62.15908,-58.47141,27.9,5
2,1,22,200-0-0T0:0:0,0.0,0.0,0.0,0
2,1,279,2021-2-5T12:30:57,-62.15913,-58.47134,20.7,5
2,1,280,2021-2-5T12:31:8,-62.15919,-58.47123,18.9,5
2,1,281,2021-2-5T12:31:19,-62.15918,-58.47121,19.0,5
2,1,282,2021-2-5T12:31:29,-62.15907,-58.47113,24.2,5
2,1,283,2021-2-5T12:31:40,-62.15888,-58.47104,29.7,5
2,1,284,2021-2-5T12:31:51,-62.15884,-58.47103,32.2,5
2,1,285,2021-2-5T12:32:2,-62.15857,-58.47091,37.6,5
2,1,286,2021-2-5T12:32:12,-62.15854,-58.47095,41.8,5
2,1,287,2021-2-5T12:32:23,-62.15856,-58.47108,42.7,5
2,1,288,2021-2-5T12:32:34,-62.15871,-58.47122,40.4,5
2,1,289,2021-2-5T12:32:44,-62.15868,-58.47124,45.0,0
2,1,290,2021-2-5T12:32:55,-62.15855,-58.47128,54.5,5
2,1,291,2021-2-5T12:33:6,-62.15850,-58.47134,62.3,5
2,1,292,2021-2-5T12:33:17,-62.15854,-58.47141,64.7,5
2,1,293,2021-2-5T12:33:27,-62.15843,-58.47143,76.3,5
2,1,294,2021-2-5T12:33:38,-62.15859,-58.47147,70.0,5
2,1,295,2021-2-5T12:33:49,-62.15871,-58.47149,63.7,5
2,1,296,2021-2-5T12:34:0,-62.15882,-58.47147,56.9,5
2,1,297,2021-2-5T12:34:10,-62.15889,-58.47146,49.8,5
2,1,298,2021-2-5T12:34:21,-62.15897,-58.47143,40.7,5
2,1,299,2021-2-5T12:34:32,-62.15909,-58.47136,30.3,5
2,1,300,2021-2-5T12:34:42,-62.15917,-58.47131,20.0,5
2,1,301,2021-2-5T12:34:53,-62.15925,-58.47125,11.0,5
2,1,302,2021-2-5T12:35:4,-62.15925,-58.47135,1.8,5
2,1,303,2021-2-5T12:35:15,-62.15931,-58.47126,-4.6,5
2,1,304,2021-2-5T12:35:25,-62.15935,-58.47121,-8.2,5
2,1,305,2021-2-5T12:35:36,-62.15928,-58.47125,5.4,6
2,1,306,2021-2-5T12:35:47,-62.15927,-58.47126,9.9,6
2,1,307,2021-2-5T12:35:58,-62.15926,-58.47128,11.6,6
2,1,314,2021-2-5T12:37:12,-62.15920,-58.47131,18.5,6
2,1,315,2021-2-5T12:37:22,-62.15923,-58.47127,12.1,6
2,1,316,2021-2-5T12:37:33,-62.15924,-58.47126,12.1,6
2,1,317,2021-2-5T12:37:44,-62.15922,-58.47127,15.6,6
2,1,318,2021-2-5T12:37:54,-62.15921,-58.47129,16.7,6
2,1,319,2021-2-5T12:38:5,-62.15920,-58.47128,18.1,6
2,1,320,2021-2-5T12:38:16,-62.15919,-58.47130,19.8,6
2,1,321,2021-2-5T12:38:27,-62.15918,-58.47131,20.9,6
2,1,322,2021-2-5T12:38:37,-62.15919,-58.47131,20.2,6
2,1,323,2021-2-5T12:38:48,-62.15918,-58.47132,22.1,6
2,1,324,2021-2-5T12:38:59,-62.15918,-58.47133,22.2,6
2,1,325,2021-2-5T12:39:9,-62.15917,-58.47135,0.0,0
2,1,326,2021-2-5T12:39:20,-62.15916,-58.47135,23.5,5
2,1,327,2021-2-5T12:39:31,-62.15914,-58.47135,24.5,5
2,1,328,2021-2-5T12:39:42,-62.15913,-58.47138,24.4,5
2,1,329,2021-2-5T12:39:52,-62.15912,-58.47140,25.3,5
2,1,330,2021-2-5T12:40:3,-62.15912,-58.47140,26.2,5
2,1,331,2021-2-5T12:40:14,-62.15912,-58.47142,25.7,5
2,1,332,2021-2-5T12:40:25,-62.15914,-58.47140,24.6,5
2,1,333,2021-2-5T12:40:35,-62.15915,-58.47138,23.2,5
2,1,334,2021-2-5T12:40:46,-62.15917,-58.47135,20.8,5
2,1,335,2021-2-5T12:40:57,-62.15918,-58.47133,18.4,5
2,1,336,2021-2-5T12:41:8,-62.15918,-58.47134,16.2,5
2,1,337,2021-2-5T12:41:18,-62.15922,-58.47131,13.4,5
2,1,338,2021-2-5T12:41:29,-62.15923,-58.47129,11.2,5
2,1,339,2021-2-5T12:41:40,-62.15925,-58.47129,8.2,5
2,1,340,2021-2-5T12:41:51,-62.15927,-58.47128,5.9,5
2,1,341,2021-2-5T12:42:1,-62.15928,-58.47126,3.9,5
2,1,342,2021-2-5T12:42:12,-62.15929,-58.47125,1.5,5
2,1,343,2021-2-5T12:42:23,-62.15933,-58.47124,-2.9,5
2,1,344,2021-2-5T12:42:33,-62.15938,-58.47125,65530.0,0
2,1,345,2021-2-5T12:42:44,-62.15936,-58.47127,-5.6,5
2,1,346,2021-2-5T12:42:55,-62.15935,-58.47130,-2.2,5
2,1,347,2021-2-5T12:43:6,-62.15931,-58.47131,2.8,5
2,1,354,2021-2-5T12:44:20,-62.15913,-58.47135,20.6,5
2,1,355,2021-2-5T12:44:30,-62.15913,-58.47134,19.8,5
2,1,356,2021-2-5T12:44:41,-62.15913,-58.47131,21.0,5
2,1,357,2021-2-5T12:44:52,-62.15912,-58.47129,22.8,5
2,1,358,2021-2-5T12:45:2,-62.15911,-58.47129,24.7,0
2,1,359,2021-2-5T12:45:13,-62.15912,-58.47125,25.9,5
2,1,360,2021-2-5T12:45:24,-62.15914,-58.47125,24.8,5
2,1,361,2021-2-5T12:45:35,-62.15915,-58.47122,23.9,5
2,1,362,2021-2-5T12:45:45,-62.15917,-58.47119,23.1,5
2,1,363,2021-2-5T12:45:56,-62.15917,-58.47122,22.1,5
2,1,364,2021-2-5T12:46:7,-62.15917,-58.47121,20.7,5
2,1,365,2021-2-5T12:46:18,-62.15918,-58.47122,19.2,5
2,1,366,2021-2-5T12:46:28,-62.15917,-58.47124,18.4,5
2,1,367,2021-2-5T12:46:39,-62.15917,-58.47125,17.5,5
2,1,368,2021-2-5T12:46:50,-62.15916,-58.47127,16.4,5
2,1,369,2021-2-5T12:47:0,-62.15916,-58.47126,17.3,5
2,1,370,2021-2-5T12:47:11,-62.15916,-58.47126,18.1,5
2,1,371,2021-2-5T12:47:22,-62.15915,-58.47127,19.7,5
2,1,372,2021-2-5T12:47:33,-62.15915,-58.47126,19.7,5
2,1,373,2021-2-5T12:47:43,-62.15915,-58.47125,20.5,5
2,1,374,2021-2-5T12:47:54,-62.15914,-58.47126,22.1,5
2,1,375,2021-2-5T12:48:5,-62.15912,-58.47128,23.6,5
2,1,376,2021-2-5T12:48:15,-62.15912,-58.47128,24.4,5
2,1,377,2021-2-5T12:48:26,-62.15913,-58.47127,23.8,5
2,1,378,2021-2-5T12:48:37,-62.15912,-58.47130,23.5,5
2,1,379,2021-2-5T12:48:48,-62.15913,-58.47130,21.9,5
2,1,380,2021-2-5T12:48:58,-62.15914,-58.47130,20.0,5
2,1,381,2021-2-5T12:49:9,-62.15918,-58.47125,19.9,4
2,1,382,2021-2-5T12:49:20,-62.15917,-58.47126,19.8,4
2,1,383,2021-2-5T12:49:31,-62.15916,-58.47128,20.0,5
2,1,384,2021-2-5T12:49:41,-62.15915,-58.47125,24.7,5
2,1,129,200-0-0T0:0:0,0.0,0.0,0.0,0
2,1,390,2021-2-5T12:50:45,-62.15913,-58.47130,28.4,5
2,1,391,2021-2-5T12:50:55,-62.15913,-58.47129,28.2,5
2,1,392,2021-2-5T12:51:6,-62.15915,-58.47125,27.3,5
2,1,393,2021-2-5T12:51:17,-62.15916,-58.47123,25.8,5
2,1,394,2021-2-5T12:51:28,-62.15916,-58.47121,25.3,6
2,1,395,2021-2-5T12:51:38,-62.15914,-58.47126,24.4,5
2,1,396,2021-2-5T12:51:49,-62.15914,-58.47126,24.5,5
2,1,397,2021-2-5T12:52:0,-62.15916,-58.47123,24.1,5
2,1,398,2021-2-5T12:52:10,-62.15922,-58.47114,24.4,5
2,1,399,2021-2-5T12:52:21,-62.15923,-58.47112,24.6,5
2,1,400,2021-2-5T12:52:32,-62.15921,-58.47116,24.3,5
2,1,401,2021-2-5T12:52:43,-62.15920,-58.47118,24.7,5
2,1,402,2021-2-5T12:52:53,-62.15918,-58.47122,25.3,5
2,1,403,2021-2-5T12:53:4,-62.15915,-58.47126,26.3,6
2,1,404,2021-2-5T12:53:15,-62.15913,-58.47129,26.1,5
2,1,405,2021-2-5T12:53:26,-62.15910,-58.47135,25.8,6
2,1,406,2021-2-5T12:53:36,-62.15909,-58.47138,25.3,6
2,1,407,2021-2-5T12:53:47,-62.15910,-58.47133,25.2,6
2,1,408,2021-2-5T12:53:58,-62.15909,-58.47137,24.2,6
2,1,409,2021-2-5T12:54:9,-62.15910,-58.47137,22.7,6
2,1,410,2021-2-5T12:54:19,-62.15911,-58.47135,21.3,6
2,1,411,2021-2-5T12:54:30,-62.15912,-58.47141,18.5,6
2,1,412,2021-2-5T12:54:41,-62.15914,-58.47141,16.7,6
2,1,413,2021-2-5T12:54:51,-62.15916,-58.47139,14.2,6
2,1,414,2021-2-5T12:55:2,-62.15917,-58.47138,12.6,6
2,1,415,2021-2-5T12:55:13,-62.15918,-58.47135,11.2,6
2,1,416,2021-2-5T12:55:24,-62.15916,-58.47139,11.0,6
2,1,417,2021-2-5T12:55:34,-62.15914,-58.47138,12.0,6
2,1,418,2021-2-5T12:55:45,-62.15916,-58.47133,12.7,6
2,1,419,2021-2-5T12:55:56,-62.15917,-58.47134,11.0,6
2,1,0,200-0-0T0:0:0,0.0,0.0,0.0,0
2,1,421,2021-2-5T12:56:17,-62.15919,-58.47126,17.7,6
2,1,427,2021-2-5T12:57:21,-62.15921,-58.47131,24.6,7
2,1,428,2021-2-5T12:57:31,-62.15919,-58.47131,25.1,7
2,1,429,2021-2-5T12:57:42,-62.15919,-58.47128,26.9,7
2,1,430,2021-2-5T12:57:53,-62.15918,-58.47128,27.0,7
2,1,431,2021-2-5T12:58:3,-62.15917,-58.47125,27.9,7
2,1,432,2021-2-5T12:58:14,-62.15917,-58.47122,28.7,7
2,1,433,2021-2-5T12:58:25,-62.15916,-58.47121,29.2,7
2,1,434,2021-2-5T12:58:36,-62.15915,-58.47117,29.5,7
2,1,435,2021-2-5T12:58:46,-62.15915,-58.47111,30.2,7
2,1,436,2021-2-5T12:58:57,-62.15915,-58.47115,27.6,7
2,1,437,2021-2-5T12:59:8,-62.15917,-58.47113,25.6,7
2,1,438,2021-2-5T12:59:19,-62.15920,-58.47119,21.4,7
2,1,439,2021-2-5T12:59:29,-62.15921,-58.47119,19.0,7
2,1,440,2021-2-5T12:59:40,-62.15920,-58.47120,17.8,7
2,1,441,2021-2-5T12:59:51,-62.15923,-58.47120,15.2,7
2,0,0,200-0-0T0:0:0,0.0,0.0,0.0,0
2,1,443,2021-2-5T13:0:12,-62.15915,-58.47117,18.7,7
2,1,444,2021-2-5T13:0:23,-62.15913,-58.47114,20.5,7
2,1,445,2021-2-5T13:0:34,-62.15914,-58.47111,19.6,7
2,1,446,2021-2-5T13:0:44,-62.15913,-58.47111,19.6,7
2,1,447,2021-2-5T13:0:55,-62.15914,-58.47112,18.3,7
2,1,448,2021-2-5T13:1:6,-62.15913,-58.47108,18.3,7
2,1,449,2021-2-5T13:1:17,-62.15914,-58.47110,15.5,7
2,1,450,2021-2-5T13:1:27,-62.15913,-58.47110,16.9,7
2,1,451,2021-2-5T13:1:38,-62.15917,-58.47117,16.1,7
2,1,452,2021-2-5T13:1:49,-62.15916,-58.47121,15.1,7
2,1,453,2021-2-5T13:1:59,-62.15915,-58.47118,14.3,6
2,1,454,2021-2-5T13:2:10,-62.15922,-58.47125,18.2,7
2,1,455,2021-2-5T13:2:21,-62.15932,-58.47138,26.0,7
2,1,456,2021-2-5T13:2:32,-62.15940,-58.47151,32.1,7
2,1,457,2021-2-5T13:2:42,-62.15942,-58.47147,36.4,7
2,1,458,2021-2-5T13:2:53,-62.15936,-58.47134,40.3,7
2,1,459,2021-2-5T13:3:4,-62.15933,-58.47130,43.0,7
2,1,460,2021-2-5T13:3:14,-62.15927,-58.47126,41.5,7
2,1,464,2021-2-5T13:3:57,-62.15912,-58.47109,39.2,7
2,1,465,2021-2-5T13:4:7,-62.15909,-58.47107,39.4,7
2,1,466,2021-2-5T13:4:18,-62.15909,-58.47105,37.1,7
2,1,467,2021-2-5T13:4:29,-62.15905,-58.47110,34.4,8
2,1,468,2021-2-5T13:4:39,-62.15905,-58.47115,30.1,8
2,1,469,2021-2-5T13:4:50,-62.15904,-58.47116,26.4,8
2,1,470,2021-2-5T13:5:1,-62.15903,-58.47114,26.2,8
2,1,471,2021-2-5T13:5:12,-62.15906,-58.47118,23.0,8
2,1,472,2021-2-0T0:0:0,0.0,0.0,0.0,0
2,1,473,2021-2-5T13:5:33,-62.15903,-58.47123,22.7,8
2,1,474,2021-2-5T13:5:44,-62.15901,-58.47126,23.0,8
2,1,475,2021-2-5T13:5:55,-62.15893,-58.47098,34.3,7
2,1,476,2021-2-5T13:6:5,-62.15866,-58.47100,53.5,7
2,1,477,2021-2-5T13:6:16,-62.15867,-58.47090,54.5,8
2,1,478,2021-2-5T13:6:27,-62.15873,-58.47085,52.7,7
2,1,479,2021-2-5T13:6:38,-62.15867,-58.47048,66.1,7
2,1,480,2021-2-5T13:6:48,-62.15872,-58.47048,61.9,5
2,1,481,2021-2-5T13:6:59,-62.15864,-58.47051,64.6,7
2,1,482,2021-2-5T13:7:10,-62.15868,-58.47042,64.9,6
2,1,483,2021-2-5T13:7:20,-62.15865,198.0,0.0,0
2,1,484,2021-2-5T13:7:31,-62.15864,-58.47041,68.0,7
2,1,485,2021-2-5T13:7:42,-62.15876,-58.47065,63.0,7
2,1,486,2021-2-5T13:7:52,-62.15884,-58.47078,59.3,7
2,1,487,2021-2-5T13:8:3,-62.15890,-58.47094,54.0,7
2,1,488,2021-2-5T13:8:14,-62.15891,-58.47101,49.0,7
2,1,489,2021-2-5T13:8:25,-62.15897,-58.47104,45.7,7
2,1,490,2021-2-5T13:8:35,-62.15902,-58.47111,42.1,7
2,1,491,2021-2-5T13:8:46,-62.15904,-58.47118,35.9,7
2,1,492,2021-2-5T13:8:57,-62.15905,-58.47125,30.9,7
2,1,493,2021-2-5T13:9:8,-62.15895,-58.47122,27.9,7
2,1,494,2021-2-5T13:9:18,-62.15892,-58.47125,21.3,7
2,1,495,2021-2-5T13:9:29,-62.15894,-58.47123,20.8,6
2,1,496,2021-2-5T13:9:40,-62.15908,-58.47119,13.3,7
2,1,497,2021-2-5T13:9:50,-62.15913,-58.47117,11.4,7
2,1,501,2021-2-5T13:10:32,-62.15908,-58.47121,22.7,7
2,1,502,2021-2-5T13:10:43,-62.15909,-58.47129,23.6,6
2,1,503,2021-2-5T13:10:54,-62.15910,-58.47131,24.0,6
2,1,504,2021-2-5T13:11:5,-62.15909,-58.47129,27.1,6
2,1,505,2021-2-5T13:11:15,-62.15913,-58.47126,26.0,7
2,1,506,2021-2-5T13:11:26,-62.15920,-58.47122,21.6,8
2,1,507,2021-2-5T13:11:37,-62.15919,-58.47127,23.0,8
2,1,508,2021-2-5T13:11:47,-62.15920,-58.47123,25.9,8
2,1,509,2021-2-5T13:11:58,-62.15919,-58.47124,29.6,8
2,1,510,2021-2-5T13:12:9,-62.15919,-58.47125,32.1,8
2,1,511,2021-2-5T13:12:20,-62.15918,-58.47126,35.0,8
2,1,512,2021-2-5T13:12:30,-62.15918,-58.47128,36.6,8
2,1,513,2021-2-5T13:12:41,-62.15919,-58.47126,36.8,8
2,1,514,2021-2-5T13:12:52,-62.15919,-58.47127,34.6,8
2,1,515,2021-2-5T13:13:2,-62.15918,0.0,0.0,0
2,1,516,2021-2-5T13:13:13,-62.15916,-58.47128,31.4,8
2,1,517,2021-2-5T13:13:24,-62.15913,-58.47125,33.6,8
2,1,518,2021-2-5T13:13:35,-62.15910,-58.47135,33.3,7
2,1,519,2021-2-5T13:13:45,-62.15911,-58.47121,35.0,6
2,1,520,2021-2-5T13:13:56,-62.15906,-58.47116,38.7,8
2,1,521,2021-2-5T13:14:7,-62.15908,-58.47124,33.5,8
2,1,522,2021-2-5T13:14:17,-62.15903,-58.47126,36.0,0
2,1,523,2021-2-5T13:14:28,-62.15896,-58.47116,43.3,8
2,1,524,2021-2-5T13:14:39,-62.15898,-58.47119,41.0,8
2,1,525,2021-2-5T13:14:50,-62.15898,-58.47122,39.5,7
2,1,526,2021-2-5T13:15:0,-62.15904,-58.47126,32.5,7
2,1,527,2021-2-5T13:15:11,-62.15907,-58.47139,26.2,6
2,1,528,2021-2-5T13:15:22,-62.15910,-58.47139,23.5,6
2,1,529,2021-2-5T13:15:33,-62.15913,-58.47139,20.3,6
2,1,530,2021-2-5T13:15:43,-62.15913,-58.47139,19.9,6
2,1,531,2021-2-5T13:15:54,-62.15915,-58.47132,19.6,6
2,1,539,2021-2-5T13:17:19,-62.15940,-58.47055,15.5,6
2,1,540,2021-2-5T13:17:29,-62.15926,-58.47106,17.4,7
2,1,541,2021-2-5T13:17:40,-62.15921,-58.47122,17.5,7
2,1,542,2021-2-5T13:17:51,-62.15921,-58.47123,16.3,6
2,1,543,2021-2-5T13:18:2,-62.15919,-58.47131,16.4,7
2,1,544,2021-2-5T13:18:12,-62.15917,-58.47136,17.3,6
2,1,545,2021-2-5T13:18:23,-62.15916,-58.47137,17.5,6
2,1,546,2021-2-5T13:18:34,-62.15916,-58.47134,17.6,6
2,1,547,2021-2-5T13:18:44,-62.15916,198.0,0.0,0
2,1,548,2021-2-5T13:18:55,-62.15915,-58.47137,18.4,6
2,1,549,2021-2-5T13:19:6,-62.15909,-58.47147,22.7,7
2,1,550,2021-2-5T13:19:17,-62.15913,-58.47138,22.3,7
2,1,551,2021-2-5T13:19:27,-62.15915,-58.47135,22.1,7
2,1,552,2021-2-5T13:19:38,-62.15917,-58.47132,20.6,7
2,1,553,2021-2-5T13:19:49,-62.15917,-58.47131,23.6,7
2,0,0,200-0-0T0:0:0,0.0,0.0,0.0,0
2,1,555,2021-2-5T13:20:10,-62.15917,-58.47124,26.3,7
2,1,556,2021-2-5T13:20:21,-62.15917,-58.47119,25.8,7
2,1,557,2021-2-5T13:20:32,-62.15916,-58.47121,25.9,7
2,1,558,2021-2-5T13:20:42,-62.15916,-58.47117,26.0,7
2,1,559,2021-2-5T13:20:53,-62.15913,-58.47113,28.8,7
2,1,560,2021-2-5T13:21:4,-62.15911,-58.47109,30.3,7
2,1,561,2021-2-5T13:21:15,-62.15912,-58.47110,28.0,7
2,1,562,2021-2-5T13:21:25,-62.15913,-58.47114,26.0,7
2,1,563,2021-2-5T13:21:36,-62.15916,-58.47120,20.1,7
2,1,564,2021-2-5T13:21:47,-62.15919,-58.47121,15.6,7
2,1,565,2021-2-5T13:21:57,-62.15922,-58.47120,11.4,7
2,1,566,2021-2-5T13:22:8,-62.15922,-58.47113,12.5,7
2,1,567,2021-2-5T13:22:19,-62.15922,-58.47099,15.5,7
2,1,568,2021-2-5T13:22:30,-62.15917,-58.47092,21.8,7
2,1,569,2021-2-5T13:22:40,-62.15918,-58.47098,19.7,7
2,1,570,2021-2-5T13:22:51,-62.15918,-58.47111,16.6,7
2,1,571,2021-2-5T13:23:2,-62.15919,-58.47116,15.4,7
2,1,572,2021-2-5T13:23:13,-62.15916,-58.47112,19.1,7
2,1,579,200-0-0T0:0:0,0.0,0.0,0.0,0
2,1,580,2021-2-5T13:24:37,-62.15918,-58.47108,16.1,9
2,1,582,2021-2-5T13:24:59,-62.15915,-58.47113,15.1,9
2,1,583,2021-2-5T13:25:9,-62.15914,-58.47116,15.8,8
2,1,584,2021-2-5T13:25:20,-62.15910,-58.47128,17.4,8
2,1,585,2021-2-5T13:25:31,-62.15909,-58.47131,17.7,8
2,1,586,2021-2-5T13:25:42,-62.15907,-58.47137,19.0,8
2,1,587,2021-2-5T13:25:52,-62.15906,-58.47139,19.5,8
2,1,588,2021-2-5T13:26:3,-62.15905,-58.47143,21.0,9
2,1,589,2021-2-5T13:26:14,-62.15903,-58.47148,22.4,9
2,1,590,2021-2-5T13:26:24,-62.15908,-58.47137,20.1,9
2,1,591,2021-2-5T13:26:35,-62.15909,-58.47135,19.9,9
2,1,592,2021-2-5T13:26:46,-62.15910,-58.47133,19.6,8
2,1,593,2021-2-5T13:26:57,-62.15910,-58.47136,20.4,9
2,1,594,2021-2-5T13:27:7,-62.15909,-58.47138,20.7,9
2,1,595,2021-2-5T13:27:18,-62.15912,-58.47131,17.7,9
2,1,596,2021-2-5T13:27:29,-62.15913,-58.47130,17.0,9
2,1,597,2021-2-5T13:27:40,-62.15913,-58.47132,17.0,9
2,1,598,2021-2-5T13:27:50,-62.15913,-58.47136,16.8,9
2,1,599,2021-2-5T13:28:1,-62.15913,-58.47138,16.2,9
2,1,600,2021-2-5T13:28:12,-62.15914,-58.47138,15.5,9
2,1,601,2021-2-5T13:28:23,-62.15914,-58.47144,15.0,9
2,1,602,2021-2-5T13:28:34,-62.15916,-58.47141,13.2,8
2,1,603,2021-2-5T13:28:44,-62.15917,-58.47137,12.2,6
2,1,604,2021-2-5T13:28:55,-62.15918,-58.47133,11.9,7
2,1,605,2021-2-5T13:29:6,-62.15917,-58.47129,12.4,7
2,1,606,2021-2-5T13:29:16,-62.15917,-58.47126,13.1,7
2,1,607,2021-2-5T13:29:27,-62.15919,-58.47119,12.3,8
2,1,608,2021-2-5T13:29:38,-62.15920,-58.47117,13.2,8
2,1,609,2021-2-5T13:29:49,-62.15921,-58.47116,13.8,9
2,1,610,2021-2-5T13:29:59,-62.15916,-58.47126,17.8,7
2,1,611,2021-2-5T13:30:10,-62.15917,-58.47119,16.8,8
2,1,612,2021-2-5T13:30:21,-62.15918,-58.47117,15.6,8
2,1,613,2021-2-5T13:30:0,0.0,0.0,0.0,0
2,1,621,2021-2-5T13:31:56,-62.15920,-58.47109,22.7,9
2,1,622,2021-2-5T13:32:7,-62.15918,-58.47115,25.4,9
2,1,623,2021-2-5T13:32:18,-62.15917,-58.47119,26.3,9
2,1,624,2021-2-5T13:32:28,-62.15917,-58.47119,24.6,8
2,1,625,2021-2-5T13:32:39,-62.15919,-58.47116,24.4,8
2,1,626,2021-2-5T13:32:50,-62.15916,-58.47123,23.4,8
2,1,627,2021-2-5T13:33:0,-62.15916,-58.47125,23.0,9
2,1,628,2021-2-5T13:33:11,-62.15918,-58.47125,21.2,9
2,1,629,2021-2-5T13:33:22,-62.15920,-58.47126,17.7,9
2,1,630,2021-2-5T13:33:33,-62.15921,-58.47130,17.3,9
2,1,631,2021-2-5T13:33:43,-62.15923,-58.47130,12.3,9
2,1,632,2021-2-5T13:33:54,-62.15924,-58.47127,12.2,9
2,1,633,2021-2-5T13:34:5,-62.15920,-58.47130,15.8,8
2,1,634,2021-2-5T13:34:16,-62.15916,-58.47127,21.5,8
2,1,635,2021-2-5T13:34:26,-62.15918,-58.47125,19.5,8
2,1,636,2021-2-5T13:34:37,-62.15918,-58.47121,21.1,9
2,1,637,2021-2-5T13:34:48,-62.15920,-58.47113,21.9,8
2,1,638,2021-2-5T13:34:58,-62.15919,-58.47109,23.0,9
2,1,639,2021-2-5T13:35:9,-62.15921,-58.47102,22.7,9
2,1,640,2021-2-5T13:35:20,-62.15921,-58.47100,23.9,8
2,1,641,2021-2-5T13:35:31,-62.15920,-58.47101,25.9,8
2,1,642,2021-2-5T13:35:41,-62.15919,-58.47104,27.7,8
2,1,643,2021-2-5T13:35:52,-62.15917,-58.47109,30.2,8
2,1,644,2021-2-5T13:36:3,-62.15913,-58.47118,34.1,8
2,1,645,2021-2-5T13:36:14,-62.15919,-58.47102,28.6,8
2,1,646,2021-2-5T13:36:24,-62.15921,-58.47099,27.1,8
2,1,647,2021-2-5T13:36:35,-62.15920,-58.47102,27.7,8
2,1,648,2021-2-5T13:36:46,-62.15914,-58.47115,30.9,7
2,1,649,2021-2-5T13:36:56,-62.15912,-58.47121,32.1,8
2,1,650,2021-2-5T13:37:7,-62.15908,-58.47131,33.5,7
2,1,651,2021-2-5T13:37:18,-62.15910,-58.47130,30.6,8
2,1,652,2021-2-5T13:37:29,-62.15910,-58.47131,28.5,8
2,1,662,2021-2-5T13:39:15,-62.15916,-58.47126,18.1,9
2,1,663,2021-2-5T13:39:25,-62.15917,-58.47117,18.8,9
2,1,664,2021-2-5T13:39:36,-62.15917,-58.47108,18.2,9
2,1,665,2021-2-5T13:39:47,-62.15917,-58.47101,18.2,9
2,1,666,2021-2-5T13:39:57,-62.15918,-58.47096,18.0,0
2,1,667,2021-2-5T13:40:8,-62.15916,-58.47099,20.2,9
2,1,668,2021-2-5T13:40:19,-62.15917,-58.47095,19.3,9
2,1,669,2021-2-5T13:40:30,-62.15918,-58.47089,17.2,9
2,1,670,2021-2-5T13:40:41,-62.15918,-58.47088,17.5,9
2,1,671,2021-2-5T13:40:51,-62.15915,-58.47095,20.1,8
2,1,672,2021-2-5T13:41:2,-62.15913,-58.47101,22.4,7
2,1,673,2021-2-5T13:41:13,-62.15914,-58.47100,22.1,9
2,1,674,2021-2-5T13:41:23,-62.15914,-58.47098,20.6,9
2,1,675,2021-2-5T13:41:34,-62.15912,-58.47102,21.6,9
2,1,676,2021-2-5T13:41:45,-62.15912,-58.47109,21.2,9
2,1,677,2021-2-5T13:41:56,-62.15914,-58.47119,17.7,9
2,1,678,2021-2-5T13:42:6,-62.15916,-58.47132,14.4,9
2,1,679,2021-2-5T13:42:17,-62.15917,-58.47137,10.8,8
2,1,680,2021-2-5T13:42:28,-62.15918,-58.47138,11.2,9
2,1,681,2021-2-5T13:42:39,-62.15918,-58.47135,12.6,9
2,1,682,2021-2-5T13:42:49,-62.15918,-58.47129,13.9,9
2,1,683,2021-2-5T13:43:0,-62.15918,-58.47125,14.9,9
2,1,684,2021-2-5T13:43:11,-62.15917,-58.47124,15.3,9
2,1,685,2021-2-5T13:43:21,-62.15918,-58.47119,15.3,9
2,1,686,2021-2-5T13:43:32,-62.15917,-58.47118,15.4,9
2,1,687,2021-2-5T13:43:43,-62.15918,-58.47114,17.4,9
2,1,688,2021-2-5T13:43:54,-62.15918,-58.47112,17.9,9
2,1,689,2021-2-5T13:44:4,-62.15916,-58.47114,17.1,8
2,1,690,2021-2-5T13:44:15,-62.15914,-58.47115,17.4,8
2,1,691,2021-2-5T13:44:26,-62.15915,-58.47114,18.7,7
2,1,692,2021-2-5T13:44:0,0.0,0.0,0.0,0
2,1,693,2021-2-5T13:44:47,-62.15914,-58.47114,21.7,9
2,1,694,2021-2-5T13:44:58,-62.15915,-58.47111,22.8,8
2,1,695,2021-2-5T13:45:0,0.0,0.0,0.0,0
2,1,702,2021-2-5T13:46:23,-62.15912,-58.47126,14.6,9
2,1,703,2021-2-5T13:46:33,-62.15913,-58.47125,14.1,9
2,1,704,2021-2-5T13:46:44,-62.15914,-58.47125,13.7,9
2,1,705,2021-2-5T13:46:55,-62.15915,-58.47123,16.0,9
2,1,706,2021-2-5T13:47:6,-62.15916,-58.47120,19.0,9
2,1,707,2021-2-5T13:47:16,-62.15916,-58.47119,21.6,9
2,1,708,2021-2-5T13:47:27,-62.15916,-58.47119,22.9,8
2,1,709,2021-2-5T13:47:38,-62.15916,-58.47119,23.8,9
2,1,710,2021-0-0T0:0:0,0.0,0.0,0.0,0
2,1,711,2021-2-5T13:47:59,-62.15915,-58.47121,24.3,8
2,1,712,2021-2-5T13:48:10,-62.15916,-58.47121,25.7,9
2,1,713,2021-2-5T13:48:21,-62.15916,-58.47121,25.8,8
2,1,714,2021-2-5T13:48:31,-62.15916,-58.47123,23.9,8
2,1,715,2021-2-5T13:48:42,-62.15915,-58.47127,22.4,9
2,1,716,2021-2-5T13:48:53,-62.15916,-58.47125,20.4,9
2,1,717,2021-2-5T13:49:4,-62.15916,-58.47130,16.5,9
2,1,718,2021-2-5T13:49:14,-62.15915,-58.47132,12.9,9
2,1,719,2021-2-5T13:49:25,-62.15916,-58.47136,7.5,9
2,1,720,2021-2-5T13:49:36,-62.15916,-58.47140,1.6,9
2,1,721,2021-2-5T13:49:47,-62.15916,-58.47145,-2.8,9
2,1,722,2021-2-5T13:49:57,-62.15916,-58.47144,-3.5,9
2,1,723,2021-2-5T13:50:8,-62.15916,-58.47144,-4.1,9
2,1,724,2021-2-5T13:50:19,-62.15917,-58.47141,-1.8,9
2,1,725,2021-2-5T13:50:29,-62.15916,-58.47138,2.3,9
2,1,726,2021-2-5T13:50:40,-62.15915,-58.47140,3.8,9
2,1,727,2021-2-5T13:50:51,-62.15915,-58.47139,4.7,9
2,1,728,2021-2-5T13:51:2,-62.15914,-58.47138,8.2,9
2,1,729,2021-2-5T13:51:12,-62.15914,-58.47139,9.8,9
2,1,730,2021-2-5T13:51:23,-62.15915,-58.47135,10.1,9
2,1,731,2021-2-5T13:51:34,-62.15917,-58.47132,9.5,8
2,1,739,200-0-0T0:0:0,0.0,0.0,0.0,0
2,1,740,2021-2-5T13:53:9,-62.15917,-58.47143,-5.0,7
2,1,741,2021-2-5T13:53:20,-62.15917,-58.47138,0.9,9
2,1,742,2021-2-5T13:53:31,-62.15917,-58.47127,14.5,9
2,1,743,2021-2-5T13:53:41,-62.15917,-58.47123,18.7,8
2,1,744,2021-2-5T13:53:52,-62.15916,-58.47124,20.6,9
2,1,745,2021-2-5T13:54:3,-62.15915,-58.47126,21.2,8
2,1,746,2021-2-5T13:54:14,-62.15914,-58.47129,19.5,8
2,1,747,2021-2-5T13:54:24,-62.15915,-58.47129,16.2,9
2,1,748,2021-2-5T13:54:35,-62.15916,-58.47130,12.1,9
2,1,749,2021-2-5T13:54:46,-62.15916,-58.47132,8.6,9
2,1,750,2021-2-5T13:54:56,-62.15917,-58.47133,6.4,9
2,1,751,2021-2-5T13:55:7,-62.15918,-58.47133,6.5,8
2,1,752,2021-2-5T13:55:18,-62.15918,-58.47130,10.4,9
2,1,753,2021-2-5T13:55:29,-62.15918,-58.47131,10.2,9
2,1,754,2021-2-5T13:55:39,-62.15920,-58.47131,8.7,9
2,1,755,2021-2-5T13:55:50,-62.15920,-58.47128,14.9,7
2,1,756,2021-2-5T13:56:1,-62.15917,-58.47116,38.0,7
2,1,757,2021-2-0T0:0:0,0.0,0.0,0.0,0
2,1,758,2021-2-5T13:56:22,-62.15918,-58.47123,23.8,9
2,1,759,2021-2-5T13:56:33,-62.15918,-58.47131,12.7,7
2,1,760,2021-2-5T13:56:44,-62.15919,-58.47134,6.0,9
2,1,761,2021-2-5T13:56:54,-62.15919,-58.47140,-3.2,8
2,1,762,2021-2-5T13:57:5,-62.15920,-58.47140,-7.3,8
2,1,763,2021-2-5T13:57:16,-62.15920,-58.47140,-8.8,9
2,1,764,2021-2-5T13:57:27,-62.15919,-58.47141,-8.5,8
2,1,765,2021-2-5T13:57:37,-62.15918,-58.47141,-8.4,9
2,1,766,2021-2-5T13:57:48,-62.15917,-58.47141,-8.8,7
2,1,767,2021-2-5T13:57:59,-62.15915,-58.47142,-9.8,9
2,1,768,2021-2-5T13:58:9,-62.15914,-58.47142,-8.1,8
2,1,769,2021-2-5T13:58:20,-62.15914,-58.47138,1.0,7
2,1,771,2021-2-5T13:58:42,-62.15918,-58.47130,17.8,8
2,1,772,2021-2-5T13:58:52,-62.15920,-58.47125,26.3,8
2,1,778,2021-2-5T13:59:56,-62.15922,-58.47119,29.5,8
2,1,779,2021-2-5T14:0:6,-62.15922,-58.47119,29.6,8
2,1,780,2021-2-5T14:0:17,-62.15921,-58.47120,29.1,9
2,1,781,2021-2-5T14:0:28,-62.15920,-58.47124,20.7,9
2,1,782,2021-2-5T14:0:38,-62.15920,-58.47128,11.6,8
2,1,783,2021-2-5T14:0:49,-62.15919,-58.47127,11.4,8
2,1,784,2021-2-5T14:1:0,-62.15920,-58.47124,15.5,8
2,1,785,2021-2-5T14:1:11,-62.15921,-58.47120,21.4,8
2,1,786,2021-2-5T14:1:21,-62.15920,-58.47118,26.5,9
2,1,787,2021-2-5T14:1:32,-62.15920,-58.47115,31.9,9
2,1,789,2021-2-5T14:1:53,-62.15920,-58.47113,39.3,8
2,1,790,2021-2-5T14:2:4,-62.15921,-58.47111,43.1,9
2,1,791,2021-2-5T14:2:15,-62.15920,-58.47111,45.1,10
2,1,792,2021-2-5T14:2:26,-62.15920,-58.47112,44.4,10
2,1,793,2021-2-5T14:2:36,-62.15919,-58.47115,38.1,10
2,1,794,2021-2-5T14:2:47,-62.15918,-58.47119,31.1,10
2,1,795,2021-2-5T14:2:58,-62.15918,-58.47122,25.3,10
2,0,0,200-0-0T0:0:0,0.0,0.0,0.0,0
2,1,797,2021-2-5T14:3:19,-62.15917,-58.47125,19.0,10
2,1,798,2021-2-5T14:3:30,-62.15917,-58.47125,17.5,10
2,1,799,2021-2-5T14:3:41,-62.15916,-58.47125,17.8,10
2,1,800,2021-2-5T14:3:52,-62.15915,-58.47127,18.3,10
2,1,801,2021-2-5T14:4:2,-62.15912,-58.47129,20.7,9
2,1,802,2021-2-5T14:4:13,-62.15913,-58.47127,19.4,9
2,1,803,2021-2-5T14:4:24,-62.15916,-58.47126,16.4,10
2,1,804,2021-2-5T14:4:34,-62.15916,-58.47127,15.5,10
2,1,805,2021-2-5T14:4:45,-62.15917,-58.47126,12.8,10
2,1,806,2021-2-5T14:4:56,-62.15918,-58.47126,10.7,9
2,1,807,2021-2-5T14:5:7,-62.15919,-58.47128,9.1,9
2,1,808,2021-2-5T14:5:17,-62.15919,-58.47129,8.2,9
2,1,809,2021-2-5T14:5:28,-62.15919,-58.47128,7.7,9
2,1,810,2021-2-5T14:5:39,-62.15918,-58.47128,7.9,9
2,1,811,2021-2-5T14:5:49,-62.15918,-58.47129,7.6,9
2,1,817,2021-2-5T14:6:53,-62.15915,-58.47133,12.0,10
2,1,818,2021-2-5T14:7:3,-62.15916,-58.47133,11.1,10
2,1,819,2021-2-5T14:7:14,-62.15917,-58.47132,10.4,10
2,1,820,2021-2-5T14:7:25,-62.15916,-58.47133,11.2,10
2,1,821,2021-2-5T14:7:36,-62.15915,-58.47133,12.3,10
2,1,822,2021-2-5T14:7:46,-62.15914,-58.47133,13.9,10
2,1,823,2021-2-5T14:7:57,-62.15913,-58.47132,15.3,9
2,1,824,2021-2-5T14:8:8,-62.15912,-58.47131,16.3,10
2,1,825,2021-2-5T14:8:18,-62.15912,-58.47130,17.9,10
2,1,826,2021-2-5T14:8:29,-62.15911,-58.47130,18.6,10
2,1,827,2021-2-5T14:8:40,-62.15912,-58.47129,17.6,10
2,1,828,2021-2-5T14:8:51,-62.15914,-58.47128,16.7,10
2,1,829,2021-2-5T14:9:1,-62.15914,-58.47127,16.1,10
2,1,830,2021-2-5T14:9:12,-62.15914,-58.47127,15.2,10
2,1,831,2021-2-5T14:9:23,-62.15914,-58.47128,15.4,10
2,1,832,2021-2-5T14:9:34,-62.15914,-58.47127,15.5,10
2,1,833,2021-2-5T14:9:44,-62.15914,-58.47127,14.8,10
2,1,834,2021-2-5T14:9:55,-62.15914,-58.47128,14.3,10
2,1,835,2021-2-5T14:10:6,-62.15915,-58.47127,13.4,9
2,1,836,2021-2-5T14:10:17,-62.15915,-58.47127,12.6,9
2,1,837,2021-2-5T14:10:28,-62.15914,-58.47129,13.0,9
2,1,838,2021-2-5T14:10:39,-62.15913,-58.47132,13.2,10
2,1,839,2021-2-5T14:10:49,-62.0,0.0,0.0,0
2,1,840,2021-2-5T14:11:0,-62.15912,-58.47132,14.8,10
2,1,841,2021-2-5T14:11:11,-62.15912,-58.47132,13.9,10
2,1,842,2021-2-5T14:11:22,-62.15912,-58.47131,13.4,10
2,1,843,2021-2-5T14:11:33,-62.15912,-58.47132,13.9,10
2,1,844,2021-2-5T14:11:44,-62.15912,-58.47132,14.2,10
2,1,845,2021-2-5T14:11:54,-62.15911,-58.47133,14.2,10
2,1,846,2021-2-5T14:12:5,-62.15911,-58.47134,14.5,10
2,1,847,2021-2-5T14:12:16,-62.15911,-58.47135,13.9,9
2,1,848,2021-2-5T14:12:27,-62.15912,-58.47135,12.6,10
2,1,849,2021-2-5T14:12:38,-62.15914,-58.47135,11.3,10
2,1,850,2021-2-5T14:12:49,-62.15915,-58.47134,9.9,10
2,0,0,200-0-0T0:0:0,0.0,0.0,0.0,0
2,1,852,2021-2-5T14:13:10,-62.15915,-58.47136,10.2,10
2,1,853,2021-2-5T14:13:21,-62.15916,-58.47135,10.0,10
2,1,854,2021-2-5T14:13:32,-62.15915,-58.47134,10.8,10
2,1,855,2021-2-5T14:13:43,-62.15914,-58.47135,11.2,9
2,1,856,2021-2-5T14:13:54,-62.15912,-58.47135,12.1,9
2,1,866,2021-2-5T14:15:40,-62.15914,-58.47131,15.0,10
2,1,867,2021-2-5T14:15:51,-62.15912,-58.47132,17.7,10
2,1,868,2021-2-5T14:16:2,-62.15909,-58.47131,19.8,10
2,1,869,2021-2-5T14:16:13,-62.15910,-58.47130,19.9,10
2,1,870,2021-2-5T14:16:23,-62.15912,-58.47131,18.2,10
2,1,871,2021-2-5T14:16:34,-62.15916,-58.47130,14.6,9
2,1,872,2021-2-5T14:16:45,-62.15918,-58.47130,12.5,10
2,1,873,2021-2-5T14:16:56,-62.15916,-58.47130,12.8,8
2,1,874,2021-2-5T14:17:7,-62.15915,-58.47130,13.5,8
2,1,875,2021-2-5T14:17:18,-62.15919,-58.47129,10.4,9
2,1,876,2021-2-5T14:17:28,-62.15919,-58.26,0.0,0
2,1,877,2021-2-5T14:17:39,-62.15919,-58.47130,11.0,10
2,1,878,2021-2-5T14:17:50,-62.15918,-58.47130,12.1,9
2,1,879,2021-2-5T14:18:1,-62.15918,-58.47131,12.6,10
2,1,880,2021-2-5T14:18:12,-62.15918,-58.47130,12.2,8
2,1,881,2021-2-5T14:18:23,-62.15917,-58.47129,12.4,9
2,1,882,2021-2-5T14:18:34,-62.15921,-58.47129,9.8,10
2,1,883,2021-2-5T14:18:44,-62.15920,-58.47130,10.0,9
2,1,884,2021-2-5T14:18:55,-62.15921,-58.47131,9.0,9
2,1,885,2021-2-5T14:19:6,-62.15921,-58.47130,8.3,9
2,1,886,2021-2-5T14:19:17,-62.15921,-58.47131,6.8,9
2,1,887,2021-2-5T14:19:28,-62.15920,-58.47131,5.9,9
2,1,888,2021-2-5T14:19:39,-62.15920,-58.47130,5.2,9
2,1,889,2021-2-5T14:19:49,-62.15915,-58.47129,6.7,10
2,1,890,2021-2-5T14:20:0,-62.15913,-58.47129,8.1,10
2,1,891,2021-2-5T14:20:11,-62.15911,-58.47130,9.7,8
2,1,892,2021-2-5T14:20:22,-62.15908,-58.47129,11.6,9
2,1,893,2021-2-5T14:20:33,-62.15908,-58.47127,12.5,9
2,1,894,2021-2-5T14:20:44,-62.15909,-58.47128,12.0,9
2,0,0,200-0-0T0:0:0,0.0,0.0,0.0,0
2,1,896,2021-2-5T14:21:5,-62.15906,-58.47123,13.7,10
2,1,897,2021-2-5T14:21:16,-62.15909,-58.47124,11.9,10
2,1,898,2021-2-5T14:21:27,-62.15912,-58.47127,9.8,9
2,1,899,2021-2-5T14:21:38,-62.15912,-58.47128,9.5,10
2,1,900,2021-2-5T14:21:49,-62.15913,-58.47130,8.6,10
2,1,901,2021-2-5T14:22:0,-62.15913,-58.47131,8.2,10
2,1,902,2021-2-5T14:22:10,-62.15914,-58.47131,8.5,9
2,1,903,2021-2-5T14:22:21,-62.15914,-58.47131,8.0,10
2,1,904,2021-2-5T14:22:32,-62.15914,-58.47132,8.0,9
2,1,905,2021-2-5T14:22:43,-62.15913,-58.47132,8.2,10
2,1,906,2021-2-5T14:22:54,-62.15914,-58.47130,7.4,8
2,1,907,2021-2-5T14:23:5,-62.15913,-58.47130,8.8,9
2,1,908,2021-2-5T14:23:15,-62.15908,-58.47129,12.2,8
2,1,909,2021-2-5T14:23:26,-62.15902,-58.47127,15.2,9
2,1,910,2021-2-5T14:23:37,-62.15902,-58.47126,15.9,8
2,1,911,2021-2-5T14:23:48,-62.15907,-58.47127,13.2,9
2,1,912,2021-2-5T14:23:59,-62.15905,-58.47126,14.5,10
2,1,913,2021-2-5T14:24:10,-62.15908,-58.47127,13.3,10
2,1,914,2021-2-5T14:24:20,-62.15911,-58.0,0.0,0
2,1,915,2021-2-5T14:24:31,-62.15911,-58.47129,13.7,9
2,1,916,2021-2-5T14:24:42,-62.15909,-58.47127,14.4,8
2,1,917,2021-2-5T14:24:53,-62.15912,-58.47131,12.9,7
2,1,918,2021-2-5T14:25:4,-62.15913,-58.47133,13.0,10
2,1,919,2021-2-5T14:25:14,-62.15914,-58.47135,13.5,8
2,1,920,2021-2-5T14:25:25,-62.15914,-58.47135,13.8,9
2,1,927,2021-0-0T0:0:0,0.0,0.0,0.0,0
2,1,928,2021-2-5T14:26:50,-62.15916,-58.47129,12.3,9
2,1,929,2021-2-5T14:27:1,-62.15915,-58.47130,13.0,10
2,1,930,2021-2-5T14:27:12,-62.15914,-58.47130,13.1,10
2,1,931,2021-2-5T14:27:23,-62.15914,-58.47131,12.5,9
2,1,932,2021-2-5T14:27:34,-62.15916,-58.47131,11.2,9
2,1,933,2021-2-5T14:27:45,-62.15917,-58.47131,9.8,9
2,1,937,2021-2-5T14:28:27,-62.15919,-58.47137,12.1,9
2,1,945,2021-2-5T14:29:52,-62.15917,-58.47139,13.4,9
2,1,946,2021-2-5T14:30:3,-62.15915,-58.47140,15.0,10
2,1,947,2021-2-5T14:30:13,-62.15914,-58.47141,15.2,10
2,1,948,2021-2-5T14:30:24,-62.15915,-58.47140,13.2,9
2,1,949,2021-2-5T14:30:35,-62.15912,-58.47138,13.7,9
2,1,950,2021-2-5T14:30:46,-62.15911,-58.47138,15.1,10
2,1,951,2021-2-5T14:30:57,-62.15912,-58.47133,12.4,9
2,1,952,2021-2-5T14:31:8,-62.15912,-58.47132,11.9,10
2,1,953,2021-2-5T14:31:18,-62.15911,-58.47131,12.8,9
2,1,955,2021-2-5T14:31:40,-62.15913,-58.47128,10.2,10
2,1,956,2021-2-5T14:31:50,-62.15914,-58.47127,9.4,9
2,1,957,2021-2-5T14:32:1,-62.15914,-58.47126,8.4,8
2,1,958,2021-2-5T14:32:12,-62.15914,-58.47128,9.4,10
2,1,959,2021-2-5T14:32:23,-62.15913,-58.47130,10.9,8
2,1,960,2021-2-5T14:32:34,-62.15918,-58.47128,6.1,8
2,1,961,2021-0-0T0:0:0,0.0,0.0,0.0,0
2,1,962,2021-2-5T14:32:55,-62.15920,-58.47130,5.2,9
2,1,963,2021-2-5T14:33:6,-62.15920,-58.47132,6.3,9
2,1,964,2021-2-5T14:33:17,-62.15920,-58.47132,7.3,9
2,1,965,2021-2-5T14:33:28,-62.15918,-58.47132,9.5,10
2,1,966,2021-2-5T14:33:38,-62.15918,-58.47131,11.2,0
2,1,967,2021-2-5T14:33:49,-62.15917,-58.47133,14.1,9
2,1,968,2021-2-5T14:34:0,-62.15916,-58.47133,15.4,10
2,1,969,2021-2-5T14:34:11,-62.15917,-58.47132,14.9,10
2,1,970,2021-2-5T14:34:22,-62.15918,-58.47131,13.5,9
2,1,971,2021-2-5T14:34:32,-62.15918,-58.47131,0.0,0
2,1,972,2021-2-5T14:34:43,-62.15918,-58.47131,13.6,9
2,1,973,2021-2-5T14:34:54,-62.15918,-58.47130,13.3,10
2,1,974,2021-2-5T14:35:5,-62.15919,-58.47130,12.8,10
2,1,975,2021-2-5T14:35:16,-62.15918,-58.47131,13.9,10
2,1,976,2021-2-5T14:35:27,-62.15918,-58.47131,13.3,10
2,1,978,2021-2-5T14:35:48,-62.15918,-58.47131,11.8,9
2,1,979,2021-2-5T14:35:59,-62.15917,-58.47132,12.7,10
2,1,992,2021-2-5T14:38:17,-62.15908,-58.47130,16.3,9
2,1,994,2021-2-5T14:38:39,-62.15912,-58.47128,10.5,10
2,1,995,2021-2-5T14:38:50,-62.15912,-58.47127,10.8,10
2,1,997,2021-2-5T14:39:11,-62.15915,-58.47127,8.8,10
2,1,998,2021-2-5T14:39:21,-62.15915,-58.47126,7.7,10
2,1,1000,2021-2-5T14:39:43,-62.15915,-58.47127,8.7,10
2,1,1005,2021-2-5T14:40:36,-62.15915,-58.47129,9.3,10
2,1,1006,2021-2-5T14:40:47,-62.15916,-58.47129,8.0,8
2,1,1007,2021-2-5T14:40:58,-62.15917,-58.47128,7.9,9
2,1,1008,2021-2-5T14:41:8,-62.15916,-58.47129,8.8,8
2,1,1009,2021-2-5T14:41:19,-62.15916,-58.47130,8.3,8
2,1,1010,2021-2-5T14:41:30,-62.15918,-58.47128,5.0,8
2,1,1011,2021-2-5T14:41:40,-62.15917,-58.47130,7.9,8
2,1,1012,2021-2-5T14:41:51,-62.15922,-58.47124,0.5,7
2,1,1015,2021-2-5T14:42:23,-62.15923,-58.47126,0.8,8
2,1,1016,2021-2-5T14:42:33,-62.15923,-58.47127,1.0,9
2,1,1017,2021-2-5T14:42:44,-62.15921,-58.47130,5.4,9
2,1,1018,2021-2-5T14:42:55,-62.15921,-58.47130,6.4,9
2,1,1019,2021-2-5T14:43:5,-62.15920,-58.47131,7.2,9
2,1,1020,2021-2-5T14:43:16,-62.15922,-58.47132,6.4,10
2,1,1021,2021-2-5T14:43:27,-62.15922,-58.47130,5.4,10
2,1,1022,2021-2-5T14:43:37,-62.15922,-58.47129,5.1,8
2,1,1023,2021-2-5T14:43:48,-62.15917,-58.47129,9.1,10
2,1,1024,2021-2-5T14:43:58,-62.15918,-58.47125,6.5,10
2,1,1025,2021-2-5T14:44:9,-62.15917,-58.47124,6.9,10
2,1,1026,2021-2-5T14:44:20,-62.15915,-58.47123,8.4,9
2,1,1027,2021-2-5T14:44:30,-62.15915,-58.47123,8.8,11
2,1,1028,2021-2-5T14:44:41,-62.15914,-58.47122,8.8,11
2,1,1039,2021-2-5T14:46:38,-62.15915,-58.47116,5.6,11
2,1,1040,2021-2-5T14:46:48,-62.15915,-58.47118,8.4,11
2,1,1041,2021-2-5T14:46:59,-62.15918,-58.47117,5.7,11
2,1,1042,2021-2-5T14:47:10,-62.15919,-58.47118,7.4,10
2,1,1043,2021-2-5T14:47:21,-62.15920,-58.47120,7.8,11
2,1,1044,2021-2-5T14:47:32,-62.15920,-58.47120,8.6,10
2,1,1045,2021-2-5T14:47:43,-62.15919,-58.47122,9.7,9
2,1,1046,2021-2-5T14:47:54,-62.15919,-58.47124,9.7,8
2,1,1047,2021-2-5T14:48:4,-62.15919,-58.47124,10.1,10
2,1,1048,2021-2-5T14:48:15,-62.15918,-58.47123,8.4,10
2,1,1049,2021-2-5T14:48:26,-62.15917,-58.47125,10.7,10
2,1,1050,2021-2-5T14:48:37,-62.15916,-58.47125,10.9,11
2,1,1051,2021-2-5T14:48:48,-62.15917,-58.47123,8.4,10
