2021-2-2T14:47:48,-62.15755,-58.48394,176.4
2021-2-2T14:47:59,-62.15755,-58.48394,176.4
2021-2-2T14:48:10,-62.15755,-58.48394,176.7
2021-2-2T14:48:20,-62.15755,-58.48394,176.1
2021-2-2T14:48:31,-62.15755,-58.48395,175.7
2021-2-2T14:48:41,-62.15755,-58.48395,175.5
2021-2-2T14:48:52,-62.15755,-58.48394,175.5
2021-2-2T14:49:2,-62.15755,-58.48394,175.6
2021-2-2T14:49:13,-62.15755,-58.48395,175.1
2021-2-2T14:49:23,-62.15755,-58.48395,174.7
2021-2-2T14:49:34,-62.15755,-58.48396,174.7
2021-2-2T14:49:44,-62.15755,-58.48396,174.9
2021-2-2T14:49:55,-62.15755,-58.48396,174.9
2021-2-2T14:50:6,-62.15754,-58.48395,174.8
2021-2-2T14:50:16,-62.15754,-58.48395,174.6
2021-2-2T14:50:27,-62.15754,-58.48395,174.6
2021-2-2T14:50:37,-62.15755,-58.48396,174.6
2021-2-2T14:50:48,-62.15755,-58.48396,174.6
2021-2-2T14:50:58,-62.15755,-58.48396,174.6
2021-2-2T14:51:9,-62.15755,-58.48396,174.4
2021-2-2T14:51:19,-62.15754,-58.48396,174.4
2021-2-2T14:51:30,-62.15754,-58.48396,174.5
2021-2-2T14:51:40,-62.15754,-58.48396,174.5
2021-2-2T14:51:51,-62.15754,-58.48396,174.7
2021-2-2T14:52:1,-62.15755,-58.48396,174.7
2021-2-2T14:52:12,-62.15754,-58.48396,174.6
2021-2-2T14:52:23,-62.15754,-58.48395,174.6
2021-2-2T14:52:33,-62.15754,-58.48395,175.0
2021-2-2T14:52:44,-62.15755,-58.48395,175.3
2021-2-2T14:52:54,-62.15755,-58.48395,175.6
2021-2-2T14:53:5,-62.15755,-58.48395,175.7
2021-2-2T14:53:15,-62.15755,-58.48395,175.6
2021-2-2T14:53:26,-62.15755,-58.48395,175.5
2021-2-2T14:53:36,-62.15755,-58.48395,175.6
2021-2-2T14:53:47,-62.15755,-58.48395,175.5
2021-2-2T14:53:58,-62.15755,-58.48395,175.4
2021-2-2T14:54:8,-62.15755,-58.48395,175.7
2021-2-2T14:54:19,-62.15755,-58.48395,175.6
2021-2-2T14:54:30,-62.15755,-58.48395,175.6
2021-2-2T14:54:40,-62.15755,-58.48395,175.4
2021-2-2T14:54:51,-62.15755,-58.48395,175.2
2021-2-2T14:55:2,-62.15755,-58.48395,175.0
2021-2-2T14:55:12,-62.15754,-58.48396,174.7
2021-2-2T14:55:23,-62.15754,-58.48396,174.6
2021-2-2T14:55:34,-62.15754,-58.48395,174.3
2021-2-2T14:55:44,-62.15754,-58.48395,174.4
2021-2-2T14:55:55,-62.15754,-58.48395,174.4
2021-2-2T14:56:6,-62.15754,-58.48395,174.2
2021-2-2T14:56:16,-62.15754,-58.48395,174.4
2021-2-2T14:56:27,-62.15755,-58.48395,174.7
2021-2-2T14:56:38,-62.15755,-58.48396,174.6
2021-2-2T14:56:48,-62.15754,-58.48396,174.7
2021-2-2T14:56:59,-62.15755,-58.48396,174.9
2021-2-2T14:57:10,-62.15754,-58.48395,174.7
2021-2-2T14:57:20,-62.15754,-58.48396,174.7
2021-2-2T14:57:31,-62.15754,-58.48396,174.8
2021-2-2T14:57:41,-62.15754,-58.48396,174.8
2021-2-2T14:57:52,-62.15754,-58.48396,174.9
2021-2-2T14:58:3,-62.15754,-58.48396,174.9
2021-2-2T14:58:13,-62.15754,-58.48396,175.5
2021-2-2T14:58:24,-62.15754,-58.48396,175.4
2021-2-2T14:58:35,-62.15754,-58.48397,175.5
2021-2-2T14:58:45,-62.15754,-58.48397,175.7
2021-2-2T14:58:56,-62.15754,-58.48398,176.0
2021-2-2T14:59:7,-62.15753,-58.48398,176.1
2021-2-2T14:59:17,-62.15754,-58.48398,175.6
2021-2-2T14:59:28,-62.15754,-58.48397,175.3
2021-2-2T14:59:39,-62.15754,-58.48397,174.7
2021-2-2T14:59:49,-62.15754,-58.48397,174.7
2021-2-2T15:0:0,-62.15754,-58.48396,174.6
2021-2-2T15:0:11,-62.15754,-58.48396,174.5
2021-2-2T15:0:22,-62.15755,-58.48396,174.4
2021-2-2T15:0:32,-62.15755,-58.48396,174.6
2021-2-2T15:0:43,-62.15755,-58.48395,174.9
2021-2-2T15:0:53,-62.15756,-58.48395,174.8
2021-2-2T15:1:4,-62.15756,-58.48395,174.8
2021-2-2T15:1:15,-62.15756,-58.48395,175.0
2021-2-2T15:1:25,-62.15756,-58.48395,175.2
2021-2-2T15:1:36,-62.15755,-58.48396,175.3
2021-2-2T15:1:47,-62.15755,-58.48396,175.6
2021-2-2T15:1:57,-62.15755,-58.48395,175.6
2021-2-2T15:2:8,-62.15755,-58.48395,175.7
2021-2-2T15:2:19,-62.15756,-58.48395,175.6
2021-2-2T15:2:29,-62.15755,-58.48395,175.3
2021-2-2T15:2:40,-62.15755,-58.48395,175.1
2021-2-2T15:2:51,-62.15755,-58.48395,175.4
2021-2-2T15:3:1,-62.15756,-58.48395,175.4
2021-2-2T15:3:12,-62.15756,-58.48394,175.3
2021-2-2T15:3:23,-62.15755,-58.48394,175.2
2021-2-2T15:3:33,-62.15756,-58.48394,174.9
2021-2-2T15:3:44,-62.15755,-58.48395,174.7
2021-2-2T15:3:55,-62.15755,-58.48395,174.9
2021-2-2T15:4:5,-62.15755,-58.48395,174.9
2021-2-2T15:4:16,-62.15755,-58.48395,175.0
2021-2-2T15:4:27,-62.15755,-58.48396,175.0
2021-2-2T15:4:37,-62.15755,-58.48396,175.1
2021-2-2T15:4:48,-62.15754,-58.48396,174.7
2021-2-2T15:4:58,-62.15754,-58.48396,174.6
2021-2-2T15:5:9,-62.15754,-58.48396,174.5
2021-2-2T15:5:19,-62.15754,-58.48395,174.8
