2021-2-2T20:6:8,-62.15755,-58.48394,178.0
2021-2-2T20:6:19,-62.15755,-58.48393,177.9
2021-2-2T20:6:30,-62.15755,-58.48394,178.5
2021-2-2T20:6:40,-62.15755,-58.48394,177.7
2021-2-2T20:6:51,-62.15755,-58.48394,177.4
2021-2-2T20:7:2,-62.15755,-58.48395,178.8
2021-2-2T20:7:13,-62.15755,-58.48395,179.1
2021-2-2T20:7:24,-62.15755,-58.48395,179.1
2021-2-2T20:7:34,-62.15755,-58.48395,179.1
2021-2-2T20:7:45,-62.15755,-58.48395,179.0
2021-2-2T20:7:56,-62.15755,-58.48395,178.4
2021-2-2T20:8:6,-62.15755,-58.48394,178.1
2021-2-2T20:8:17,-62.15755,-58.48394,177.8
2021-2-2T20:8:28,-62.15756,-58.48394,178.7
2021-2-2T20:8:39,-62.15756,-58.48394,178.4
2021-2-2T20:8:50,-62.15756,-58.48394,180.0
2021-2-2T20:9:1,-62.15755,-58.48394,180.2
2021-2-2T20:9:12,-62.15755,-58.48394,180.7
2021-2-2T20:9:22,-62.15755,-58.48394,180.5
2021-2-2T20:9:33,-62.15755,-58.48394,179.9
2021-2-2T20:9:44,-62.15755,-58.48395,179.7
2021-2-2T20:9:55,-62.15754,-58.48395,179.4
2021-2-2T20:10:6,-62.15754,-58.48395,178.9
2021-2-2T20:10:17,-62.15755,-58.48396,178.2
2021-2-2T20:10:28,-62.15754,-58.48395,180.5
2021-2-2T20:10:38,-62.15755,-58.48395,180.4
2021-2-2T20:10:49,-62.15755,-58.48395,180.4
2021-2-2T20:11:0,-62.15755,-58.48395,179.8
2021-2-2T20:11:11,-62.15755,-58.48395,181.0
2021-2-2T20:11:21,-62.15755,-58.48395,181.2
2021-2-2T20:11:32,-62.15755,-58.48395,181.3
2021-2-2T20:11:43,-62.15755,-58.48396,180.2
2021-2-2T20:11:54,-62.15755,-58.48396,180.9
2021-2-2T20:12:4,-62.15755,-58.48396,180.5
2021-2-2T20:12:15,-62.15755,-58.48396,179.6
2021-2-2T20:12:26,-62.15755,-58.48396,178.8
2021-2-2T20:12:37,-62.15755,-58.48395,178.2
2021-2-2T20:12:48,-62.15755,-58.48396,178.7
2021-2-2T20:12:59,-62.15754,-58.48396,177.4
2021-2-2T20:13:9,-62.15755,-58.48396,177.2
2021-2-2T20:13:20,-62.15755,-58.48396,178.2
2021-2-2T20:13:31,-62.15755,-58.48396,180.0
2021-2-2T20:13:42,-62.15755,-58.48396,179.8
2021-2-2T20:13:53,-62.15755,-58.48396,180.2
2021-2-2T20:14:3,-62.15755,-58.48396,179.8
2021-2-2T20:14:14,-62.15755,-58.48396,180.0
2021-2-2T20:14:25,-62.15755,-58.48396,180.1
2021-2-2T20:14:36,-62.15754,-58.48396,180.7
2021-2-2T20:14:46,-62.15754,-58.48396,182.3
2021-2-2T20:14:57,-62.15754,-58.48396,182.7
2021-2-2T20:15:8,-62.15754,-58.48395,181.8
2021-2-2T20:15:19,-62.15755,-58.48395,181.3
2021-2-2T20:15:29,-62.15755,-58.48395,180.7
2021-2-2T20:15:40,-62.15755,-58.48395,180.5
2021-2-2T20:15:51,-62.15755,-58.48395,180.5
2021-2-2T20:16:2,-62.15755,-58.48395,179.7
2021-2-2T20:16:12,-62.15756,-58.48395,180.4
2021-2-2T20:16:23,-62.15755,-58.48395,180.1
2021-2-2T20:16:34,-62.15755,-58.48395,180.3
2021-2-2T20:16:45,-62.15755,-58.48395,180.0
2021-2-2T20:16:55,-62.15755,-58.48395,179.9
2021-2-2T20:17:6,-62.15755,-58.48394,180.2
2021-2-2T20:17:17,-62.15755,-58.48395,179.2
2021-2-2T20:17:27,-62.15755,-58.48395,178.4
2021-2-2T20:17:38,-62.15755,-58.48395,177.3
2021-2-2T20:17:49,-62.15755,-58.48394,177.0
2021-2-2T20:17:59,-62.15755,-58.48394,176.5
2021-2-2T20:18:10,-62.15755,-58.48394,176.9
2021-2-2T20:18:20,-62.15755,-58.48394,176.5
2021-2-2T20:18:31,-62.15755,-58.48394,176.7
2021-2-2T20:18:41,-62.15755,-58.48394,176.5
2021-2-2T20:18:52,-62.15755,-58.48394,176.0
2021-2-2T20:19:2,-62.15755,-58.48394,175.4
2021-2-2T20:19:13,-62.15754,-58.48394,178.1
2021-2-2T20:19:24,-62.15754,-58.48394,178.2
2021-2-2T20:19:34,-62.15755,-58.48394,178.2
2021-2-2T20:19:45,-62.15755,-58.48394,177.6
2021-2-2T20:19:55,-62.15755,-58.48394,177.0
2021-2-2T20:20:6,-62.15755,-58.48394,178.3
2021-2-2T20:20:17,-62.15755,-58.48394,179.1
2021-2-2T20:20:27,-62.15755,-58.48394,178.8
2021-2-2T20:20:38,-62.15756,-58.48394,178.0
2021-2-2T20:20:48,-62.15756,-58.48393,178.3
2021-2-2T20:20:59,-62.15756,-58.48394,178.1
2021-2-2T20:21:9,-62.15756,-58.48394,178.2
2021-2-2T20:21:20,-62.15756,-58.48394,177.6
2021-2-2T20:21:31,-62.15756,-58.48394,177.6
2021-2-2T20:21:41,-62.15756,-58.48395,177.8
2021-2-2T20:21:52,-62.15756,-58.48395,176.9
2021-2-2T20:22:2,-62.15756,-58.48395,176.8
2021-2-2T20:22:13,-62.15755,-58.48395,178.1
2021-2-2T20:22:23,-62.15755,-58.48395,178.1
2021-2-2T20:22:34,-62.15755,-58.48395,176.9
2021-2-2T20:22:45,-62.15755,-58.48395,176.6
2021-2-2T20:22:55,-62.15756,-58.48395,176.4
2021-2-2T20:23:6,-62.15755,-58.48395,176.3
2021-2-2T20:23:16,-62.15755,-58.48395,175.4
2021-2-2T20:23:27,-62.15755,-58.48395,175.4
2021-2-2T20:23:37,-62.15756,-58.48395,175.2
2021-2-2T20:23:48,-62.15756,-58.48395,175.1
