2021-2-2T16:51:23,-62.15755,-58.48396,175.1
2021-2-2T16:51:34,-62.15755,-58.48396,175.1
2021-2-2T16:51:45,-62.15755,-58.48396,175.0
2021-2-2T16:51:55,-62.15755,-58.48396,175.1
2021-2-2T16:52:6,-62.15755,-58.48396,175.1
2021-2-2T16:52:17,-62.15755,-58.48396,174.7
2021-2-2T16:52:27,-62.15755,-58.48396,174.6
2021-2-2T16:52:38,-62.15755,-58.48395,174.2
2021-2-2T16:52:48,-62.15755,-58.48395,174.1
2021-2-2T16:52:59,-62.15755,-58.48396,174.4
2021-2-2T16:53:9,-62.15755,-58.48396,174.4
2021-2-2T16:53:20,-62.15754,-58.48396,174.0
2021-2-2T16:53:31,-62.15754,-58.48396,173.8
2021-2-2T16:53:41,-62.15754,-58.48396,173.8
2021-2-2T16:53:52,-62.15754,-58.48396,174.2
2021-2-2T16:54:2,-62.15754,-58.48396,174.2
2021-2-2T16:54:13,-62.15754,-58.48396,173.9
2021-2-2T16:54:24,-62.15755,-58.48396,173.8
2021-2-2T16:54:34,-62.15754,-58.48395,174.0
2021-2-2T16:54:45,-62.15754,-58.48395,173.9
2021-2-2T16:54:55,-62.15754,-58.48396,174.1
2021-2-2T16:55:6,-62.15754,-58.48396,174.0
2021-2-2T16:55:16,-62.15755,-58.48395,173.8
2021-2-2T16:55:27,-62.15755,-58.48396,174.1
2021-2-2T16:55:38,-62.15755,-58.48396,173.9
2021-2-2T16:55:48,-62.15754,-58.48396,174.0
2021-2-2T16:55:59,-62.15755,-58.48396,174.1
2021-2-2T16:56:10,-62.15755,-58.48396,174.0
2021-2-2T16:56:20,-62.15755,-58.48396,174.2
2021-2-2T16:56:31,-62.15755,-58.48396,174.0
2021-2-2T16:56:41,-62.15755,-58.48396,174.2
2021-2-2T16:56:52,-62.15755,-58.48396,174.1
2021-2-2T16:57:2,-62.15755,-58.48396,174.4
2021-2-2T16:57:13,-62.15755,-58.48396,174.5
2021-2-2T16:57:23,-62.15755,-58.48396,174.5
2021-2-2T16:57:34,-62.15754,-58.48396,175.3
2021-2-2T16:57:45,-62.15755,-58.48396,175.5
2021-2-2T16:57:55,-62.15754,-58.48396,175.4
2021-2-2T16:58:6,-62.15755,-58.48396,175.2
2021-2-2T16:58:16,-62.15755,-58.48397,175.4
2021-2-2T16:58:27,-62.15755,-58.48396,175.0
2021-2-2T16:58:37,-62.15755,-58.48396,174.7
2021-2-2T16:58:48,-62.15755,-58.48396,174.6
2021-2-2T16:58:59,-62.15755,-58.48396,174.5
2021-2-2T16:59:9,-62.15755,-58.48396,174.7
2021-2-2T16:59:20,-62.15755,-58.48397,174.9
2021-2-2T16:59:30,-62.15755,-58.48397,175.4
2021-2-2T16:59:41,-62.15755,-58.48397,175.3
2021-2-2T16:59:52,-62.15754,-58.48397,175.1
2021-2-2T17:0:2,-62.15754,-58.48397,174.8
2021-2-2T17:0:13,-62.15755,-58.48397,174.9
2021-2-2T17:0:24,-62.15755,-58.48396,174.4
2021-2-2T17:0:34,-62.15755,-58.48396,174.4
2021-2-2T17:0:45,-62.15755,-58.48396,174.1
2021-2-2T17:0:55,-62.15755,-58.48396,174.4
2021-2-2T17:1:6,-62.15755,-58.48395,174.4
2021-2-2T17:1:16,-62.15755,-58.48395,174.9
2021-2-2T17:1:27,-62.15755,-58.48395,175.2
2021-2-2T17:1:38,-62.15755,-58.48395,174.9
2021-2-2T17:1:48,-62.15755,-58.48396,175.3
2021-2-2T17:1:59,-62.15755,-58.48396,175.5
2021-2-2T17:2:9,-62.15755,-58.48397,175.5
2021-2-2T17:2:20,-62.15755,-58.48396,175.1
2021-2-2T17:2:30,-62.15755,-58.48396,175.3
2021-2-2T17:2:41,-62.15755,-58.48396,175.5
2021-2-2T17:2:52,-62.15755,-58.48396,175.3
2021-2-2T17:3:2,-62.15755,-58.48396,175.4
2021-2-2T17:3:13,-62.15755,-58.48396,175.8
2021-2-2T17:3:23,-62.15755,-58.48395,175.8
2021-2-2T17:3:34,-62.15755,-58.48395,176.0
2021-2-2T17:3:44,-62.15755,-58.48395,176.2
2021-2-2T17:3:55,-62.15755,-58.48395,176.3
2021-2-2T17:4:5,-62.15755,-58.48395,176.1
2021-2-2T17:4:16,-62.15755,-58.48395,175.7
2021-2-2T17:4:27,-62.15755,-58.48395,175.9
2021-2-2T17:4:37,-62.15755,-58.48396,176.3
2021-2-2T17:4:48,-62.15755,-58.48395,176.0
2021-2-2T17:4:58,-62.15755,-58.48395,175.8
2021-2-2T17:5:9,-62.15755,-58.48395,175.7
2021-2-2T17:5:19,-62.15755,-58.48395,175.2
2021-2-2T17:5:30,-62.15755,-58.48395,175.2
2021-2-2T17:5:41,-62.15755,-58.48396,175.5
2021-2-2T17:5:51,-62.15755,-58.48396,175.8
2021-2-2T17:6:2,-62.15755,-58.48396,176.6
2021-2-2T17:6:12,-62.15755,-58.48396,177.2
2021-2-2T17:6:23,-62.15755,-58.48397,177.6
2021-2-2T17:6:33,-62.15755,-58.48396,177.7
2021-2-2T17:6:44,-62.15755,-58.48396,177.2
2021-2-2T17:6:55,-62.15755,-58.48395,176.4
2021-2-2T17:7:5,-62.15755,-58.48396,176.5
2021-2-2T17:7:16,-62.15755,-58.48395,176.4
2021-2-2T17:7:26,-62.15755,-58.48395,176.0
2021-2-2T17:7:37,-62.15755,-58.48395,176.0
2021-2-2T17:7:47,-62.15755,-58.48395,176.0
2021-2-2T17:7:58,-62.15755,-58.48395,176.3
2021-2-2T17:8:9,-62.15755,-58.48396,176.9
2021-2-2T17:8:19,-62.15755,-58.48396,177.3
2021-2-2T17:8:30,-62.15755,-58.48396,178.0
2021-2-2T17:8:40,-62.15755,-58.48396,178.3
2021-2-2T17:8:51,-62.15755,-58.48396,178.2
