2021-2-2T17:9:1,-62.15755,-58.48396,178.3
2021-2-2T17:9:12,-62.15755,-58.48396,177.6
2021-2-2T17:9:23,-62.15755,-58.48396,177.0
2021-2-2T17:9:33,-62.15755,-58.48396,176.7
2021-2-2T17:9:44,-62.15755,-58.48396,176.8
2021-2-2T17:9:54,-62.15755,-58.48396,176.6
2021-2-2T17:10:5,-62.15755,-58.48396,176.8
2021-2-2T17:10:16,-62.15755,-58.48396,176.7
2021-2-2T17:10:26,-62.15755,-58.48396,177.0
2021-2-2T17:10:37,-62.15755,-58.48396,177.7
2021-2-2T17:10:47,-62.15755,-58.48396,177.3
2021-2-2T17:10:58,-62.15755,-58.48396,176.7
2021-2-2T17:11:9,-62.15755,-58.48396,176.8
2021-2-2T17:11:19,-62.15755,-58.48396,176.7
2021-2-2T17:11:30,-62.15755,-58.48396,177.0
2021-2-2T17:11:40,-62.15756,-58.48396,177.9
2021-2-2T17:11:51,-62.15756,-58.48396,177.5
2021-2-2T17:12:1,-62.15756,-58.48396,177.4
2021-2-2T17:12:12,-62.15755,-58.48396,177.3
2021-2-2T17:12:23,-62.15756,-58.48397,177.9
2021-2-2T17:12:33,-62.15756,-58.48397,177.8
2021-2-2T17:12:44,-62.15756,-58.48397,177.9
2021-2-2T17:12:54,-62.15756,-58.48396,177.6
2021-2-2T17:13:5,-62.15756,-58.48396,177.0
2021-2-2T17:13:15,-62.15756,-58.48396,176.5
2021-2-2T17:13:26,-62.15756,-58.48396,176.7
2021-2-2T17:13:37,-62.15756,-58.48396,176.6
2021-2-2T17:13:47,-62.15756,-58.48396,176.9
2021-2-2T17:13:58,-62.15756,-58.48396,177.0
2021-2-2T17:14:8,-62.15755,-58.48396,176.4
2021-2-2T17:14:19,-62.15755,-58.48396,176.7
2021-2-2T17:14:29,-62.15755,-58.48396,176.7
2021-2-2T17:14:40,-62.15755,-58.48396,176.4
2021-2-2T17:14:50,-62.15755,-58.48396,176.6
2021-2-2T17:15:1,-62.15755,-58.48396,176.4
2021-2-2T17:15:12,-62.15755,-58.48396,176.4
2021-2-2T17:15:22,-62.15755,-58.48396,175.9
2021-2-2T17:15:33,-62.15755,-58.48396,176.1
2021-2-2T17:15:43,-62.15756,-58.48396,177.1
2021-2-2T17:15:54,-62.15756,-58.48396,177.5
2021-2-2T17:16:4,-62.15756,-58.48396,177.0
2021-2-2T17:16:15,-62.15756,-58.48395,176.7
2021-2-2T17:16:26,-62.15756,-58.48396,176.6
2021-2-2T17:16:36,-62.15755,-58.48396,176.3
2021-2-2T17:16:47,-62.15755,-58.48396,176.6
2021-2-2T17:16:57,-62.15755,-58.48396,176.4
2021-2-2T17:17:8,-62.15755,-58.48396,176.5
2021-2-2T17:17:18,-62.15755,-58.48395,176.7
2021-2-2T17:17:29,-62.15755,-58.48395,176.6
2021-2-2T17:17:40,-62.15755,-58.48395,176.8
2021-2-2T17:17:50,-62.15755,-58.48395,176.6
2021-2-2T17:18:1,-62.15755,-58.48395,176.0
2021-2-2T17:18:11,-62.15755,-58.48395,175.8
2021-2-2T17:18:22,-62.15755,-58.48395,175.7
2021-2-2T17:18:32,-62.15755,-58.48396,176.1
2021-2-2T17:18:43,-62.15755,-58.48395,175.4
2021-2-2T17:18:54,-62.15755,-58.48395,174.7
2021-2-2T17:19:4,-62.15755,-58.48395,174.7
2021-2-2T17:19:15,-62.15755,-58.48395,174.7
2021-2-2T17:19:25,-62.15755,-58.48395,174.8
2021-2-2T17:19:36,-62.15755,-58.48395,174.4
2021-2-2T17:19:46,-62.15755,-58.48394,174.2
2021-2-2T17:19:57,-62.15755,-58.48394,174.8
2021-2-2T17:20:8,-62.15755,-58.48395,175.2
2021-2-2T17:20:18,-62.15755,-58.48395,175.0
2021-2-2T17:20:29,-62.15755,-58.48395,175.2
2021-2-2T17:20:39,-62.15755,-58.48395,175.7
2021-2-2T17:20:50,-62.15755,-58.48395,176.2
2021-2-2T17:21:1,-62.15755,-58.48395,176.6
2021-2-2T17:21:11,-62.15755,-58.48395,176.5
2021-2-2T17:21:22,-62.15755,-58.48395,176.6
2021-2-2T17:21:32,-62.15755,-58.48395,176.5
2021-2-2T17:21:43,-62.15755,-58.48396,176.3
2021-2-2T17:21:53,-62.15755,-58.48396,176.4
2021-2-2T17:22:4,-62.15755,-58.48396,175.7
2021-2-2T17:22:15,-62.15755,-58.48395,174.9
2021-2-2T17:22:25,-62.15755,-58.48395,173.9
2021-2-2T17:22:36,-62.15755,-58.48394,173.4
2021-2-2T17:22:46,-62.15755,-58.48394,173.5
2021-2-2T17:22:57,-62.15755,-58.48394,173.6
2021-2-2T17:23:7,-62.15755,-58.48394,174.3
2021-2-2T17:23:18,-62.15755,-58.48394,175.1
2021-2-2T17:23:29,-62.15755,-58.48395,175.7
2021-2-2T17:23:39,-62.15755,-58.48395,175.8
2021-2-2T17:23:50,-62.15755,-58.48394,176.0
2021-2-2T17:24:0,-62.15755,-58.48395,176.2
2021-2-2T17:24:11,-62.15755,-58.48394,176.3
2021-2-2T17:24:21,-62.15755,-58.48395,175.7
2021-2-2T17:24:32,-62.15755,-58.48394,175.4
2021-2-2T17:24:42,-62.15755,-58.48395,175.2
2021-2-2T17:24:53,-62.15755,-58.48395,174.2
2021-2-2T17:25:4,-62.15755,-58.48395,174.0
2021-2-2T17:25:14,-62.15755,-58.48395,174.3
2021-2-2T17:25:25,-62.15755,-58.48394,174.3
2021-2-2T17:25:35,-62.15755,-58.48395,174.4
2021-2-2T17:25:46,-62.15755,-58.48395,174.9
2021-2-2T17:25:56,-62.15755,-58.48395,175.4
2021-2-2T17:26:7,-62.15755,-58.48395,175.5
2021-2-2T17:26:18,-62.15755,-58.48395,175.9
2021-2-2T17:26:28,-62.15755,-58.48395,176.0
