2021-2-2T13:0:45,-62.15884,-58.47962,93.6
2021-2-2T13:0:56,-62.15880,-58.47968,93.8
2021-2-2T13:1:7,-62.15879,-58.47970,92.8
2021-2-2T13:1:18,-62.15877,-58.47974,97.4
2021-2-2T13:1:28,-62.15875,-58.47979,99.9
2021-2-2T13:1:39,-62.15873,-58.47984,102.5
2021-2-2T13:1:50,-62.15872,-58.47994,105.6
2021-2-2T13:2:0,-62.15870,-58.48000,107.4
2021-2-2T13:2:11,-62.15866,-58.48008,110.2
2021-2-2T13:2:21,-62.15863,-58.48016,112.2
2021-2-2T13:2:32,-62.15860,-58.48025,112.5
2021-2-2T13:2:43,-62.15856,-58.48037,113.5
2021-2-2T13:2:53,-62.15852,-58.48044,115.2
2021-2-2T13:3:4,-62.15847,-58.48060,116.8
2021-2-2T13:3:14,-62.15842,-58.48071,117.6
2021-2-2T13:3:25,-62.15837,-58.48083,119.5
2021-2-2T13:3:35,-62.15834,-58.48097,120.6
2021-2-2T13:3:46,-62.15831,-58.48106,121.6
2021-2-2T13:3:57,-62.15827,-58.48121,121.7
2021-2-2T13:4:7,-62.15823,-58.48134,124.1
2021-2-2T13:4:18,-62.15821,-58.48149,126.1
2021-2-2T13:4:29,-62.15818,-58.48164,127.7
2021-2-2T13:4:39,-62.15816,-58.48178,129.3
2021-2-2T13:4:50,-62.15811,-58.48193,131.3
2021-2-2T13:5:1,-62.15809,-58.48207,133.1
2021-2-2T13:5:11,-62.15807,-58.48221,133.9
2021-2-2T13:5:22,-62.15804,-58.48235,135.2
2021-2-2T13:5:32,-62.15803,-58.48241,134.9
2021-2-2T13:5:43,-62.15802,-58.48249,137.3
2021-2-2T13:5:54,-62.15798,-58.48260,139.0
2021-2-2T13:6:4,-62.15795,-58.48270,140.9
2021-2-2T13:6:15,-62.15792,-58.48277,142.3
2021-2-2T13:6:25,-62.15790,-58.48283,144.5
2021-2-2T13:6:36,-62.15788,-58.48291,147.8
2021-2-2T13:6:46,-62.15786,-58.48294,149.7
2021-2-2T13:6:57,-62.15783,-58.48302,151.0
2021-2-2T13:7:7,-62.15784,-58.48307,152.2
2021-2-2T13:7:18,-62.15782,-58.48312,153.7
2021-2-2T13:7:29,-62.15780,-58.48315,154.4
2021-2-2T13:7:39,-62.15780,-58.48322,156.6
2021-2-2T13:7:50,-62.15779,-58.48330,157.6
2021-2-2T13:8:0,-62.15779,-58.48332,159.0
2021-2-2T13:8:11,-62.15778,-58.48340,161.1
2021-2-2T13:8:21,-62.15778,-58.48345,161.9
2021-2-2T13:8:32,-62.15779,-58.48350,163.2
2021-2-2T13:8:43,-62.15777,-58.48355,165.3
2021-2-2T13:8:53,-62.15776,-58.48357,165.9
2021-2-2T13:9:4,-62.15772,-58.48356,166.4
2021-2-2T13:9:14,-62.15771,-58.48358,165.4
2021-2-2T13:9:25,-62.15773,-58.48362,161.8
2021-2-2T13:9:35,-62.15769,-58.48363,162.5
2021-2-2T13:9:46,-62.15766,-58.48365,165.0
2021-2-2T13:9:56,-62.15765,-58.48366,165.1
2021-2-2T13:10:7,-62.15764,-58.48371,167.9
2021-2-2T13:10:18,-62.15762,-58.48376,171.5
2021-2-2T13:10:28,-62.15761,-58.48381,172.0
2021-2-2T13:10:39,-62.15760,-58.48385,176.0
2021-2-2T13:10:49,-62.15760,-58.48389,174.8
2021-2-2T13:11:0,-62.15760,-58.48391,174.8
2021-2-2T13:11:10,-62.15760,-58.48391,174.1
2021-2-2T13:11:21,-62.15760,-58.48391,174.4
2021-2-2T13:11:31,-62.15760,-58.48390,174.6
2021-2-2T13:11:42,-62.15760,-58.48391,173.1
2021-2-2T13:11:52,-62.15760,-58.48391,172.6
2021-2-2T13:12:3,-62.15760,-58.48391,173.4
2021-2-2T13:12:13,-62.15760,-58.48391,173.6
2021-2-2T13:12:24,-62.15760,-58.48391,172.8
2021-2-2T13:12:35,-62.15760,-58.48391,172.2
2021-2-2T13:12:45,-62.15760,-58.48391,173.0
2021-2-2T13:12:56,-62.15761,-58.48391,173.7
2021-2-2T13:13:6,-62.15760,-58.48392,173.9
2021-2-2T13:13:17,-62.15759,-58.48391,173.5
2021-2-2T13:13:27,-62.15760,-58.48391,173.7
2021-2-2T13:13:38,-62.15760,-58.48391,173.6
2021-2-2T13:13:48,-62.15760,-58.48390,173.3
2021-2-2T13:13:59,-62.15760,-58.48390,173.0
2021-2-2T13:14:10,-62.15760,-58.48390,172.9
2021-2-2T13:14:20,-62.15760,-58.48390,173.8
2021-2-2T13:14:31,-62.15761,-58.48390,174.2
2021-2-2T13:14:41,-62.15761,-58.48390,174.5
2021-2-2T13:14:52,-62.15761,-58.48390,175.1
2021-2-2T13:15:3,-62.15762,-58.48391,172.0
2021-2-2T13:15:13,-62.15759,-58.48389,166.8
2021-2-2T13:15:24,-62.15760,-58.48398,168.4
2021-2-2T13:54:52,-62.15755,-58.48396,176.9
2021-2-2T13:55:3,-62.15755,-58.48396,177.2
2021-2-2T13:55:14,-62.15755,-58.48395,177.3
2021-2-2T13:55:24,-62.15755,-58.48395,177.4
2021-2-2T13:55:35,-62.15755,-58.48395,176.7
2021-2-2T13:55:46,-62.15755,-58.48395,176.7
2021-2-2T13:55:57,-62.15755,-58.48395,176.7
2021-2-2T13:56:7,-62.15755,-58.48395,176.9
2021-2-2T13:56:18,-62.15756,-58.48395,176.8
2021-2-2T13:56:29,-62.15756,-58.48395,176.9
2021-2-2T13:56:40,-62.15756,-58.48395,177.1
2021-2-2T13:56:50,-62.15756,-58.48395,177.4
2021-2-2T13:57:1,-62.15756,-58.48395,177.6
2021-2-2T13:57:12,-62.15756,-58.48395,178.0
2021-2-2T13:57:22,-62.15756,-58.48395,178.6
2021-2-2T13:57:33,-62.15756,-58.48395,177.3
2021-2-2T13:57:44,-62.15756,-58.48395,177.1
2021-2-2T13:57:55,-62.15756,-58.48395,176.5
2021-2-2T13:58:5,-62.15755,-58.48395,175.5
2021-2-2T13:58:16,-62.15755,-58.48395,175.8
2021-2-2T13:58:27,-62.15755,-58.48395,176.1
2021-2-2T13:58:38,-62.15755,-58.48395,177.0
2021-2-2T13:58:48,-62.15755,-58.48395,176.4
2021-2-2T13:58:59,-62.15755,-58.48395,176.7
2021-2-2T13:59:10,-62.15755,-58.48395,176.3
2021-2-2T13:59:20,-62.15755,-58.48396,176.9
2021-2-2T13:59:31,-62.15755,-58.48395,178.2
2021-2-2T13:59:42,-62.15755,-58.48396,179.3
2021-2-2T13:59:52,-62.15755,-58.48396,179.5
2021-2-2T14:0:3,-62.15755,-58.48396,179.3
2021-2-2T14:0:14,-62.15755,-58.48396,179.1
2021-2-2T14:0:24,-62.15755,-58.48395,179.2
2021-2-2T14:0:35,-62.15756,-58.48395,179.6
2021-2-2T14:0:46,-62.15756,-58.48394,180.8
2021-2-2T14:0:56,-62.15756,-58.48394,181.0
2021-2-2T14:1:7,-62.15757,-58.48394,181.4
2021-2-2T14:1:18,-62.15756,-58.48394,181.2
2021-2-2T14:1:28,-62.15756,-58.48395,180.6
2021-2-2T14:1:39,-62.15756,-58.48394,179.0
2021-2-2T14:1:50,-62.15756,-58.48395,177.9
2021-2-2T14:2:0,-62.15756,-58.48394,177.5
2021-2-2T14:2:11,-62.15756,-58.48394,177.4
2021-2-2T14:2:22,-62.15756,-58.48394,177.2
2021-2-2T14:2:32,-62.15756,-58.48395,177.0
2021-2-2T14:2:43,-62.15756,-58.48394,177.2
2021-2-2T14:2:54,-62.15756,-58.48395,177.4
2021-2-2T14:3:4,-62.15756,-58.48395,176.9
2021-2-2T14:3:15,-62.15756,-58.48394,176.3
2021-2-2T14:3:26,-62.15756,-58.48394,176.3
2021-2-2T14:3:36,-62.15756,-58.48394,176.5
2021-2-2T14:3:47,-62.15756,-58.48395,176.8
2021-2-2T14:3:57,-62.15755,-58.48395,176.3
2021-2-2T14:4:8,-62.15755,-58.48395,176.2
2021-2-2T14:4:18,-62.15755,-58.48395,176.0
2021-2-2T14:4:29,-62.15756,-58.48394,176.5
2021-2-2T14:4:40,-62.15755,-58.48394,176.8
2021-2-2T14:4:50,-62.15755,-58.48395,176.1
2021-2-2T14:5:1,-62.15755,-58.48394,175.5
2021-2-2T14:5:12,-62.15755,-58.48395,175.3
2021-2-2T14:5:22,-62.15755,-58.48394,176.0
2021-2-2T14:5:33,-62.15755,-58.48394,175.9
2021-2-2T14:5:43,-62.15756,-58.48394,176.5
2021-2-2T14:5:54,-62.15756,-58.48394,176.7
2021-2-2T14:6:5,-62.15756,-58.48394,177.1
2021-2-2T14:6:15,-62.15756,-58.48394,177.3
2021-2-2T14:6:26,-62.15756,-58.48394,177.5
2021-2-2T14:6:37,-62.15755,-58.48394,176.9
2021-2-2T14:6:47,-62.15756,-58.48394,177.2
2021-2-2T14:6:58,-62.15756,-58.48394,177.1
2021-2-2T14:7:9,-62.15755,-58.48394,176.7
2021-2-2T14:7:19,-62.15755,-58.48394,176.8
2021-2-2T14:7:30,-62.15755,-58.48394,177.0
2021-2-2T14:7:41,-62.15755,-58.48394,177.0
2021-2-2T14:7:51,-62.15755,-58.48394,177.3
2021-2-2T14:8:2,-62.15756,-58.48395,177.5
2021-2-2T14:8:13,-62.15755,-58.48395,177.1
2021-2-2T14:8:23,-62.15755,-58.48395,176.9
2021-2-2T14:8:34,-62.15755,-58.48395,176.3
2021-2-2T14:8:45,-62.15755,-58.48395,175.9
2021-2-2T14:8:55,-62.15755,-58.48395,176.0
2021-2-2T14:9:6,-62.15756,-58.48395,175.9
2021-2-2T14:9:16,-62.15755,-58.48395,175.3
2021-2-2T14:9:27,-62.15755,-58.48395,174.8
2021-2-2T14:9:38,-62.15755,-58.48395,175.1
2021-2-2T14:9:48,-62.15755,-58.48395,175.0
2021-2-2T14:9:59,-62.15755,-58.48395,174.7
2021-2-2T14:10:9,-62.15755,-58.48395,174.7
2021-2-2T14:10:20,-62.15755,-58.48395,174.7
2021-2-2T14:10:30,-62.15755,-58.48395,174.8
2021-2-2T14:10:41,-62.15755,-58.48395,175.1
2021-2-2T14:10:51,-62.15755,-58.48395,175.5
2021-2-2T14:11:2,-62.15755,-58.48395,176.0
2021-2-2T14:11:12,-62.15755,-58.48395,176.1
2021-2-2T14:11:23,-62.15755,-58.48395,175.8
2021-2-2T14:11:33,-62.15755,-58.48395,175.8
2021-2-2T14:11:44,-62.15755,-58.48395,176.0
2021-2-2T14:11:54,-62.15755,-58.48395,175.9
2021-2-2T14:12:5,-62.15755,-58.48395,175.6
2021-2-2T14:12:15,-62.15755,-58.48395,175.2
2021-2-2T14:12:26,-62.15755,-58.48395,174.9
