2021-2-2T17:44:16,-62.15756,-58.48394,176.8
2021-2-2T17:44:27,-62.15756,-58.48394,176.4
2021-2-2T17:44:37,-62.15756,-58.48394,176.2
2021-2-2T17:44:48,-62.15756,-58.48394,176.0
2021-2-2T17:44:59,-62.15756,-58.48394,175.8
2021-2-2T17:45:9,-62.15755,-58.48394,175.6
2021-2-2T17:45:20,-62.15755,-58.48394,174.9
2021-2-2T17:45:30,-62.15755,-58.48394,174.0
2021-2-2T17:45:41,-62.15755,-58.48394,174.2
2021-2-2T17:45:51,-62.15755,-58.48395,174.4
2021-2-2T17:46:2,-62.15755,-58.48395,174.0
2021-2-2T17:46:13,-62.15755,-58.48395,174.0
2021-2-2T17:46:23,-62.15755,-58.48395,174.7
2021-2-2T17:46:34,-62.15755,-58.48395,174.9
2021-2-2T17:46:44,-62.15755,-58.48395,174.5
2021-2-2T17:46:55,-62.15755,-58.48394,174.4
2021-2-2T17:47:5,-62.15756,-58.48394,175.0
2021-2-2T17:47:16,-62.15756,-58.48394,175.4
2021-2-2T17:47:27,-62.15756,-58.48394,175.2
2021-2-2T17:47:37,-62.15756,-58.48394,175.2
2021-2-2T17:47:48,-62.15756,-58.48394,175.6
2021-2-2T17:47:58,-62.15756,-58.48394,174.8
2021-2-2T17:48:9,-62.15755,-58.48394,174.1
2021-2-2T17:48:19,-62.15755,-58.48394,173.6
2021-2-2T17:48:30,-62.15755,-58.48394,173.3
2021-2-2T17:48:40,-62.15755,-58.48395,173.1
2021-2-2T17:48:51,-62.15755,-58.48394,171.9
2021-2-2T17:49:2,-62.15755,-58.48394,171.7
2021-2-2T17:49:12,-62.15755,-58.48394,171.9
2021-2-2T17:49:23,-62.15755,-58.48394,172.1
2021-2-2T17:49:33,-62.15755,-58.48394,172.2
2021-2-2T17:49:44,-62.15755,-58.48394,172.3
2021-2-2T17:49:54,-62.15755,-58.48394,173.3
2021-2-2T17:50:5,-62.15755,-58.48394,173.5
2021-2-2T17:50:16,-62.15756,-58.48394,174.1
2021-2-2T17:50:26,-62.15756,-58.48394,174.5
2021-2-2T17:50:37,-62.15756,-58.48394,175.3
2021-2-2T17:50:48,-62.15756,-58.48394,176.1
2021-2-2T17:50:58,-62.15756,-58.48394,176.7
2021-2-2T17:51:9,-62.15756,-58.48394,176.8
2021-2-2T17:51:19,-62.15756,-58.48394,176.2
2021-2-2T17:51:30,-62.15756,-58.48394,176.0
2021-2-2T17:51:40,-62.15756,-58.48394,176.0
2021-2-2T17:51:51,-62.15756,-58.48394,175.6
2021-2-2T17:52:1,-62.15756,-58.48394,174.8
2021-2-2T17:52:12,-62.15755,-58.48394,174.1
2021-2-2T17:52:23,-62.15755,-58.48394,173.2
2021-2-2T17:52:33,-62.15755,-58.48394,172.5
2021-2-2T17:52:44,-62.15755,-58.48394,172.2
2021-2-2T17:52:54,-62.15755,-58.48394,171.8
2021-2-2T17:53:5,-62.15755,-58.48394,172.2
2021-2-2T17:53:15,-62.15755,-58.48394,172.7
2021-2-2T17:53:26,-62.15755,-58.48394,173.4
2021-2-2T17:53:37,-62.15756,-58.48394,173.9
2021-2-2T17:53:47,-62.15756,-58.48394,174.1
2021-2-2T17:53:58,-62.15756,-58.48394,174.3
2021-2-2T17:54:8,-62.15756,-58.48394,174.5
2021-2-2T17:54:19,-62.15756,-58.48394,175.1
2021-2-2T17:54:29,-62.15756,-58.48394,175.4
2021-2-2T17:54:40,-62.15756,-58.48394,175.5
2021-2-2T17:54:51,-62.15756,-58.48394,175.3
2021-2-2T17:55:1,-62.15755,-58.48394,174.9
2021-2-2T17:55:12,-62.15755,-58.48394,174.8
2021-2-2T17:55:22,-62.15755,-58.48394,174.4
2021-2-2T17:55:33,-62.15755,-58.48394,174.2
2021-2-2T17:55:43,-62.15755,-58.48395,173.5
2021-2-2T17:55:54,-62.15755,-58.48395,173.6
2021-2-2T17:56:5,-62.15755,-58.48394,173.4
2021-2-2T17:56:15,-62.15755,-58.48395,173.6
2021-2-2T17:56:26,-62.15755,-58.48394,173.7
2021-2-2T17:56:37,-62.15755,-58.48394,173.5
2021-2-2T17:56:47,-62.15755,-58.48394,173.2
2021-2-2T17:56:58,-62.15755,-58.48394,173.1
2021-2-2T17:57:9,-62.15755,-58.48394,173.5
2021-2-2T17:57:19,-62.15755,-58.48394,174.1
2021-2-2T17:57:30,-62.15755,-58.48394,174.1
2021-2-2T17:57:41,-62.15755,-58.48394,174.2
2021-2-2T17:57:52,-62.15755,-58.48394,173.8
2021-2-2T17:58:2,-62.15755,-58.48394,173.4
2021-2-2T17:58:13,-62.15755,-58.48394,173.2
2021-2-2T17:58:24,-62.15755,-58.48394,173.4
2021-2-2T17:58:35,-62.15755,-58.48394,173.5
2021-2-2T17:58:45,-62.15755,-58.48395,173.7
2021-2-2T17:58:56,-62.15756,-58.48394,173.8
2021-2-2T17:59:7,-62.15756,-58.48394,173.7
2021-2-2T17:59:18,-62.15756,-58.48394,173.6
2021-2-2T17:59:28,-62.15756,-58.48394,174.2
2021-2-2T17:59:39,-62.15756,-58.48394,174.3
2021-2-2T17:59:50,-62.15756,-58.48394,174.4
2021-2-2T18:0:0,-62.15756,-58.48394,174.5
2021-2-2T18:0:11,-62.15756,-58.48395,174.6
2021-2-2T18:0:22,-62.15756,-58.48395,174.8
2021-2-2T18:0:33,-62.15756,-58.48395,175.0
2021-2-2T18:0:43,-62.15756,-58.48395,174.6
2021-2-2T18:0:54,-62.15756,-58.48395,174.1
2021-2-2T18:1:5,-62.15755,-58.48395,174.0
2021-2-2T18:1:15,-62.15755,-58.48395,173.4
2021-2-2T18:1:26,-62.15755,-58.48395,173.3
2021-2-2T18:1:36,-62.15755,-58.48395,173.5
2021-2-2T18:1:47,-62.15755,-58.48395,173.8
