2021-2-2T15:5:30,-62.15755,-58.48395,175.2
2021-2-2T15:5:41,-62.15755,-58.48395,175.1
2021-2-2T15:5:52,-62.15755,-58.48395,175.4
2021-2-2T15:6:2,-62.15755,-58.48396,175.3
2021-2-2T15:6:13,-62.15755,-58.48395,175.4
2021-2-2T15:6:24,-62.15756,-58.48395,176.2
2021-2-2T15:6:34,-62.15756,-58.48395,176.5
2021-2-2T15:6:45,-62.15756,-58.48395,176.4
2021-2-2T15:6:56,-62.15756,-58.48395,176.5
2021-2-2T15:7:6,-62.15756,-58.48395,176.3
2021-2-2T15:7:17,-62.15756,-58.48395,175.3
2021-2-2T15:7:28,-62.15756,-58.48395,174.6
2021-2-2T15:7:38,-62.15756,-58.48395,174.6
2021-2-2T15:7:49,-62.15756,-58.48395,174.2
2021-2-2T15:8:0,-62.15756,-58.48395,174.0
2021-2-2T15:8:10,-62.15756,-58.48395,173.8
2021-2-2T15:8:21,-62.15756,-58.48395,173.9
2021-2-2T15:8:32,-62.15756,-58.48395,174.0
2021-2-2T15:8:42,-62.15756,-58.48395,174.0
2021-2-2T15:8:53,-62.15756,-58.48395,174.0
2021-2-2T15:9:4,-62.15756,-58.48395,174.0
2021-2-2T15:9:14,-62.15756,-58.48396,174.7
2021-2-2T15:9:25,-62.15756,-58.48395,175.2
2021-2-2T15:9:36,-62.15756,-58.48395,175.6
2021-2-2T15:9:46,-62.15756,-58.48395,175.9
2021-2-2T15:9:57,-62.15756,-58.48395,176.0
2021-2-2T15:10:8,-62.15756,-58.48395,176.5
2021-2-2T15:10:18,-62.15757,-58.48395,176.4
2021-2-2T15:10:29,-62.15757,-58.48394,176.6
2021-2-2T15:10:40,-62.15757,-58.48394,176.6
2021-2-2T15:10:50,-62.15757,-58.48394,176.4
2021-2-2T15:11:1,-62.15757,-58.48394,176.4
2021-2-2T15:11:11,-62.15757,-58.48394,176.6
2021-2-2T15:11:22,-62.15756,-58.48394,176.2
2021-2-2T15:11:33,-62.15756,-58.48394,175.0
2021-2-2T15:11:43,-62.15756,-58.48394,174.1
2021-2-2T15:11:54,-62.15755,-58.48395,173.5
2021-2-2T15:12:5,-62.15755,-58.48395,173.8
2021-2-2T15:12:15,-62.15755,-58.48395,173.9
2021-2-2T15:12:26,-62.15755,-58.48396,174.2
2021-2-2T15:12:37,-62.15755,-58.48396,175.0
2021-2-2T15:12:47,-62.15755,-58.48396,175.5
2021-2-2T15:12:58,-62.15755,-58.48396,175.2
2021-2-2T15:13:9,-62.15755,-58.48396,175.3
2021-2-2T15:13:19,-62.15755,-58.48395,174.9
2021-2-2T15:13:30,-62.15755,-58.48395,174.9
2021-2-2T15:13:40,-62.15756,-58.48395,174.7
2021-2-2T15:13:51,-62.15756,-58.48395,175.5
2021-2-2T15:14:1,-62.15756,-58.48395,175.4
2021-2-2T15:14:12,-62.15756,-58.48395,175.1
2021-2-2T15:14:22,-62.15755,-58.48395,174.1
2021-2-2T15:14:33,-62.15756,-58.48394,175.1
2021-2-2T15:14:43,-62.15756,-58.48394,175.7
2021-2-2T15:14:54,-62.15756,-58.48394,175.9
2021-2-2T15:15:4,-62.15756,-58.48394,176.0
2021-2-2T15:15:15,-62.15756,-58.48394,175.6
2021-2-2T15:15:25,-62.15755,-58.48394,174.7
2021-2-2T15:15:36,-62.15756,-58.48394,174.9
2021-2-2T15:15:46,-62.15756,-58.48394,174.8
2021-2-2T15:15:57,-62.15755,-58.48395,174.3
2021-2-2T15:16:7,-62.15755,-58.48395,174.1
2021-2-2T15:16:18,-62.15755,-58.48395,173.6
2021-2-2T15:16:28,-62.15755,-58.48395,173.8
2021-2-2T15:16:39,-62.15755,-58.48395,174.0
2021-2-2T15:16:49,-62.15755,-58.48395,174.5
2021-2-2T15:17:0,-62.15755,-58.48395,174.8
2021-2-2T15:17:10,-62.15755,-58.48395,174.8
2021-2-2T15:17:21,-62.15755,-58.48395,174.1
2021-2-2T15:17:31,-62.15755,-58.48394,174.0
2021-2-2T15:17:42,-62.15756,-58.48394,174.5
2021-2-2T15:17:52,-62.15756,-58.48394,174.6
2021-2-2T15:18:3,-62.15756,-58.48394,174.9
2021-2-2T15:18:13,-62.15757,-58.48394,175.2
2021-2-2T15:18:24,-62.15756,-58.48395,174.7
2021-2-2T15:18:34,-62.15756,-58.48395,175.2
2021-2-2T15:18:45,-62.15757,-58.48395,176.3
2021-2-2T15:18:55,-62.15757,-58.48395,176.8
2021-2-2T15:19:6,-62.15757,-58.48395,176.9
2021-2-2T15:19:16,-62.15756,-58.48395,176.6
2021-2-2T15:19:27,-62.15756,-58.48395,176.1
2021-2-2T15:19:37,-62.15756,-58.48395,175.6
2021-2-2T15:19:48,-62.15756,-58.48394,175.7
2021-2-2T15:19:58,-62.15756,-58.48394,176.3
2021-2-2T15:20:9,-62.15756,-58.48394,176.8
2021-2-2T15:20:20,-62.15756,-58.48394,177.5
2021-2-2T15:20:30,-62.15756,-58.48395,176.8
2021-2-2T15:20:41,-62.15756,-58.48395,176.3
2021-2-2T15:20:51,-62.15756,-58.48395,176.1
2021-2-2T15:21:2,-62.15756,-58.48395,175.7
2021-2-2T15:21:12,-62.15755,-58.48395,175.3
2021-2-2T15:21:23,-62.15756,-58.48394,174.9
2021-2-2T15:21:33,-62.15756,-58.48394,175.2
2021-2-2T15:21:44,-62.15756,-58.48394,175.4
2021-2-2T15:21:54,-62.15757,-58.48394,176.0
2021-2-2T15:22:5,-62.15756,-58.48394,176.1
2021-2-2T15:22:15,-62.15756,-58.48394,175.7
2021-2-2T15:22:26,-62.15756,-58.48394,175.3
2021-2-2T15:22:36,-62.15756,-58.48394,175.5
2021-2-2T15:22:47,-62.15756,-58.48394,175.0
2021-2-2T15:22:57,-62.15756,-58.48394,175.1
