2021-2-2T15:58:23,-62.15755,-58.48394,173.9
2021-2-2T15:58:34,-62.15755,-58.48395,174.2
2021-2-2T15:58:45,-62.15755,-58.48395,173.9
2021-2-2T15:58:55,-62.15755,-58.48395,173.8
2021-2-2T15:59:6,-62.15755,-58.48395,173.7
2021-2-2T15:59:16,-62.15755,-58.48395,173.2
2021-2-2T15:59:27,-62.15755,-58.48395,172.5
2021-2-2T15:59:37,-62.15755,-58.48395,172.8
2021-2-2T15:59:48,-62.15755,-58.48396,173.1
2021-2-2T15:59:58,-62.15755,-58.48396,173.0
2021-2-2T16:0:9,-62.15754,-58.48396,172.3
2021-2-2T16:0:19,-62.15754,-58.48397,171.6
2021-2-2T16:0:30,-62.15754,-58.48397,171.3
2021-2-2T16:0:40,-62.15753,-58.48396,170.4
2021-2-2T16:0:51,-62.15753,-58.48396,170.3
2021-2-2T16:1:2,-62.15753,-58.48396,170.8
2021-2-2T16:1:12,-62.15753,-58.48396,170.4
2021-2-2T16:1:23,-62.15754,-58.48395,170.7
2021-2-2T16:1:33,-62.15754,-58.48395,171.0
2021-2-2T16:1:44,-62.15754,-58.48396,171.1
2021-2-2T16:1:54,-62.15754,-58.48396,171.6
2021-2-2T16:2:5,-62.15754,-58.48396,171.8
2021-2-2T16:2:15,-62.15754,-58.48396,172.6
2021-2-2T16:2:26,-62.15754,-58.48396,172.4
2021-2-2T16:2:36,-62.15754,-58.48396,172.1
2021-2-2T16:2:47,-62.15754,-58.48396,171.5
2021-2-2T16:2:57,-62.15754,-58.48396,171.0
2021-2-2T16:3:8,-62.15753,-58.48396,170.5
2021-2-2T16:3:18,-62.15753,-58.48396,170.7
2021-2-2T16:3:29,-62.15753,-58.48396,171.1
2021-2-2T16:3:39,-62.15753,-58.48396,171.1
2021-2-2T16:3:50,-62.15753,-58.48396,170.9
2021-2-2T16:4:1,-62.15753,-58.48396,170.3
2021-2-2T16:4:11,-62.15753,-58.48396,170.4
2021-2-2T16:4:22,-62.15753,-58.48396,170.9
2021-2-2T16:4:33,-62.15754,-58.48396,171.2
2021-2-2T16:4:43,-62.15754,-58.48396,171.2
2021-2-2T16:4:54,-62.15754,-58.48395,171.3
2021-2-2T16:5:4,-62.15754,-58.48396,172.2
2021-2-2T16:5:15,-62.15754,-58.48395,172.5
2021-2-2T16:5:25,-62.15754,-58.48396,171.7
2021-2-2T16:5:36,-62.15754,-58.48395,172.1
2021-2-2T16:5:46,-62.15754,-58.48395,172.0
2021-2-2T16:5:57,-62.15754,-58.48395,172.6
2021-2-2T16:6:8,-62.15754,-58.48395,172.4
2021-2-2T16:6:18,-62.15754,-58.48395,172.1
2021-2-2T16:6:29,-62.15754,-58.48395,171.8
2021-2-2T16:6:39,-62.15754,-58.48395,171.9
2021-2-2T16:6:50,-62.15754,-58.48395,171.0
2021-2-2T16:7:0,-62.15754,-58.48395,171.0
2021-2-2T16:7:11,-62.15754,-58.48396,171.8
2021-2-2T16:7:21,-62.15754,-58.48396,171.9
2021-2-2T16:7:32,-62.15754,-58.48396,171.8
2021-2-2T16:7:43,-62.15754,-58.48396,171.7
2021-2-2T16:7:53,-62.15754,-58.48396,171.5
2021-2-2T16:8:4,-62.15754,-58.48397,171.4
2021-2-2T16:8:14,-62.15754,-58.48397,171.2
2021-2-2T16:8:25,-62.15754,-58.48396,171.9
2021-2-2T16:8:35,-62.15754,-58.48396,171.6
2021-2-2T16:8:46,-62.15754,-58.48395,171.8
2021-2-2T16:8:56,-62.15754,-58.48395,171.7
2021-2-2T16:9:7,-62.15754,-58.48395,171.4
2021-2-2T16:9:17,-62.15754,-58.48395,170.5
2021-2-2T16:9:28,-62.15754,-58.48395,171.1
2021-2-2T16:9:39,-62.15755,-58.48395,172.3
2021-2-2T16:9:49,-62.15755,-58.48395,172.9
2021-2-2T16:10:0,-62.15755,-58.48395,173.4
2021-2-2T16:10:10,-62.15755,-58.48395,173.5
2021-2-2T16:10:21,-62.15755,-58.48394,173.2
2021-2-2T16:10:31,-62.15755,-58.48395,173.3
2021-2-2T16:10:42,-62.15755,-58.48394,173.1
2021-2-2T16:10:52,-62.15755,-58.48395,172.6
2021-2-2T16:11:3,-62.15755,-58.48394,172.1
2021-2-2T16:11:13,-62.15755,-58.48394,172.7
2021-2-2T16:11:24,-62.15755,-58.48395,171.5
2021-2-2T16:11:35,-62.15754,-58.48395,171.1
2021-2-2T16:11:45,-62.15754,-58.48395,170.8
2021-2-2T16:11:56,-62.15754,-58.48395,171.4
2021-2-2T16:12:6,-62.15754,-58.48395,172.0
2021-2-2T16:12:17,-62.15754,-58.48395,172.2
2021-2-2T16:12:27,-62.15754,-58.48395,172.9
2021-2-2T16:12:38,-62.15754,-58.48395,173.0
2021-2-2T16:12:49,-62.15755,-58.48395,173.2
2021-2-2T16:12:59,-62.15755,-58.48395,173.1
2021-2-2T16:13:10,-62.15755,-58.48395,173.3
2021-2-2T16:13:21,-62.15755,-58.48395,173.0
2021-2-2T16:13:31,-62.15755,-58.48395,173.4
2021-2-2T16:13:42,-62.15756,-58.48395,173.5
2021-2-2T16:13:53,-62.15756,-58.48395,174.0
2021-2-2T16:14:3,-62.15756,-58.48395,174.1
2021-2-2T16:14:14,-62.15756,-58.48395,174.3
2021-2-2T16:14:25,-62.15756,-58.48395,174.7
2021-2-2T16:14:35,-62.15756,-58.48396,174.6
2021-2-2T16:14:46,-62.15756,-58.48396,174.6
2021-2-2T16:14:57,-62.15755,-58.48396,174.6
2021-2-2T16:15:7,-62.15755,-58.48396,174.7
2021-2-2T16:15:18,-62.15755,-58.48396,174.6
2021-2-2T16:15:29,-62.15756,-58.48396,174.9
2021-2-2T16:15:39,-62.15755,-58.48396,174.5
2021-2-2T16:15:50,-62.15755,-58.48396,174.5
