2021-2-2T18:54:49,-62.15755,-58.48395,170.7
2021-2-2T18:55:0,-62.15754,-58.48395,170.4
2021-2-2T18:55:11,-62.15754,-58.48395,170.2
2021-2-2T18:55:21,-62.15754,-58.48395,170.0
2021-2-2T18:55:32,-62.15754,-58.48395,169.5
2021-2-2T18:55:42,-62.15754,-58.48395,169.7
2021-2-2T18:55:53,-62.15754,-58.48395,169.9
2021-2-2T18:56:4,-62.15754,-58.48395,170.1
2021-2-2T18:56:14,-62.15754,-58.48396,170.9
2021-2-2T18:56:25,-62.15755,-58.48396,171.5
2021-2-2T18:56:35,-62.15755,-58.48396,171.5
2021-2-2T18:56:46,-62.15754,-58.48396,171.1
2021-2-2T18:56:56,-62.15754,-58.48396,171.0
2021-2-2T18:57:7,-62.15754,-58.48395,170.6
2021-2-2T18:57:18,-62.15754,-58.48396,170.7
2021-2-2T18:57:28,-62.15754,-58.48396,170.8
2021-2-2T18:57:39,-62.15754,-58.48396,170.7
2021-2-2T18:57:49,-62.15753,-58.48396,169.9
2021-2-2T18:58:0,-62.15753,-58.48396,169.6
2021-2-2T18:58:10,-62.15753,-58.48396,169.8
2021-2-2T18:58:21,-62.15753,-58.48396,169.9
2021-2-2T18:58:31,-62.15753,-58.48396,169.9
2021-2-2T18:58:42,-62.15754,-58.48396,169.9
2021-2-2T18:58:53,-62.15754,-58.48396,169.6
2021-2-2T18:59:3,-62.15753,-58.48396,169.0
2021-2-2T18:59:14,-62.15751,-58.48396,168.5
2021-2-2T18:59:24,-62.15751,-58.48396,168.8
2021-2-2T18:59:35,-62.15752,-58.48396,170.2
2021-2-2T18:59:45,-62.15751,-58.48397,169.9
2021-2-2T18:59:56,-62.15752,-58.48396,170.4
2021-2-2T19:0:7,-62.15753,-58.48396,171.4
2021-2-2T19:0:17,-62.15753,-58.48396,171.6
2021-2-2T19:0:28,-62.15753,-58.48396,171.9
2021-2-2T19:0:38,-62.15753,-58.48396,172.2
2021-2-2T19:0:49,-62.15753,-58.48396,172.1
2021-2-2T19:1:0,-62.15753,-58.48396,171.8
2021-2-2T19:1:10,-62.15753,-58.48396,171.4
2021-2-2T19:1:21,-62.15753,-58.48396,171.1
2021-2-2T19:1:31,-62.15753,-58.48396,171.4
2021-2-2T19:1:42,-62.15753,-58.48396,172.0
2021-2-2T19:1:52,-62.15753,-58.48396,171.7
2021-2-2T19:2:3,-62.15752,-58.48396,171.5
2021-2-2T19:2:14,-62.15753,-58.48396,172.5
2021-2-2T19:2:24,-62.15753,-58.48396,172.4
2021-2-2T19:2:35,-62.15753,-58.48396,172.3
2021-2-2T19:2:45,-62.15752,-58.48396,171.6
2021-2-2T19:2:56,-62.15752,-58.48397,171.4
2021-2-2T19:3:6,-62.15752,-58.48397,171.7
2021-2-2T19:3:17,-62.15753,-58.48396,172.3
2021-2-2T19:3:28,-62.15754,-58.48396,172.5
2021-2-2T19:3:38,-62.15754,-58.48396,172.4
2021-2-2T19:3:49,-62.15754,-58.48396,173.3
2021-2-2T19:3:59,-62.15754,-58.48396,173.8
2021-2-2T19:4:10,-62.15754,-58.48395,174.2
2021-2-2T19:4:20,-62.15754,-58.48396,174.0
2021-2-2T19:4:31,-62.15753,-58.48396,173.0
2021-2-2T19:4:41,-62.15754,-58.48396,172.7
2021-2-2T19:4:52,-62.15754,-58.48396,172.3
2021-2-2T19:5:3,-62.15754,-58.48396,171.7
2021-2-2T19:5:13,-62.15753,-58.48396,170.8
2021-2-2T19:5:24,-62.15753,-58.48396,170.9
2021-2-2T19:5:34,-62.15754,-58.48396,171.7
2021-2-2T19:5:45,-62.15754,-58.48396,172.5
2021-2-2T19:5:55,-62.15754,-58.48396,173.1
2021-2-2T19:6:6,-62.15754,-58.48396,173.3
2021-2-2T19:6:17,-62.15754,-58.48396,172.7
2021-2-2T19:6:27,-62.15754,-58.48396,172.2
2021-2-2T19:6:38,-62.15754,-58.48395,171.8
2021-2-2T19:6:48,-62.15754,-58.48396,171.9
2021-2-2T19:6:59,-62.15754,-58.48396,171.8
2021-2-2T19:7:9,-62.15754,-58.48396,172.0
2021-2-2T19:7:20,-62.15754,-58.48396,172.2
2021-2-2T19:7:31,-62.15754,-58.48396,172.4
2021-2-2T19:7:41,-62.15754,-58.48396,172.6
2021-2-2T19:7:52,-62.15754,-58.48396,172.6
2021-2-2T19:8:2,-62.15754,-58.48396,171.9
2021-2-2T19:8:13,-62.15753,-58.48396,171.5
2021-2-2T19:8:23,-62.15754,-58.48395,171.3
2021-2-2T19:8:34,-62.15754,-58.48395,171.3
2021-2-2T19:8:44,-62.15754,-58.48395,171.3
2021-2-2T19:8:55,-62.15754,-58.48395,171.4
2021-2-2T19:9:6,-62.15754,-58.48395,171.5
2021-2-2T19:9:17,-62.15754,-58.48396,172.1
2021-2-2T19:9:27,-62.15754,-58.48396,171.7
2021-2-2T19:9:38,-62.15754,-58.48395,171.9
2021-2-2T19:9:49,-62.15754,-58.48396,171.3
2021-2-2T19:9:59,-62.15754,-58.48395,170.9
2021-2-2T19:10:10,-62.15753,-58.48396,170.6
2021-2-2T19:10:21,-62.15754,-58.48395,170.8
2021-2-2T19:10:31,-62.15753,-58.48395,171.0
2021-2-2T19:10:42,-62.15753,-58.48395,171.3
2021-2-2T19:10:53,-62.15753,-58.48395,171.6
2021-2-2T19:11:4,-62.15752,-58.48396,171.3
2021-2-2T19:11:15,-62.15753,-58.48395,171.9
2021-2-2T19:11:25,-62.15753,-58.48395,171.5
2021-2-2T19:11:36,-62.15753,-58.48395,171.7
2021-2-2T19:11:47,-62.15753,-58.48396,171.0
2021-2-2T19:11:58,-62.15753,-58.48396,171.3
2021-2-2T19:12:9,-62.15753,-58.48396,171.4
2021-2-2T19:12:19,-62.15754,-58.48396,171.9
