2021-2-2T19:48:24,-62.15755,-58.48397,178.9
2021-2-2T19:48:35,-62.15755,-58.48396,178.9
2021-2-2T19:48:45,-62.15755,-58.48396,178.3
2021-2-2T19:48:56,-62.15755,-58.48396,178.8
2021-2-2T19:49:7,-62.15755,-58.48397,179.4
2021-2-2T19:49:18,-62.15755,-58.48396,178.9
2021-2-2T19:49:29,-62.15754,-58.48397,178.5
2021-2-2T19:49:39,-62.15755,-58.48397,179.1
2021-2-2T19:49:50,-62.15755,-58.48397,179.3
2021-2-2T19:50:1,-62.15754,-58.48397,178.4
2021-2-2T19:50:12,-62.15754,-58.48397,178.1
2021-2-2T19:50:22,-62.15754,-58.48396,177.5
2021-2-2T19:50:33,-62.15754,-58.48396,177.0
2021-2-2T19:50:44,-62.15754,-58.48396,177.1
2021-2-2T19:50:54,-62.15754,-58.48396,176.9
2021-2-2T19:51:5,-62.15754,-58.48395,177.2
2021-2-2T19:51:15,-62.15754,-58.48395,177.3
2021-2-2T19:51:26,-62.15755,-58.48395,177.4
2021-2-2T19:51:36,-62.15754,-58.48395,177.3
2021-2-2T19:51:47,-62.15755,-58.48395,177.2
2021-2-2T19:51:57,-62.15754,-58.48396,177.1
2021-2-2T19:52:8,-62.15754,-58.48396,176.8
2021-2-2T19:52:19,-62.15755,-58.48395,176.5
2021-2-2T19:52:29,-62.15755,-58.48395,176.6
2021-2-2T19:52:40,-62.15755,-58.48395,175.9
2021-2-2T19:52:50,-62.15755,-58.48395,175.6
2021-2-2T19:53:1,-62.15755,-58.48395,175.9
2021-2-2T19:53:11,-62.15755,-58.48395,176.3
2021-2-2T19:53:22,-62.15755,-58.48395,176.4
2021-2-2T19:53:33,-62.15755,-58.48395,176.7
2021-2-2T19:53:43,-62.15755,-58.48395,177.1
2021-2-2T19:53:54,-62.15755,-58.48395,177.6
2021-2-2T19:54:4,-62.15755,-58.48395,177.2
2021-2-2T19:54:15,-62.15754,-58.48395,176.9
2021-2-2T19:54:25,-62.15754,-58.48395,177.1
2021-2-2T19:54:36,-62.15754,-58.48395,176.8
2021-2-2T19:54:46,-62.15755,-58.48395,177.1
2021-2-2T19:54:57,-62.15755,-58.48396,177.0
2021-2-2T19:55:8,-62.15755,-58.48396,177.4
2021-2-2T19:55:18,-62.15755,-58.48396,177.0
2021-2-2T19:55:29,-62.15755,-58.48395,176.9
2021-2-2T19:55:39,-62.15755,-58.48395,176.9
2021-2-2T19:55:50,-62.15755,-58.48395,176.7
2021-2-2T19:56:0,-62.15755,-58.48394,177.0
2021-2-2T19:56:11,-62.15755,-58.48394,177.0
2021-2-2T19:56:22,-62.15755,-58.48394,176.8
2021-2-2T19:56:32,-62.15755,-58.48394,177.3
2021-2-2T19:56:43,-62.15755,-58.48394,177.4
2021-2-2T19:56:53,-62.15755,-58.48394,177.2
2021-2-2T19:57:4,-62.15755,-58.48394,176.7
2021-2-2T19:57:14,-62.15755,-58.48394,176.8
2021-2-2T19:57:25,-62.15755,-58.48394,176.7
2021-2-2T19:57:36,-62.15755,-58.48394,176.6
2021-2-2T19:57:46,-62.15755,-58.48395,176.5
2021-2-2T19:57:57,-62.15755,-58.48395,176.6
2021-2-2T19:58:7,-62.15755,-58.48395,176.7
2021-2-2T19:58:18,-62.15755,-58.48395,177.1
2021-2-2T19:58:28,-62.15755,-58.48395,177.1
2021-2-2T19:58:39,-62.15755,-58.48395,177.3
2021-2-2T19:58:49,-62.15755,-58.48395,176.9
2021-2-2T19:59:0,-62.15755,-58.48395,177.1
2021-2-2T19:59:11,-62.15755,-58.48395,177.3
2021-2-2T19:59:21,-62.15755,-58.48395,177.0
2021-2-2T19:59:32,-62.15755,-58.48395,176.9
2021-2-2T19:59:42,-62.15755,-58.48395,176.7
2021-2-2T19:59:53,-62.15755,-58.48396,177.0
2021-2-2T20:0:3,-62.15755,-58.48396,177.4
2021-2-2T20:0:14,-62.15755,-58.48396,177.3
2021-2-2T20:0:24,-62.15755,-58.48396,178.2
2021-2-2T20:0:35,-62.15755,-58.48396,178.9
2021-2-2T20:0:46,-62.15755,-58.48396,179.6
2021-2-2T20:0:56,-62.15755,-58.48396,179.9
2021-2-2T20:1:7,-62.15755,-58.48396,181.0
2021-2-2T20:1:17,-62.15755,-58.48396,180.5
2021-2-2T20:1:28,-62.15755,-58.48396,180.3
2021-2-2T20:1:39,-62.15755,-58.48396,181.1
2021-2-2T20:1:50,-62.15755,-58.48396,180.6
2021-2-2T20:2:0,-62.15755,-58.48396,180.3
2021-2-2T20:2:11,-62.15754,-58.48396,180.1
2021-2-2T20:2:22,-62.15754,-58.48396,179.1
2021-2-2T20:2:33,-62.15755,-58.48396,179.0
2021-2-2T20:2:44,-62.15754,-58.48396,179.4
2021-2-2T20:2:54,-62.15754,-58.48396,178.9
2021-2-2T20:3:5,-62.15754,-58.48395,179.3
2021-2-2T20:3:16,-62.15754,-58.48395,179.7
2021-2-2T20:3:26,-62.15754,-58.48395,179.6
2021-2-2T20:3:37,-62.15755,-58.48395,179.0
2021-2-2T20:3:48,-62.15755,-58.48395,178.4
2021-2-2T20:3:59,-62.15755,-58.48395,177.7
2021-2-2T20:4:10,-62.15755,-58.48395,177.7
2021-2-2T20:4:20,-62.15755,-58.48396,179.4
2021-2-2T20:4:31,-62.15754,-58.48396,177.9
2021-2-2T20:4:42,-62.15754,-58.48396,177.0
2021-2-2T20:4:53,-62.15754,-58.48396,177.5
2021-2-2T20:5:3,-62.15754,-58.48396,177.0
2021-2-2T20:5:14,-62.15754,-58.48396,176.6
2021-2-2T20:5:25,-62.15754,-58.48395,176.3
2021-2-2T20:5:36,-62.15754,-58.48395,176.9
2021-2-2T20:5:46,-62.15755,-58.48395,177.2
2021-2-2T20:5:57,-62.15755,-58.48394,177.4
