2021-2-2T18:1:57,-62.15755,-58.48395,174.0
2021-2-2T18:2:8,-62.15756,-58.48395,174.6
2021-2-2T18:2:19,-62.15756,-58.48395,175.1
2021-2-2T18:2:29,-62.15756,-58.48394,175.1
2021-2-2T18:2:40,-62.15757,-58.48394,175.6
2021-2-2T18:2:51,-62.15757,-58.48394,175.6
2021-2-2T18:3:1,-62.15757,-58.48394,175.3
2021-2-2T18:3:12,-62.15757,-58.48394,175.0
2021-2-2T18:3:22,-62.15756,-58.48394,174.9
2021-2-2T18:3:33,-62.15756,-58.48394,174.9
2021-2-2T18:3:43,-62.15756,-58.48395,174.2
2021-2-2T18:3:54,-62.15755,-58.48394,173.7
2021-2-2T18:4:5,-62.15755,-58.48395,172.6
2021-2-2T18:4:15,-62.15754,-58.48395,172.3
2021-2-2T18:4:26,-62.15754,-58.48395,172.1
2021-2-2T18:4:36,-62.15755,-58.48395,172.9
2021-2-2T18:4:47,-62.15755,-58.48395,173.1
2021-2-2T18:4:57,-62.15756,-58.48395,173.7
2021-2-2T18:5:8,-62.15756,-58.48394,174.4
2021-2-2T18:5:18,-62.15756,-58.48394,174.7
2021-2-2T18:5:29,-62.15756,-58.48394,175.6
2021-2-2T18:5:40,-62.15757,-58.48395,176.3
2021-2-2T18:5:50,-62.15757,-58.48395,176.4
2021-2-2T18:6:1,-62.15756,-58.48395,176.4
2021-2-2T18:6:11,-62.15756,-58.48395,175.4
2021-2-2T18:6:22,-62.15756,-58.48395,175.4
2021-2-2T18:6:32,-62.15756,-58.48394,175.5
2021-2-2T18:6:43,-62.15756,-58.48394,175.8
2021-2-2T18:6:54,-62.15756,-58.48395,175.5
2021-2-2T18:7:4,-62.15756,-58.48394,175.6
2021-2-2T18:7:15,-62.15756,-58.48394,175.3
2021-2-2T18:7:25,-62.15756,-58.48394,174.9
2021-2-2T18:7:36,-62.15756,-58.48394,174.8
2021-2-2T18:7:46,-62.15756,-58.48394,175.2
2021-2-2T18:7:57,-62.15756,-58.48394,174.9
2021-2-2T18:8:8,-62.15757,-58.48394,174.8
2021-2-2T18:8:18,-62.15757,-58.48394,175.1
2021-2-2T18:8:29,-62.15756,-58.48394,175.1
2021-2-2T18:8:39,-62.15756,-58.48394,175.1
2021-2-2T18:8:50,-62.15756,-58.48394,174.6
2021-2-2T18:9:0,-62.15756,-58.48394,175.1
2021-2-2T18:9:11,-62.15756,-58.48394,174.8
2021-2-2T18:9:21,-62.15756,-58.48394,174.7
2021-2-2T18:9:32,-62.15756,-58.48394,174.1
2021-2-2T18:9:43,-62.15756,-58.48394,173.9
2021-2-2T18:9:53,-62.15756,-58.48394,173.9
2021-2-2T18:10:4,-62.15756,-58.48394,174.1
2021-2-2T18:10:14,-62.15756,-58.48394,173.7
2021-2-2T18:10:25,-62.15756,-58.48394,173.7
2021-2-2T18:10:36,-62.15756,-58.48394,173.9
2021-2-2T18:10:46,-62.15756,-58.48394,174.4
2021-2-2T18:10:57,-62.15757,-58.48394,174.9
2021-2-2T18:11:7,-62.15756,-58.48395,175.1
2021-2-2T18:11:18,-62.15756,-58.48395,175.3
2021-2-2T18:11:28,-62.15756,-58.48395,175.4
2021-2-2T18:11:39,-62.15756,-58.48395,175.1
2021-2-2T18:11:50,-62.15756,-58.48394,175.4
2021-2-2T18:12:0,-62.15756,-58.48394,175.5
2021-2-2T18:12:11,-62.15756,-58.48394,175.3
2021-2-2T18:12:21,-62.15755,-58.48394,176.0
2021-2-2T18:12:32,-62.15756,-58.48395,176.6
2021-2-2T18:12:42,-62.15756,-58.48395,176.8
2021-2-2T18:12:53,-62.15756,-58.48395,176.6
2021-2-2T18:13:4,-62.15756,-58.48395,176.4
2021-2-2T18:13:14,-62.15756,-58.48395,176.1
2021-2-2T18:13:25,-62.15756,-58.48395,176.0
2021-2-2T18:13:35,-62.15756,-58.48395,175.4
2021-2-2T18:13:46,-62.15756,-58.48395,174.7
2021-2-2T18:13:56,-62.15756,-58.48395,174.9
2021-2-2T18:14:7,-62.15756,-58.48395,174.5
2021-2-2T18:14:18,-62.15756,-58.48395,175.3
2021-2-2T18:14:28,-62.15755,-58.48396,175.8
2021-2-2T18:14:39,-62.15755,-58.48396,175.3
2021-2-2T18:14:49,-62.15756,-58.48396,175.6
2021-2-2T18:15:0,-62.15756,-58.48396,176.5
2021-2-2T18:15:10,-62.15756,-58.48396,176.8
2021-2-2T18:15:21,-62.15756,-58.48396,176.3
2021-2-2T18:15:32,-62.15757,-58.48395,176.5
2021-2-2T18:15:42,-62.15757,-58.48395,177.0
2021-2-2T18:15:53,-62.15757,-58.48395,176.8
2021-2-2T18:16:3,-62.15757,-58.48395,177.1
2021-2-2T18:16:14,-62.15757,-58.48395,177.0
2021-2-2T18:16:24,-62.15756,-58.48395,176.3
2021-2-2T18:16:35,-62.15756,-58.48395,176.2
2021-2-2T18:16:46,-62.15755,-58.48396,175.8
2021-2-2T18:16:56,-62.15755,-58.48396,175.5
2021-2-2T18:17:7,-62.15755,-58.48396,175.3
2021-2-2T18:17:17,-62.15755,-58.48395,175.2
2021-2-2T18:17:28,-62.15756,-58.48395,175.0
2021-2-2T18:17:38,-62.15756,-58.48395,175.0
2021-2-2T18:17:49,-62.15756,-58.48395,175.4
2021-2-2T18:17:59,-62.15756,-58.48395,175.3
2021-2-2T18:18:10,-62.15756,-58.48395,175.2
2021-2-2T18:18:21,-62.15756,-58.48395,175.1
2021-2-2T18:18:31,-62.15756,-58.48395,175.6
2021-2-2T18:18:42,-62.15756,-58.48394,175.7
2021-2-2T18:18:52,-62.15756,-58.48394,175.8
2021-2-2T18:19:3,-62.15756,-58.48395,176.2
2021-2-2T18:19:13,-62.15757,-58.48395,176.6
2021-2-2T18:19:24,-62.15757,-58.48394,177.1
