2021-2-2T20:59:18,-62.15754,-58.48396,172.6
2021-2-2T20:59:29,-62.15754,-58.48396,172.4
2021-2-2T20:59:39,-62.15753,-58.48396,172.2
2021-2-2T20:59:50,-62.15753,-58.48396,172.5
2021-2-2T21:0:1,-62.15754,-58.48397,173.2
2021-2-2T21:0:12,-62.15754,-58.48397,174.2
2021-2-2T21:0:22,-62.15754,-58.48397,174.3
2021-2-2T21:0:33,-62.15754,-58.48396,174.2
2021-2-2T21:0:43,-62.15754,-58.48397,174.6
2021-2-2T21:0:54,-62.15754,-58.48397,174.6
2021-2-2T21:1:4,-62.15754,-58.48397,174.4
2021-2-2T21:1:15,-62.15754,-58.48397,174.3
2021-2-2T21:1:26,-62.15754,-58.48397,174.1
2021-2-2T21:1:36,-62.15754,-58.48397,173.9
2021-2-2T21:1:47,-62.15753,-58.48397,173.3
2021-2-2T21:1:57,-62.15754,-58.48397,173.5
2021-2-2T21:2:8,-62.15754,-58.48397,173.5
2021-2-2T21:2:19,-62.15754,-58.48397,173.2
2021-2-2T21:2:29,-62.15754,-58.48397,172.7
2021-2-2T21:2:40,-62.15754,-58.48397,172.9
2021-2-2T21:2:50,-62.15754,-58.48397,172.7
2021-2-2T21:3:1,-62.15754,-58.48397,172.9
2021-2-2T21:3:12,-62.15754,-58.48397,173.1
2021-2-2T21:3:22,-62.15754,-58.48397,172.9
2021-2-2T21:3:33,-62.15754,-58.48396,172.6
2021-2-2T21:3:43,-62.15753,-58.48396,172.4
2021-2-2T21:3:54,-62.15754,-58.48396,172.8
2021-2-2T21:4:5,-62.15754,-58.48396,173.1
2021-2-2T21:4:15,-62.15754,-58.48396,173.0
2021-2-2T21:4:26,-62.15754,-58.48396,173.5
2021-2-2T21:4:36,-62.15753,-58.48396,173.3
2021-2-2T21:4:47,-62.15754,-58.48396,173.6
2021-2-2T21:4:57,-62.15753,-58.48396,173.8
2021-2-2T21:5:8,-62.15753,-58.48396,173.4
2021-2-2T21:5:19,-62.15754,-58.48396,173.6
2021-2-2T21:5:29,-62.15753,-58.48396,173.5
2021-2-2T21:5:40,-62.15753,-58.48396,173.1
2021-2-2T21:5:50,-62.15753,-58.48396,173.2
2021-2-2T21:6:1,-62.15754,-58.48396,173.2
2021-2-2T21:6:12,-62.15754,-58.48397,173.2
2021-2-2T21:6:22,-62.15754,-58.48397,172.5
2021-2-2T21:6:33,-62.15753,-58.48397,172.0
2021-2-2T21:6:43,-62.15753,-58.48397,171.5
2021-2-2T21:6:54,-62.15753,-58.48396,171.9
2021-2-2T21:7:5,-62.15753,-58.48396,171.4
2021-2-2T21:7:15,-62.15753,-58.48396,171.5
2021-2-2T21:7:26,-62.15753,-58.48397,172.0
2021-2-2T21:7:36,-62.15753,-58.48397,171.9
2021-2-2T21:7:47,-62.15753,-58.48397,172.6
2021-2-2T21:7:58,-62.15754,-58.48397,172.0
2021-2-2T21:8:8,-62.15754,-58.48397,172.0
2021-2-2T21:8:19,-62.15753,-58.48397,171.6
2021-2-2T21:8:29,-62.15753,-58.48397,171.9
2021-2-2T21:8:40,-62.15754,-58.48397,172.3
2021-2-2T21:8:50,-62.15754,-58.48397,172.2
2021-2-2T21:9:1,-62.15754,-58.48397,173.6
2021-2-2T21:9:12,-62.15755,-58.48396,173.8
2021-2-2T21:9:22,-62.15754,-58.48396,174.1
2021-2-2T21:9:33,-62.15754,-58.48395,174.3
2021-2-2T21:9:43,-62.15754,-58.48395,175.1
2021-2-2T21:9:54,-62.15754,-58.48396,175.3
2021-2-2T21:10:5,-62.15754,-58.48397,175.4
2021-2-2T21:10:15,-62.15754,-58.48396,174.6
2021-2-2T21:10:26,-62.15754,-58.48396,174.1
2021-2-2T21:10:37,-62.15754,-58.48396,173.6
2021-2-2T21:10:47,-62.15753,-58.48396,173.4
2021-2-2T21:10:58,-62.15754,-58.48397,173.3
2021-2-2T21:11:8,-62.15753,-58.48397,172.8
2021-2-2T21:11:19,-62.15753,-58.48397,173.3
2021-2-2T21:11:30,-62.15753,-58.48397,173.5
2021-2-2T21:11:40,-62.15753,-58.48397,173.4
2021-2-2T21:11:51,-62.15753,-58.48397,172.5
2021-2-2T21:12:1,-62.15753,-58.48397,172.3
2021-2-2T21:12:12,-62.15754,-58.48397,172.5
2021-2-2T21:12:23,-62.15753,-58.48397,171.6
2021-2-2T21:12:33,-62.15753,-58.48397,171.6
2021-2-2T21:12:44,-62.15753,-58.48397,171.5
2021-2-2T21:12:54,-62.15753,-58.48398,172.5
2021-2-2T21:13:5,-62.15753,-58.48397,173.1
2021-2-2T21:13:15,-62.15753,-58.48398,172.7
2021-2-2T21:13:26,-62.15753,-58.48398,172.8
2021-2-2T21:13:37,-62.15753,-58.48397,172.8
2021-2-2T21:13:47,-62.15754,-58.48397,175.4
2021-2-2T21:13:58,-62.15755,-58.48397,175.1
2021-2-2T21:14:8,-62.15755,-58.48396,174.8
2021-2-2T21:14:19,-62.15760,-58.48395,171.4
2021-2-2T21:14:30,-62.15762,-58.48393,173.2
2021-2-2T21:14:40,-62.15763,-58.48395,175.2
2021-2-2T21:14:51,-62.15763,-58.48397,177.8
2021-2-2T21:15:1,-62.15765,-58.48390,175.2
2021-2-2T21:15:12,-62.15768,-58.48370,169.3
2021-2-2T21:15:23,-62.15773,-58.48364,163.6
2021-2-2T21:15:33,-62.15780,-58.48356,155.5
2021-2-2T21:15:44,-62.15794,-58.48360,158.1
2021-2-2T21:15:54,-62.15799,-58.48338,156.2
2021-2-2T21:16:5,-62.15801,-58.48335,155.8
2021-2-2T21:16:16,-62.15802,-58.48330,149.3
2021-2-2T21:16:26,-62.15809,-58.48312,145.4
2021-2-2T21:16:37,-62.15815,-58.48288,142.0
2021-2-2T21:16:47,-62.15822,-58.48255,137.9
