2,1,646,2021-2-2T14:42:53,-62.13431,-58.37803,4.1,12
2,1,647,2021-2-2T14:43:4,-62.13430,-58.37811,3.7,12
2,1,648,2021-2-2T14:43:14,-62.13429,-58.37818,4.0,12
2,1,649,2021-2-2T14:43:25,-62.13429,-58.37825,5.0,12
2,1,650,2021-2-2T14:43:35,-62.13428,-58.37832,5.0,12
2,1,651,2021-2-2T14:43:46,-62.13427,-58.37839,6.1,12
2,1,652,2021-2-2T14:43:56,-62.13426,-58.37846,6.6,12
2,1,653,2021-2-2T14:44:7,-62.13425,-58.37852,5.6,12
2,1,655,2021-2-2T14:44:28,-62.13423,-58.37868,6.9,12
2,1,656,2021-2-2T14:44:39,-62.13422,-58.37877,6.5,12
2,1,657,2021-2-2T14:44:49,-62.13420,-58.37885,6.4,12
2,1,658,2021-2-2T14:45:0,-62.13414,-58.37923,5.5,12
2,0,0,200-0-0T0:0:0,0.0,0.0,0.0,0
2,1,662,2021-2-2T14:45:42,-62.13364,-58.38188,4.9,12
2,1,665,2021-2-2T14:46:14,-62.13284,-58.38744,4.3,12
2,1,669,2021-2-2T14:46:56,-62.13202,-58.39463,3.7,12
2,1,672,2021-2-2T14:47:28,-62.13157,-58.39764,4.6,12
2,1,683,2021-2-2T14:49:24,-62.13137,-58.39880,2.3,12
2,1,684,2021-2-2T14:49:34,-62.13138,-58.39880,2.3,12
16718,11342,11824,2048-52-51T44:49:55,12846.658738,0.0,0.0,0
2,1,692,2021-2-2T14:50:59,-62.13148,-58.39884,1.1,12
2,1,695,2021-2-2T14:51:30,-62.13151,-58.39884,4.6,12
2,1,698,2021-2-2T14:52:2,-62.13051,-58.40050,4.1,12
2,1,701,2021-2-2T14:52:34,-62.12969,-58.40461,3.1,12
2,1,704,2021-2-2T14:53:5,-62.12879,-58.41001,2.1,12
2,1,707,2021-2-2T14:53:37,-62.12776,-58.41578,3.8,12
2,1,708,2021-2-2T14:53:48,-62.12739,-58.41788,3.3,12
2,1,709,2021-2-2T14:53:59,-62.12708,-58.41987,4.4,12
2,1,710,2021-2-2T14:54:9,-62.12680,-58.42164,4.5,12
2,1,711,2021-2-2T14:54:20,-62.12645,-58.42367,5.0,12
2,1,712,2021-2-2T14:54:31,-62.12606,-58.42561,4.0,12
2,1,713,2021-2-2T14:54:41,-62.12575,-58.42748,2.7,12
2,1,714,2021-2-2T14:54:52,-62.12538,-58.42952,2.6,12
2,1,715,2021-2-2T14:55:3,-62.12503,-58.43152,2.7,12
2,1,716,2021-2-2T14:55:14,-62.12475,-58.43338,2.9,12
2,1,717,2021-2-2T14:55:24,-62.12478,-58.43511,4.5,12
2,1,718,2021-2-2T14:55:35,-62.12501,-58.43699,5.2,12
2,1,719,2021-2-2T14:55:46,-62.12494,-58.43826,4.8,12
2,1,720,2021-2-2T14:55:57,-62.12497,-58.43960,4.3,12
2,1,721,2021-2-2T14:56:7,-62.12499,-58.44068,3.7,12
2,1,722,2021-2-2T14:56:18,-62.12498,-58.44088,4.5,12
2,1,724,2021-2-2T14:56:39,-62.12493,-58.44102,4.4,12
2,1,725,2021-2-2T14:56:50,-62.12490,-58.44106,4.0,12
2,1,726,2021-2-2T14:57:1,-62.12487,-58.44109,3.9,12
2,1,727,2021-2-2T14:57:12,-62.12485,-58.44112,4.2,12
2,1,728,2021-2-2T14:57:22,-62.12482,-58.44114,3.6,12
2,1,730,2021-2-2T14:57:44,-62.12477,-58.44116,3.0,12
2,1,731,2021-2-2T14:57:54,-62.12475,-58.44118,3.7,12
2,1,732,2021-2-2T14:58:5,-62.12472,-58.44118,3.1,12
2,1,733,2021-2-2T14:58:16,-62.12470,-58.44120,2.8,12
2,1,734,2021-2-2T14:58:26,-62.12468,-58.44121,3.8,12
2,1,736,2021-2-2T14:58:48,-62.12464,-58.44123,1.9,12
2,1,737,2021-2-2T14:58:58,-62.12462,-58.44124,1.3,12
2,1,738,2021-2-2T14:59:9,-62.12460,-58.44126,2.6,12
2,1,739,2021-2-2T14:59:20,-62.12459,-58.44127,1.7,12
2,1,740,2021-2-2T14:59:30,-62.12457,-58.44128,1.3,12
2,1,741,2021-2-2T14:59:41,-62.12455,-58.44128,0.9,12
2,1,742,2021-2-2T14:59:52,-62.12452,-58.44129,0.2,12
2,1,743,2021-2-2T15:0:3,-62.12451,-58.44129,0.9,12
13616,12332,12334,2053-56-44T49:55:46,14640.2573,0.0,0.0,0
2,1,744,2021-2-2T15:0:13,-62.12449,-58.44130,1.9,12
2,1,745,2021-2-2T15:0:24,-62.12447,-58.44131,0.9,12
2,1,746,2021-2-2T15:0:35,-62.12445,-58.44131,1.6,12
2,1,748,2021-2-2T15:0:56,-62.12440,-58.44131,5.2,12
2,1,749,2021-2-2T15:1:7,-62.12433,-58.44158,5.2,12
2,1,750,2021-2-2T15:1:17,-62.12432,-58.44280,5.1,12
2,1,751,2021-2-2T15:1:28,-62.12434,-58.44479,6.4,12
2,1,752,2021-2-2T15:1:39,-62.12440,-58.44687,6.5,12
2,1,753,2021-2-2T15:1:49,-62.12444,-58.44874,5.4,12
2,1,754,2021-2-2T15:2:0,-62.12420,-58.45074,4.9,12
2,1,755,2021-2-2T15:2:11,-62.12389,-58.45273,4.0,12
2,1,756,2021-2-2T15:2:22,-62.12358,-58.45476,3.5,12
2,1,757,2021-2-2T15:2:32,-62.12327,-58.45673,3.9,12
2,1,758,2021-2-2T15:2:43,-62.12302,-58.45849,3.5,12
2,1,759,2021-2-2T15:2:54,-62.12290,-58.45921,3.5,12
2,1,760,2021-2-2T15:3:4,-62.12274,-58.46064,4.1,12
2,1,761,2021-2-2T15:3:15,-62.12239,-58.46145,3.9,12
2,1,762,2021-2-2T15:3:26,-62.12218,-58.46189,4.1,12
2,1,763,2021-2-2T15:3:36,-62.12207,-58.46215,4.3,12
2,1,764,2021-2-2T15:3:47,-62.12201,-58.46223,4.0,12
2,1,765,2021-2-2T15:3:57,-62.12197,-58.46226,3.9,12
2,1,766,2021-2-2T15:4:8,-62.12193,-58.46228,3.9,12
2,1,767,2021-2-2T15:4:19,-62.12189,-58.46230,3.9,12
2,1,772,2021-2-2T15:5:12,-62.12172,-58.46239,4.9,12
2,1,773,2021-2-2T15:5:22,-62.12170,-58.46241,4.4,12
2,1,774,2021-2-2T15:5:33,-62.12167,-58.46243,3.5,12
2,1,775,2021-2-2T15:5:44,-62.12164,-58.46245,3.2,12
2,1,776,2021-2-2T15:5:54,-62.12161,-58.46245,2.0,12
2,1,777,2021-2-2T15:6:5,-62.12158,-58.46247,1.3,12
2,1,778,2021-2-2T15:6:16,-62.12155,-58.46249,1.9,12
2,1,779,2021-2-2T15:6:26,-62.12152,-58.46251,1.8,12
2,1,780,2021-2-2T15:6:37,-62.12150,-58.46252,1.6,12
2,1,781,2021-2-2T15:6:48,-62.12147,-58.46253,1.9,12
2,1,782,2021-2-2T15:6:58,-62.12145,-58.46251,1.5,12
2,1,783,2021-2-2T15:7:9,-62.12142,-58.46250,1.2,12
2,1,784,2021-2-2T15:7:20,-62.12140,-58.46250,1.1,12
2,1,785,2021-2-2T15:7:30,-62.12137,-58.170,0.0,0
2,1,786,2021-2-2T15:7:41,-62.12134,-58.46250,0.1,12
2,1,787,2021-2-2T15:7:52,-62.12131,-58.46250,0.7,12
2,1,788,2021-2-2T15:8:2,-62.12129,-58.46251,0.9,12
