1,2,64,2021-2-2T12:49:47,-62.15906,-58.47112,0.6,7
1,2,65,2021-2-2T12:49:58,-62.15911,-58.47135,1.5,8
1,2,66,2021-2-2T12:50:9,-62.15922,-58.47157,3.1,8
1,2,67,2021-2-2T12:50:19,-62.15930,-58.47181,5.3,7
1,2,68,2021-2-2T12:50:30,-62.15932,-58.47205,15.7,8
1,2,69,2021-2-2T12:50:41,-62.15938,-58.47233,19.4,8
1,2,70,2021-2-2T12:50:51,-62.15946,-58.47261,17.0,8
1,2,71,2021-2-2T12:51:2,-62.15956,-58.47293,11.8,8
1,2,72,2021-2-2T12:51:13,-62.15961,-58.47326,9.0,8
1,2,73,2021-2-2T12:51:23,-62.15965,-58.47354,9.7,8
1,2,74,2021-2-2T12:51:34,-62.15964,-58.47377,9.5,8
1,2,75,2021-2-2T12:51:45,-62.15963,-58.47404,8.4,7
1,2,77,2021-2-2T12:52:6,-62.15962,-58.47450,10.6,8
1,2,78,2021-2-2T12:52:17,-62.15959,-58.47478,9.5,7
1,2,79,2021-2-2T12:52:27,-62.15960,-58.47505,10.2,7
1,2,80,2021-2-2T12:52:38,-62.15960,-58.47534,9.4,7
1,2,81,2021-2-2T12:52:49,-62.15957,-58.47560,11.5,7
1,2,82,2021-2-2T12:52:59,-62.15956,-58.47575,13.1,8
1,2,84,2021-2-2T12:53:21,-62.15946,-58.47619,17.5,7
1,2,87,2021-2-2T12:53:53,-62.15938,-58.47658,22.7,6
1,2,89,2021-2-2T12:54:14,-62.15943,-58.47687,28.6,7
1,2,92,2021-2-2T12:54:46,-62.15938,-58.47714,35.5,7
1,2,158,2021-2-2T13:6:25,-62.15790,-58.48283,144.5,8
1,2,205,2021-2-2T13:14:41,-62.15761,-58.48390,174.5,8
1,2,4,2021-2-2T13:17:31,0.0,-1.33929,0.0,0
1,2,14,2021-2-2T13:19:16,0.0,0.15000,0.0,0
1,2,15,2021-2-2T13:19:26,0.0,0.15001,0.0,0
1,2,4,2021-2-2T13:25:56,-62.15761,-58.48390,174.3,4
1,2,1,2021-2-2T13:29:34,-62.15764,-58.48386,176.5,5
1,2,2,2021-2-2T13:29:44,-62.15764,-58.48391,174.8,0
1,2,17,2021-2-2T13:39:46,-62.15757,-58.48392,172.5,5
1,2,18,2021-2-2T13:39:56,-62.15757,-58.48393,172.1,5
1,2,48,2021-2-2T13:45:15,-62.15755,-58.48399,180.4,10
1,2,49,2021-2-2T13:45:25,-62.15756,-58.48397,181.8,10
1,2,50,2021-2-2T13:45:36,-62.15756,-58.48397,181.7,10
1,2,51,2021-2-2T13:45:47,-62.15757,-58.48400,183.9,10
1,2,52,2021-2-2T13:45:57,-62.15756,-58.48400,184.7,10
1,2,53,2021-2-2T13:46:8,-62.15757,-58.48399,185.1,10
1,2,54,2021-2-2T13:46:19,-62.15756,-58.48398,184.3,10
1,2,55,2021-2-2T13:46:29,-62.15756,-58.48398,183.3,10
1,2,56,2021-2-2T13:46:40,-62.15756,-58.48397,182.7,10
1,2,57,2021-2-2T13:46:51,-62.15755,-58.48396,181.4,9
1,2,58,2021-2-2T13:47:1,-62.15755,-58.48396,181.8,9
1,2,59,2021-2-2T13:47:12,-62.15756,-58.48397,182.4,10
1,2,60,2021-2-2T13:47:23,-62.15756,-58.48397,182.8,10
1,2,61,2021-2-2T13:47:33,-62.15756,-58.48397,183.1,10
1,2,62,2021-2-2T13:47:44,-62.15756,-58.48396,181.9,10
1,2,63,2021-2-2T13:47:55,-62.15756,-58.48396,181.0,10
1,2,64,2021-2-2T13:48:6,-62.15756,-58.48396,181.8,10
1,2,65,2021-2-2T13:48:17,-62.15755,-58.48397,182.6,10
1,2,66,2021-2-2T13:48:27,-62.15755,-58.48396,181.6,10
1,2,67,2021-2-2T13:48:38,-62.15755,-58.48396,180.7,10
1,2,68,2021-2-2T13:48:46,-62.15755,-58.48395,180.4,10
1,2,69,2021-2-2T13:48:56,-62.15755,-58.48396,180.9,10
1,2,70,2021-2-2T13:49:7,-62.15755,-58.48395,180.6,10
1,2,71,2021-2-2T13:49:18,-62.15755,-58.48396,181.0,10
1,2,72,2021-2-2T13:49:29,-62.15755,-58.48396,181.2,10
1,2,73,2021-2-2T13:49:39,-62.15755,-58.48396,181.5,10
1,2,74,2021-2-2T13:49:50,-62.15756,-58.48397,181.8,10
1,2,75,2021-2-2T13:50:1,-62.15756,-58.48396,180.2,10
1,2,76,2021-2-2T13:50:12,-62.15756,-58.48396,179.3,10
1,2,77,2021-2-2T13:50:23,-62.15756,-58.48395,179.6,10
1,2,78,2021-2-2T13:50:34,-62.15756,-58.48395,178.8,10
1,2,79,2021-2-2T13:50:44,-62.15756,-58.48395,179.8,10
1,2,80,2021-2-2T13:50:55,-62.15756,-58.48396,180.9,10
1,2,81,2021-2-2T13:51:6,-62.15756,-58.48396,180.3,10
1,2,82,2021-2-2T13:51:17,-62.15756,-58.48396,179.1,10
1,2,83,2021-2-2T13:51:27,-62.15756,-58.48396,179.7,10
1,2,84,2021-2-2T13:51:38,-62.15756,-58.48396,179.8,10
1,2,85,2021-2-2T13:51:49,-62.15756,-58.48396,179.8,10
1,2,86,2021-2-2T13:52:0,-62.15756,-58.48396,180.5,10
1,2,87,2021-2-2T13:52:11,-62.15756,-58.48397,180.8,10
1,2,88,2021-2-2T13:52:21,-62.15756,-58.48396,180.3,10
1,2,89,2021-2-2T13:52:32,-62.15756,-58.48396,179.6,10
1,2,95,2021-2-2T13:53:37,-62.15755,-58.48395,176.0,11
1,2,97,2021-2-2T13:53:58,-62.15755,-58.48395,176.2,11
1,2,98,2021-2-2T13:54:9,-62.15755,-58.48395,177.1,11
1,2,101,2021-2-2T13:54:42,-62.15755,-58.48395,176.3,11
1,2,103,2021-2-2T13:55:3,-62.15755,-58.48396,177.2,11
1,2,105,2021-2-2T13:55:25,-62.15755,-58.48395,177.3,11
1,2,106,2021-2-2T13:55:35,-62.15755,-58.48395,176.7,10
1,2,107,2021-2-2T13:55:46,-62.15755,-58.48395,176.7,10
1,2,108,2021-2-2T13:55:57,-62.15755,-58.48395,176.7,10
1,2,109,2021-2-2T13:56:7,-62.15755,-58.48395,176.9,10
1,2,110,2021-2-2T13:56:18,-62.15756,-58.48395,176.8,10
1,2,111,2021-2-2T13:56:29,-62.15756,-58.48395,176.9,10
1,2,112,2021-2-2T13:56:40,-62.15756,-58.48395,177.1,10
1,2,113,2021-2-2T13:56:50,-62.15756,-58.48395,177.4,10
1,2,114,2021-2-2T13:57:1,-62.15756,-58.48395,177.6,10
1,2,115,2021-2-2T13:57:12,-62.15756,-58.48395,178.0,10
1,2,116,2021-2-2T13:57:23,-62.15756,-58.48395,178.6,10
1,2,117,2021-2-2T13:57:33,-62.15756,-58.48395,177.3,10
1,2,118,2021-2-2T13:57:44,-62.15756,-58.48395,177.1,10
1,2,119,2021-2-2T13:57:55,-62.15756,-58.48395,176.5,10
1,2,120,2021-2-2T13:58:6,-62.15755,-58.48395,175.5,10
1,2,121,2021-2-2T13:58:16,-62.15755,-58.48395,175.8,10
1,2,123,2021-2-2T13:58:38,-62.15755,-58.48395,177.0,10
1,2,124,2021-2-2T13:58:49,-62.15755,-58.48395,176.3,10
1,2,125,2021-2-2T13:58:59,-62.15755,-58.48395,176.7,10
1,2,126,2021-2-2T13:59:10,-62.15755,-58.48395,176.3,11
1,2,127,2021-2-2T13:59:21,-62.15755,-58.48395,177.0,10
1,2,128,2021-2-2T13:59:31,-62.15755,-58.48395,178.2,10
1,2,129,2021-2-2T13:59:42,-62.15755,-58.48396,179.3,10
1,2,131,2021-2-2T14:0:3,-62.15755,-58.48396,179.3,10
1,2,132,2021-2-2T14:0:14,-62.15755,-58.48396,179.1,10
1,2,133,2021-2-2T14:0:25,-62.15755,-58.48395,179.2,10
1,2,134,2021-2-2T14:0:35,-62.15756,-58.48395,179.6,10
1,2,365,2021-2-2T14:41:15,-62.15755,-58.48395,176.0,12
1,2,434,2021-2-2T14:53:26,-62.15755,-58.48395,175.5,12
1,2,436,2021-2-2T14:53:47,-62.15755,-58.48395,175.5,12
1,2,437,2021-2-2T14:53:58,-62.15755,-58.48395,175.4,12
1,2,438,2021-2-2T14:54:9,-62.15755,-58.48395,175.7,12
1,2,439,2021-2-2T14:54:19,-62.15755,-58.48395,175.6,12
1,2,440,2021-2-2T14:54:30,-62.15755,-58.48395,175.6,12
1,2,441,2021-2-2T14:54:41,-62.15755,-58.48395,175.4,12
1,2,442,2021-2-2T14:54:51,-62.15755,-58.48395,175.2,12
1,2,443,2021-2-2T14:55:2,-62.15755,-58.48395,175.0,12
1,2,444,2021-2-2T14:55:13,-62.15754,-58.48396,174.7,12
1,2,445,2021-2-2T14:55:23,-62.15754,-58.48396,174.6,12
1,2,446,2021-2-2T14:55:34,-62.15754,-58.48395,174.3,12
1,2,447,2021-2-2T14:55:45,-62.15754,-58.48395,174.4,12
1,2,448,2021-2-2T14:55:55,-62.15754,-58.48395,174.4,12
1,2,449,2021-2-2T14:56:6,-62.15754,-58.48395,174.2,12
1,2,450,2021-2-2T14:56:17,-62.15754,-58.48395,174.4,12
1,2,451,2021-2-2T14:56:27,-62.15755,-58.48395,174.7,12
1,2,452,2021-2-2T14:56:38,-62.15755,-58.48396,174.6,12
1,2,453,2021-2-2T14:56:48,-62.15754,-58.48396,174.7,12
1,2,454,2021-2-2T14:56:59,-62.15755,-58.48396,174.9,12
1,2,455,2021-2-2T14:57:10,-62.15754,-58.48395,174.7,12
1,2,456,2021-2-2T14:57:20,-62.15754,-58.48396,174.7,12
1,2,457,2021-2-2T14:57:31,-62.15754,-58.48396,174.8,12
1,2,460,2021-2-2T14:58:3,-62.15754,-58.48396,174.9,12
1,2,461,2021-2-2T14:58:14,-62.15755,-58.48396,175.5,12
1,2,462,2021-2-2T14:58:24,-62.15754,-58.48396,175.4,12
1,2,464,2021-2-2T14:58:45,-62.15754,-58.48397,175.7,12
1,2,465,2021-2-2T14:58:56,-62.15754,-58.48398,176.0,12
1,2,466,2021-2-2T14:59:7,-62.15753,-58.48398,176.1,12
1,2,467,2021-2-2T14:59:17,-62.15754,-58.48398,175.6,12
1,2,468,2021-2-2T14:59:28,-62.15754,-58.48397,175.3,12
1,2,469,2021-2-2T14:59:39,-62.15754,-58.48397,174.7,12
1,2,470,2021-2-2T14:59:49,-62.15754,-58.48397,174.7,12
1,2,471,2021-2-2T15:0:0,-62.15754,-58.48396,174.6,12
1,2,472,2021-2-2T15:0:11,-62.15754,-58.48396,174.5,12
1,2,473,2021-2-2T15:0:22,-62.15755,-58.48396,174.4,12
1,2,477,2021-2-2T15:1:4,-62.15756,-58.48395,174.8,12
1,2,478,2021-2-2T15:1:15,-62.15756,-58.48395,175.0,12
1,2,479,2021-2-2T15:1:26,-62.15756,-58.48395,175.2,12
1,2,480,2021-2-2T15:1:36,-62.15755,-58.48396,175.3,12
1,2,481,2021-2-2T15:1:47,-62.15755,-58.48396,175.6,12
1,2,482,2021-2-2T15:1:58,-62.15755,-58.48395,175.6,12
1,2,483,2021-2-2T15:2:8,-62.15755,-58.48395,175.7,12
1,2,484,2021-2-2T15:2:19,-62.15756,-58.48395,175.6,12
1,2,485,2021-2-2T15:2:30,-62.15755,-58.48395,175.3,12
1,2,486,2021-2-2T15:2:40,-62.15755,-58.48395,175.1,12
1,2,487,2021-2-2T15:2:51,-62.15755,-58.48395,175.4,12
1,2,488,2021-2-2T15:3:2,-62.15756,-58.48395,175.4,12
1,2,491,2021-2-2T0:0:0,0.0,0.0,0.0,0
1,2,495,2021-2-2T15:4:16,-62.15755,-58.48395,175.0,12
1,2,500,2021-2-2T15:5:9,-62.15754,-58.48396,174.5,12
1,2,501,2021-2-2T15:5:19,194.0,0.0,0.0,0
1,2,502,2021-2-2T15:5:30,-62.15755,-58.48395,175.2,12
1,2,503,2021-2-2T15:5:41,-62.15755,-58.48395,175.1,12
1,2,504,2021-2-2T15:5:52,-62.15755,-58.48395,175.4,12
1,2,506,2021-2-2T15:6:13,-62.15755,-58.48395,175.4,12
1,2,507,2021-2-2T15:6:24,-62.15756,-58.48395,176.2,12
1,2,509,2021-2-2T15:6:45,-62.15756,-58.48395,176.4,12
1,2,510,2021-2-2T15:6:56,-62.15756,-58.48395,176.5,12
1,2,511,2021-2-2T15:7:6,-62.15756,-58.48395,176.3,12
1,2,512,2021-2-2T15:7:17,-62.15756,-58.48395,175.3,12
1,2,513,2021-2-2T15:7:28,-62.15756,-58.48395,174.6,12
1,2,514,2021-2-2T15:7:38,-62.15756,-58.48395,174.6,12
1,2,515,2021-2-2T15:7:49,-62.15756,-58.48395,174.2,12
1,2,517,2021-2-2T15:8:10,-62.15756,-58.48395,173.8,12
1,2,518,2021-2-2T15:8:21,-62.15756,-58.48395,173.9,12
1,2,519,2021-2-2T15:8:32,-62.15756,-58.48395,174.0,12
1,2,520,2021-2-2T15:8:43,-62.15756,-58.48395,174.0,12
1,2,530,2021-2-2T15:10:29,-62.15757,-58.48394,176.6,12
1,2,531,2021-2-2T15:10:40,-62.15757,-58.48394,176.6,12
1,2,538,2021-2-2T15:11:54,-62.15755,-58.48395,173.5,12
1,2,539,2021-2-2T15:12:5,-62.15755,-58.48395,173.8,12
1,2,540,2021-2-2T15:12:15,-62.15755,-58.48395,173.9,12
1,2,541,2021-2-2T15:12:26,-62.15755,-58.48396,174.2,12
1,2,543,2021-2-2T15:12:47,-62.15755,-58.48396,175.5,12
1,2,544,2021-2-2T15:12:58,-62.15755,-58.48396,175.2,12
1,2,546,2021-2-2T15:13:19,-62.15755,-58.48395,174.9,11
1,2,684,2021-2-2T15:37:32,-62.15755,-58.48395,176.0,11
1,2,685,2021-2-2T15:37:42,-62.15756,-58.48395,176.6,11
1,2,712,2021-2-2T15:42:29,-62.15756,-58.48396,176.9,11
1,2,723,2021-2-2T15:44:27,-62.15756,-58.48396,176.2,11
1,2,724,2021-2-2T15:44:37,-62.15756,-58.48396,177.0,11
1,2,741,2021-2-2T15:47:38,-62.15755,-58.48395,174.2,11
1,2,742,2021-2-2T15:47:49,-62.15755,-58.48396,174.4,11
1,2,782,2021-2-2T15:54:52,-62.15755,-58.48394,173.9,11
1,2,880,2021-2-2T16:12:6,-62.15754,-58.48395,172.0,11
1,2,881,2021-2-2T16:12:17,-62.15754,-58.48395,172.2,11
1,2,882,2021-2-2T16:12:28,-62.15754,-58.48395,173.0,11
1,2,883,2021-2-2T16:12:38,-62.15754,-58.48395,173.0,11
1,2,884,2021-2-2T16:12:49,-62.15755,-58.48395,173.2,11
1,2,885,2021-2-2T16:13:0,-62.15755,-58.48395,173.1,11
1,2,886,2021-2-2T16:13:10,-62.15755,-58.48395,173.3,11
1,2,887,2021-2-2T16:13:21,-62.15755,-58.48395,173.0,11
1,2,888,2021-2-2T16:13:32,-62.15755,-58.48395,173.4,11
1,2,889,2021-2-2T16:13:42,-62.15756,-58.48395,173.5,11
1,2,891,2021-2-2T16:14:4,-62.15756,-58.48395,174.2,11
1,2,892,2021-2-2T16:14:14,-62.15756,-58.48395,174.3,11
1,2,893,2021-2-2T16:14:25,-62.15756,-58.48395,174.7,11
1,2,894,2021-2-2T16:14:36,-62.15756,-58.48396,174.6,11
1,2,895,2021-2-2T16:14:46,-62.15756,-58.48396,174.6,11
1,2,896,2021-2-2T16:14:57,-62.15755,-58.48396,174.6,11
1,2,897,2021-2-2T16:15:8,-62.15755,-58.48396,174.8,11
1,2,898,2021-2-2T16:15:18,-62.15755,-58.48396,174.6,11
1,2,902,2021-2-2T16:16:1,-62.15755,-58.48396,174.4,11
1,2,903,2021-2-2T16:16:12,-62.15755,-58.48396,174.4,11
1,2,904,2021-2-2T16:16:23,-62.15755,-58.48397,174.5,11
1,2,908,2021-2-2T16:17:5,-62.15755,-58.48396,173.8,11
1,2,910,2021-2-2T16:17:26,-62.15755,-58.48396,174.9,11
1,2,911,2021-2-2T16:17:37,-62.15755,-58.48396,175.0,11
1,2,912,2021-2-2T16:17:48,-62.15756,-58.48396,174.8,11
1,2,913,2021-2-2T16:17:58,-62.15755,-58.48396,174.6,11
1,2,914,2021-2-2T16:18:9,-62.15755,-58.48396,174.6,11
1,2,915,2021-2-2T16:18:20,-62.15755,-58.48396,174.3,11
1,2,916,2021-2-2T16:18:30,-62.15755,-58.48396,174.2,11
1,2,917,2021-2-2T16:18:41,-62.15756,-58.48396,174.4,11
1,2,918,2021-2-2T16:18:52,-62.15755,-58.48397,174.4,11
1,2,919,2021-2-2T16:19:2,-62.15755,-58.48397,174.2,11
1,2,920,2021-2-2T16:19:13,-62.15755,-58.48396,174.2,11
1,2,921,2021-2-2T16:19:24,-62.15755,-58.48396,174.2,11
1,2,922,2021-2-2T16:19:34,-62.15755,-58.48396,174.4,11
1,2,923,2021-2-2T16:19:45,-62.15755,-58.48396,174.6,11
1,2,924,2021-2-2T16:19:56,-62.15755,-58.48396,174.5,11
1,2,925,2021-2-2T16:20:7,-62.15755,-58.48396,174.3,11
1,2,926,2021-2-2T16:20:17,-62.15755,-58.48396,173.8,11
1,2,927,2021-2-2T16:20:28,-62.15755,-58.48396,173.7,11
1,2,929,2021-2-2T16:20:49,-62.15755,-58.48395,173.3,11
1,2,933,2021-2-2T16:21:32,-62.15754,-58.48395,172.0,11
1,2,934,2021-2-2T16:21:43,-62.15754,-58.48395,172.1,11
1,2,935,2021-2-2T16:21:53,-62.15754,-58.48395,171.8,11
1,2,936,2021-2-2T16:22:4,-62.15754,-58.48395,171.9,11
1,2,937,2021-2-2T16:22:15,-62.15755,-58.48395,172.2,11
1,2,938,2021-2-2T16:22:25,-62.15755,-58.48395,172.3,11
1,2,939,2021-2-2T16:22:36,-62.15754,-58.48395,172.1,11
1,2,941,2021-2-2T16:22:57,-62.15754,-58.48395,171.4,11
1,2,942,2021-2-2T16:23:8,-62.15755,-58.48395,171.4,11
1,2,950,2021-2-2T16:24:33,-62.15754,-58.48395,171.5,11
1,2,955,2021-2-2T16:25:27,-62.15754,-58.48395,172.4,11
1,2,956,2021-2-2T16:25:38,-62.15754,-58.48395,172.4,11
1,2,957,2021-2-2T16:25:48,-62.15754,-58.48395,172.1,11
1,2,962,2021-2-2T16:26:41,-62.15754,-58.48395,171.9,11
1,2,996,2021-2-2T16:32:40,-62.15755,-58.48396,174.8,12
1,2,997,2021-2-2T16:32:51,-62.15755,-58.48396,174.8,12
1,2,1027,2021-2-2T16:38:9,-62.15755,-58.48396,173.6,12
1,2,1893,2021-2-2T19:10:53,-62.15753,-58.48395,171.6,10
1,2,1894,2021-2-2T19:11:4,-62.15752,-58.48396,171.3,10
1,2,1895,2021-2-2T19:11:15,-62.15753,-58.48395,171.9,10
1,2,1896,2021-2-2T19:11:26,-62.15753,-58.48395,171.5,10
1,2,1897,2021-2-2T19:11:36,-62.15753,-58.48395,171.7,10
1,2,1898,2021-2-2T19:11:47,-62.15753,-58.48396,171.0,10
1,2,1899,2021-2-2T19:11:58,-62.15753,-58.48396,171.3,10
1,2,1900,2021-2-2T19:12:9,-62.15753,-58.48396,171.4,10
1,2,1901,2021-2-2T19:12:20,-62.15754,-58.48396,171.9,10
1,2,1905,2021-2-2T19:13:3,-62.15754,-58.48395,172.9,11
1,2,1924,2021-2-2T19:16:24,-62.15754,-58.48396,172.3,12
1,2,1925,2021-2-2T19:16:35,-62.15754,-58.48396,172.5,12
1,2,1926,2021-2-2T19:16:46,-62.15753,-58.48396,172.6,12
1,2,1928,2021-2-2T19:17:7,-62.15753,-58.48396,173.2,12
1,2,1929,2021-2-2T19:17:18,-62.15754,-58.48396,173.1,12
1,2,1930,2021-2-2T19:17:29,-62.15754,-58.48397,173.3,12
1,2,1931,2021-2-2T19:17:40,-62.15753,-58.48397,172.8,12
1,2,1932,2021-0-0T0:0:0,0.0,0.0,0.0,0
1,2,1933,2021-2-2T19:18:1,-62.15754,-58.48397,173.3,12
1,2,1934,2021-2-2T19:18:12,-62.15753,-58.48397,173.1,12
1,2,1935,2021-2-2T19:18:23,-62.15753,-58.48397,173.1,12
1,2,1936,2021-2-2T19:18:34,-62.15754,-58.48397,174.2,12
1,2,1937,2021-2-2T19:18:44,-62.15755,-58.48396,174.2,12
1,2,1938,2021-2-2T19:18:55,-62.15755,-58.48396,173.8,12
1,2,1939,2021-2-2T19:19:6,-62.15755,-58.48396,173.9,12
1,2,1940,2021-2-2T19:19:17,-62.15755,-58.48396,174.1,12
1,2,1941,2021-2-2T19:19:28,-62.15755,-58.48396,174.0,12
1,2,150,200-0-0T0:0:0,0.0,0.0,0.0,0
1,2,1943,2021-2-2T19:19:49,-62.15755,-58.48396,174.0,12
1,2,1944,2021-2-2T19:20:0,-62.15755,-58.48396,174.2,12
1,2,1945,2021-2-2T19:20:11,-62.15755,-58.48396,174.3,12
1,2,1946,2021-2-2T19:20:22,-62.15755,-58.48396,174.2,12
1,2,1947,2021-2-2T19:20:33,-62.15755,-58.48396,174.3,12
1,2,1948,2021-2-2T19:20:43,-62.15755,-58.48395,174.4,12
1,2,1949,2021-2-2T19:20:54,-62.15755,-58.48395,174.2,12
1,2,1950,2021-2-2T19:21:5,-62.15755,-58.48395,174.1,12
1,2,1951,2021-2-2T19:21:16,-62.15755,-58.48396,174.2,12
1,2,1952,2021-2-2T19:21:27,-62.15755,-58.48396,174.2,12
1,2,1953,2021-2-2T19:21:37,-62.15755,-58.48396,174.3,12
1,2,1954,2021-2-2T19:21:48,-62.15754,-58.48395,173.7,12
1,2,1955,2021-2-2T19:21:59,-62.15755,-58.48396,174.2,12
1,2,1956,2021-2-2T19:22:10,-62.15754,-58.48396,174.3,12
1,2,1957,2021-2-2T19:22:21,-62.15755,-58.48395,174.2,12
1,2,1958,2021-2-2T19:22:31,-62.15755,-58.48395,174.4,12
1,2,1959,2021-2-2T19:22:42,-62.15755,-58.48396,174.7,12
1,2,1960,2021-2-2T19:22:53,-62.15755,-58.48396,174.3,12
1,2,1961,2021-2-2T19:23:4,-62.15755,-58.48396,174.3,12
1,2,1962,2021-2-2T19:23:15,-62.15755,-58.48396,174.0,12
1,2,1963,2021-2-2T19:23:25,-62.15755,-58.48396,173.8,12
1,2,1964,2021-2-2T19:23:36,-62.15755,-58.48396,174.1,12
1,2,1965,2021-2-2T19:23:47,-62.15755,-58.48395,174.0,12
1,2,1969,2021-2-2T19:24:30,-62.15755,-58.48396,174.7,12
1,2,1971,2021-2-2T19:24:51,-62.15755,-58.48396,174.8,12
1,2,1973,2021-2-2T19:25:13,-62.15755,-58.48396,174.9,12
1,2,1974,2021-2-2T19:25:24,-62.15755,-58.48396,175.2,12
1,2,1975,2021-2-2T19:25:34,-62.15755,-58.48396,175.3,12
1,2,1976,2021-2-2T19:25:45,-62.15755,-58.48396,175.3,12
1,2,1977,2021-2-2T19:25:56,-62.15755,-58.48396,175.2,12
1,2,1978,2021-2-2T19:26:7,-62.15755,-58.48396,175.3,12
1,2,1979,2021-2-2T19:26:17,-62.15755,0.0,0.0,0
1,2,1980,2021-2-2T19:26:28,-62.15755,-58.48395,174.5,12
1,2,1982,2021-2-2T19:26:50,-62.15755,-58.48396,174.5,12
1,2,1984,2021-2-2T19:27:11,-62.15755,-58.48396,175.0,12
1,2,1985,2021-2-2T19:27:22,-62.15755,-58.48396,175.3,12
1,2,1998,2021-2-2T19:29:42,-62.15755,-58.48396,176.0,12
1,2,2002,2021-2-2T19:30:25,-62.15755,-58.48396,175.9,11
1,2,2004,2021-2-2T19:30:47,-62.15754,-58.48397,175.8,11
1,2,2005,2021-2-2T19:30:57,-62.15754,-58.48397,175.2,11
1,2,2006,2021-2-2T19:31:8,-62.15754,-58.48397,174.8,11
1,2,2007,2021-2-2T19:31:19,-62.15754,-58.48397,175.0,11
1,2,2008,2021-2-2T19:31:30,-62.15755,-58.48397,175.5,11
1,2,2009,2021-2-2T19:31:40,-62.15755,-58.48396,175.2,11
1,2,2010,2021-2-2T19:31:51,-62.15755,-58.48396,175.4,11
1,2,2011,2021-2-2T19:32:2,-62.15755,-58.48396,175.2,11
1,2,2013,2021-2-2T0:0:0,0.0,0.0,0.0,0
1,2,2014,2021-2-2T19:32:34,-62.15755,-58.48395,175.5,11
1,2,2015,2021-2-2T19:32:45,-62.15755,-58.48395,174.7,11
1,2,2016,2021-2-2T19:32:56,-62.15755,-58.48395,174.2,11
1,2,2017,2021-2-2T19:33:7,-62.15755,-58.48395,173.8,11
1,2,2019,2021-2-2T19:33:28,-62.15755,-58.48395,174.5,11
1,2,2020,2021-2-2T19:33:39,-62.15755,-58.48395,174.5,11
1,2,2021,2021-2-2T19:33:50,-62.15755,-58.48395,174.8,11
1,2,2022,2021-2-2T19:34:0,-62.15755,-58.48395,175.0,11
1,2,2023,2021-2-2T19:34:11,-62.15755,-58.48395,175.6,11
1,2,2024,2021-2-2T19:34:22,-62.15755,-58.48395,176.1,11
1,2,2025,2021-2-2T19:34:33,-62.15755,-58.48395,176.0,11
1,2,2026,2021-2-2T19:34:43,-62.15755,-58.48395,176.0,11
1,2,2027,2021-2-2T19:34:54,-62.15755,-58.48395,175.5,11
1,2,2028,2021-2-2T19:35:5,-62.15755,-58.48395,175.3,11
1,2,2029,2021-2-2T19:35:16,-62.15755,-58.48395,175.3,12
1,2,2030,2021-2-2T19:35:27,-62.15754,-58.48395,175.0,11
1,2,2031,2021-2-2T19:35:37,-62.15755,-58.48395,175.3,11
1,2,2032,2021-2-2T19:35:48,-62.15755,-58.48395,175.5,11
1,2,2033,2021-2-2T19:35:59,-62.15755,-58.48395,175.1,11
1,2,2034,2021-2-2T19:36:10,-62.15755,-58.48395,175.1,11
1,2,2035,2021-2-2T19:36:21,-62.15755,-58.48395,174.7,11
1,2,2036,2021-2-2T19:36:31,-62.15755,-58.48395,174.5,11
1,2,2037,2021-2-2T19:36:42,-62.15755,-58.48395,174.9,11
1,2,2038,2021-2-2T19:36:53,-62.15755,-58.48395,174.5,11
1,2,2039,2021-2-2T19:37:4,-62.15755,-58.48395,174.8,11
1,2,2040,2021-2-2T19:37:15,-62.15755,-58.48394,174.6,11
1,2,2041,2021-2-2T19:37:26,-62.15755,-58.48395,174.7,11
1,2,2042,2021-2-2T19:37:36,-62.15755,-58.48395,174.9,11
1,2,2043,2021-2-2T19:37:47,-62.15755,-58.48395,175.2,11
1,2,2044,2021-2-2T19:37:58,-62.15755,-58.48395,175.5,12
1,2,2045,2021-2-2T19:38:9,-62.15755,-58.48395,176.0,11
1,2,2046,2021-2-2T19:38:20,-62.15755,-58.48395,175.9,11
1,2,2047,2021-2-2T19:38:30,-62.15755,-58.48395,175.9,10
1,2,2048,2021-2-2T19:38:41,-62.15755,-58.48395,176.0,11
1,2,2049,2021-2-2T19:38:52,-62.15755,-58.48395,175.9,11
1,2,2050,2021-2-2T19:39:3,-62.15755,-58.48395,176.0,11
1,2,2051,2021-2-2T19:39:14,-62.15755,-58.48395,176.2,11
1,2,2052,2021-2-2T19:39:25,-62.15755,-58.48395,176.3,11
1,2,2053,2021-2-2T19:39:35,-62.15755,-58.48395,176.5,11
1,2,2054,2021-2-2T19:39:46,-62.15755,-58.48396,176.5,11
1,2,2055,2021-2-2T19:39:57,-62.15755,-58.48396,176.5,11
1,2,2056,2021-2-2T19:40:8,-62.15754,-58.48396,176.1,11
1,2,2057,2021-2-2T19:40:19,-62.15754,-58.48396,176.2,11
1,2,2058,2021-2-2T19:40:30,-62.15754,-58.48396,176.0,12
1,2,2059,2021-2-2T19:40:40,-62.15754,-58.48396,176.0,12
1,2,2060,2021-2-2T19:40:51,-62.15754,-58.48396,175.7,12
1,2,2061,2021-2-2T19:41:2,-62.15754,-58.48396,175.7,12
1,2,2062,2021-2-2T19:41:13,-62.15754,-58.48396,176.0,12
1,2,2063,2021-2-2T19:41:24,-62.15754,-58.48396,176.0,12
1,2,2064,2021-2-2T19:41:34,-62.15755,-58.48396,176.5,12
1,2,2065,2021-2-2T19:41:45,-62.15754,-58.48396,176.7,12
1,2,2066,2021-2-2T19:41:56,-62.15755,-58.48396,176.4,12
1,2,2067,2021-2-2T19:42:7,-62.15755,-58.48396,176.3,11
1,2,2068,2021-2-0T0:0:0,0.0,0.0,0.0,0
1,2,2069,2021-2-2T19:42:28,-62.15755,-58.48395,176.1,11
1,2,2070,2021-2-2T19:42:39,-62.15755,-58.48395,175.9,11
1,2,2071,2021-2-2T19:42:50,-62.15755,-58.48395,176.2,11
1,2,2073,2021-2-2T19:43:11,-62.15755,-58.48396,176.3,11
1,2,2077,2021-2-2T19:43:55,-62.15755,-58.48397,178.5,11
1,2,2080,2021-2-2T19:44:27,-62.15755,-58.48396,178.3,10
1,0,0,200-0-0T0:0:0,0.0,0.0,0.0,0
1,2,2082,2021-2-2T19:44:48,-62.15755,-58.48396,177.9,10
1,2,2083,2021-2-2T19:44:59,-62.15755,-58.48396,177.6,10
1,2,2084,2021-2-2T19:45:10,-62.15755,-58.48396,177.3,10
1,2,2085,2021-2-2T19:45:21,-62.15755,-58.48396,176.9,10
1,2,2086,2021-2-2T19:45:31,-62.15755,-58.48396,177.3,10
1,2,2087,2021-2-2T19:45:42,-62.15755,-58.48395,177.4,10
1,2,2088,2021-2-2T19:45:53,-62.15755,-58.48395,177.5,10
1,2,2089,2021-2-2T19:46:4,-62.15755,-58.48395,178.1,10
1,2,2090,2021-2-2T19:46:15,-62.15755,-58.48395,178.2,10
1,2,2091,2021-2-2T19:46:25,-62.15755,-58.48395,178.1,10
1,2,2092,2021-2-2T19:46:36,-62.15755,-58.48395,178.1,10
1,2,2093,2021-2-2T19:46:47,-62.15755,-58.48396,178.5,10
1,2,2097,2021-2-2T19:47:30,-62.15754,-58.48397,177.5,10
1,2,2098,2021-2-2T19:47:41,-62.15754,-58.48397,177.1,10
1,2,2099,2021-2-2T19:47:51,-62.15754,-58.48397,177.7,10
1,2,2100,2021-2-2T19:48:2,-62.15754,-58.48397,178.8,10
1,2,2101,2021-2-2T19:48:13,-62.15755,-58.48397,179.0,10
1,2,2102,2021-2-2T19:48:24,-62.15755,-58.48397,178.9,10
1,2,2103,2021-2-2T19:48:35,-62.15755,-58.48396,178.9,10
1,2,2104,2021-2-2T19:48:46,-62.15755,-58.48396,178.5,10
1,2,2105,2021-2-2T19:48:56,-62.15755,-58.48396,178.8,10
1,2,2107,2021-2-2T19:49:18,-62.15755,-58.48396,178.9,10
1,2,2108,2021-2-2T19:49:29,-62.15754,-58.48397,178.5,11
1,2,2109,2021-2-2T19:49:40,-62.15755,-58.48397,179.2,10
1,2,2110,2021-2-2T19:49:50,-62.15755,-58.48397,179.3,10
1,2,2176,2021-2-2T20:1:28,-62.15755,-58.48396,180.3,9
1,2,2177,2021-2-2T20:1:39,-62.15755,-58.48396,181.1,9
1,2,2178,2021-2-2T20:1:50,-62.15755,-58.48396,180.6,9
1,2,2179,2021-2-2T20:2:1,-62.15755,-58.48396,180.1,9
1,2,2180,2021-2-2T20:2:11,-62.15754,-58.48396,180.1,9
1,2,2181,2021-2-2T20:2:22,-62.15754,-58.48396,179.1,9
1,2,2182,2021-2-2T20:2:33,-62.15755,-58.48396,179.0,9
1,2,2183,2021-2-2T20:2:44,-62.15754,-58.48396,179.4,9
1,2,2184,2021-2-2T20:2:55,-62.15754,-58.48396,178.9,9
1,2,2185,2021-2-2T20:3:5,-62.15754,-58.48395,179.3,9
1,2,2186,2021-2-2T20:3:16,-62.15754,-58.48395,179.7,9
1,2,2189,2021-2-2T20:3:48,-62.15755,-58.48395,178.4,9
1,2,2190,2021-2-2T20:3:59,-62.15755,-58.48395,177.7,9
1,2,2191,2021-2-2T20:4:10,-62.15755,-58.48395,177.7,9
1,2,2192,2021-2-2T20:4:21,-62.15755,-58.48396,179.3,9
1,2,2194,2021-2-2T20:4:42,-62.15754,-58.48396,177.0,9
1,2,2198,2021-2-2T20:5:25,-62.15754,-58.48395,176.3,9
1,2,2199,2021-2-2T20:5:36,-62.15754,-58.48395,176.9,9
1,2,2201,2021-2-2T20:5:57,-62.15755,-58.48394,177.4,9
1,2,2202,2021-2-2T20:6:8,-62.15755,198.0,0.0,0
1,2,2203,2021-2-2T20:6:19,-62.15755,-58.48393,177.9,9
1,2,2215,2021-2-2T20:8:28,-62.15756,-58.48394,178.7,9
1,2,2218,2021-2-2T20:9:1,-62.15755,-58.48394,180.2,9
1,2,2220,2021-2-2T20:9:23,-62.15755,-58.48394,180.5,9
1,2,2222,2021-2-2T20:9:44,-62.15755,-58.48395,179.7,9
1,2,2223,2021-2-2T20:9:55,-62.15754,-58.48395,179.4,9
1,2,2224,2021-2-2T20:10:6,-62.15754,-58.48395,178.9,9
1,2,2225,2021-2-2T20:10:17,-62.15755,-58.48396,178.2,9
1,2,2228,2021-2-2T20:10:49,-62.15755,-58.48395,180.4,9
1,2,2229,2021-2-2T20:11:0,-62.15755,-58.48395,179.8,9
1,2,2231,2021-2-2T20:11:22,-62.15755,-58.48395,181.2,9
1,2,2232,2021-2-2T20:11:32,-62.15755,-58.48395,181.3,9
1,2,2233,2021-2-2T20:11:43,-62.15755,-58.48396,180.2,9
1,2,2235,2021-2-2T20:12:5,-62.15755,-58.48396,180.4,9
1,2,2236,2021-2-2T20:12:15,-62.15755,-58.48396,179.6,9
1,2,2237,2021-2-2T20:12:26,-62.15755,-58.48396,178.8,9
1,2,2238,2021-2-2T20:12:37,-62.15755,-58.48395,178.2,9
1,2,2239,2021-2-2T20:12:48,-62.15755,-58.48396,178.7,9
1,2,2241,2021-2-2T20:13:10,-62.15755,-58.48396,177.2,9
1,2,2242,2021-2-2T20:13:20,-62.15755,-58.48396,178.2,9
1,2,2243,2021-2-2T20:13:31,-62.15755,-58.48396,180.0,9
1,2,2245,2021-2-2T20:13:53,-62.15755,-58.48396,180.2,9
1,2,2246,2021-2-2T20:14:4,-62.15755,-58.48396,179.7,9
1,2,2247,2021-2-2T20:14:14,-62.15755,-58.48396,180.0,9
1,2,2248,2021-2-2T20:14:25,-62.15755,-58.48396,180.1,9
1,2,2249,2021-2-2T20:14:36,-62.15754,-58.48396,180.7,9
1,2,2250,2021-2-2T20:14:47,-62.15754,-58.48396,182.3,9
1,2,2251,2021-2-2T20:14:57,-62.15754,-58.48396,182.7,9
1,2,2254,2021-2-2T20:15:30,-62.15755,-58.48395,180.6,9
1,2,2255,2021-2-2T20:15:40,-62.15755,-58.48395,180.5,9
1,2,2256,2021-2-2T20:15:51,-62.15755,-58.48395,180.5,9
