2,1,1225,2021-2-2T16:25:6,-62.15939,-58.51369,3.1,11
2,1,1226,2021-2-2T16:25:17,-62.15943,-58.51380,5.7,10
2,1,1227,2021-2-2T16:25:27,-62.15944,-58.51387,6.3,10
2,1,1228,2021-2-2T16:25:38,-62.15945,-58.51395,5.9,10
2,1,1229,2021-2-2T16:25:49,-62.15945,-58.51402,5.8,10
2,1,1230,2021-2-2T16:25:59,-62.15945,-58.51408,5.0,0
2,1,1234,2021-2-2T16:26:42,-62.15950,-58.51430,3.8,11
2,1,1235,2021-2-2T16:26:52,-62.15951,-58.51435,4.4,11
2,1,1239,2021-2-2T16:27:35,-62.15955,-58.51452,6.9,11
2,1,1245,2021-2-2T16:28:38,-62.15961,-58.51468,3.9,11
2,1,1247,2021-2-2T16:28:59,-62.15962,-58.51471,4.5,11
2,1,1252,2021-2-2T16:29:52,-62.15970,-58.51491,3.9,12
20033,12332,12334,2052-55-44T49:54:46,13878.2573,0.0,0.0,0
2,1,1262,2021-2-2T16:31:37,-62.15973,-58.51556,3.2,12
2,1,1268,2021-2-2T16:32:41,-62.16321,-58.52324,2.8,11
2,1,1269,2021-2-2T16:32:51,-62.16388,-58.52475,3.0,11
2,1,1270,2021-2-2T16:33:2,-62.16462,-58.52633,2.9,11
12334,11317,11824,2048-53-49T44:49:54,14126.2573,0.0,0.0,0
2,1,1321,2021-2-2T16:42:2,-62.17027,-58.54508,2.2,10
2,1,1326,2021-2-2T16:42:55,-62.17031,-58.54539,0.1,10
2,1,1332,2021-2-2T16:43:58,-62.17041,-58.54566,0.9,9
2,1,1339,2021-2-2T16:45:12,-62.17055,-58.78,0.0,0
2,1,1343,2021-2-2T16:45:55,-62.17066,-58.54763,5.4,10
2,1,1353,2021-2-2T16:47:41,-62.17268,-58.56257,2.6,9
2,1,1359,2021-2-2T16:48:45,-62.17269,-58.56316,1.3,9
16718,11342,11824,2048-53-54T44:49:54,13870.658742,0.0,0.0,0
2,1,1373,2021-2-2T16:51:13,-62.17281,-58.56381,1.0,0
2,1,1375,2021-2-2T16:51:35,-62.17272,-58.56422,0.4,11
2,1,1377,2021-2-2T16:51:56,-62.17324,-58.56763,1.0,10
2,1,1389,2021-2-2T16:54:3,-62.17505,-58.58070,1.5,10
2,1,1397,2021-2-2T16:55:28,-62.17507,-58.58121,0.3,10
2,1,1421,2021-2-2T16:59:43,-62.17764,-58.59960,3.4,12
16718,11342,11824,2048-53-51T44:49:54,13614.658744,0.0,0.0,0
16718,11342,11824,2048-53-51T44:49:54,13358.658743,0.0,0.0,0
20033,12332,12334,2054-49-44T49:54:46,14131.2573,0.0,0.0,0
16718,11342,11824,2048-52-52T44:49:54,12846.658740,0.0,0.0,0
16718,11342,11824,2048-52-54T44:49:54,12590.2573,0.0,0.0,0
13616,12332,12334,2051-56-44T49:53:46,14137.2573,0.0,0.0,0
2,1,1741,2021-2-2T17:56:19,-62.18089,-58.61280,2.2,12
2,1,1742,2021-2-2T17:56:29,-62.18062,-58.61119,2.8,12
2,1,1745,2021-2-2T17:57:1,-62.17982,-58.60554,3.3,12
2,1,1746,2021-2-2T17:57:12,-62.17952,-58.60360,3.4,12
2,1,1747,2021-2-2T17:57:22,-62.17925,-58.60183,3.7,12
2,1,1748,2021-2-2T17:57:33,-62.17903,-58.59985,4.0,12
2,1,1750,2021-2-2T17:57:54,-62.17862,-58.59607,4.6,12
2,1,1751,2021-2-2T17:58:5,-62.17833,-58.59413,3.8,12
2,1,1752,2021-2-2T17:58:15,-62.17807,-58.59236,3.9,12
2,1,1753,2021-2-2T17:58:26,-62.17784,-58.59040,4.0,12
2,1,1755,2021-2-2T17:58:47,-62.17731,-58.58666,3.8,12
2,1,1756,2021-2-2T17:58:58,-62.17708,-58.58466,2.9,12
2,1,1757,2021-2-2T17:59:8,-62.17687,-58.58286,3.2,12
2,1,1760,2021-2-2T17:59:40,-62.17632,-58.57703,3.2,12
2,1,1761,2021-2-2T17:59:51,-62.17616,-58.57499,3.7,12
2,1,1762,2021-2-2T18:0:1,-62.17605,-58.57316,3.4,11
16718,11342,11824,2048-53-52T44:49:53,14382.658737,0.0,0.0,0
2,1,1763,2021-2-2T18:0:12,-62.17586,-58.57116,3.0,12
2,1,0,200-0-0T0:0:0,0.0,0.0,0.0,0
20033,12332,12334,2051-56-44T49:53:46,14134.2573,0.0,0.0,0
20033,12332,12334,2052-44-49T53:46:53,3377.10,0.0,0.0,0
20033,12332,12334,2051-52-44T49:53:46,13875.2573,0.0,0.0,0
16718,11342,11824,2048-50-55T44:49:53,12590.658743,0.0,0.0,0
16718,11342,11824,2048-51-49T44:49:53,2573.0,0.0,0.0,0
16718,11342,11824,2048-51-50T44:49:52,14382.658738,0.0,0.0,0
2,1,2151,2021-2-2T19:8:50,-62.17208,-58.53049,1.0,12
2,1,2152,2021-2-2T19:9:0,-62.17138,-58.52925,1.1,11
2,1,2156,2021-2-2T19:9:43,-62.16840,-58.52369,1.6,11
2,1,2157,2021-2-2T19:9:53,-62.16772,-58.52226,1.4,12
16718,11342,11824,2048-51-52T44:49:52,13870.658738,0.0,0.0,0
2,1,2160,2021-2-2T19:10:25,-62.16545,-58.51798,0.2,12
2,1,2161,2021-2-2T19:10:36,-62.16464,-58.51654,0.3,12
2,1,2162,2021-2-2T19:10:46,-62.16392,-58.51512,0.1,0
2,1,2163,2021-2-2T19:10:57,-62.16314,-58.51357,0.1,11
2,1,2164,2021-2-2T19:11:8,-62.16234,-58.51207,0.1,11
2,1,2165,2021-2-2T19:11:19,-62.16157,-58.51053,0.1,10
2,1,2166,2021-2-2T19:11:30,-62.16077,-58.50902,0.2,10
2,1,2167,2021-2-2T19:11:40,-62.16006,-58.0,0.0,0
2,1,2168,2021-2-2T19:11:51,-62.15932,-58.50601,1.1,11
2,1,2169,2021-2-2T19:12:2,-62.15858,-58.50437,1.6,11
2,1,2170,2021-2-2T19:12:13,-62.15789,-58.50266,2.3,11
2,1,2171,2021-2-2T19:12:24,-62.15719,-58.50093,1.5,12
2,1,2172,2021-2-2T19:12:34,-62.15660,-58.49930,1.7,11
2,1,2175,2021-2-2T19:13:6,-62.15502,-58.49359,2.2,11
2,1,2178,2021-2-2T19:13:38,-62.15354,-58.48794,1.3,10
2,1,2181,2021-2-2T19:14:10,-62.15328,-58.48689,3.2,10
2,1,2182,2021-2-2T19:14:21,-62.15324,-58.48660,2.9,10
2,1,2194,2021-2-2T19:16:28,-62.15334,-58.47692,0.6,12
2,1,2195,2021-2-2T19:16:39,-62.15347,-58.47547,1.5,11
2,1,2196,2021-2-2T19:16:50,-62.15367,-58.47413,2.8,11
2,1,2197,2021-2-2T19:17:0,-62.15382,-58.47316,1.6,11
2,1,2198,2021-2-2T19:17:11,-62.15408,-58.47199,1.8,11
2,1,2199,2021-2-2T19:17:22,-62.15457,-58.47106,2.2,11
2,1,2200,2021-2-2T19:17:33,-62.15512,-58.47040,1.9,10
2,1,2201,2021-2-2T19:17:44,-62.15568,-58.46986,1.8,11
2,1,2202,2021-2-2T19:17:54,-62.15619,-58.46965,2.7,11
2,1,2203,2021-2-2T19:18:5,-62.15685,-58.47015,2.5,11
2,1,2204,2021-2-2T19:18:16,-62.15755,-58.47115,2.5,10
2,1,2205,2021-2-2T19:18:27,-62.15790,-58.47165,2.1,11
2,1,2207,2021-2-2T19:18:48,-62.15814,-58.47227,1.6,11
2,1,2208,2021-2-2T19:18:59,-62.15820,-58.47238,1.3,12
2,1,2209,2021-2-2T19:19:10,-62.15822,-58.47247,2.0,11
2,1,2210,2021-2-2T19:19:21,-62.15824,-58.47250,2.4,12
2,1,2211,2021-2-2T19:19:32,-62.15826,-58.47255,2.9,12
2,1,2212,2021-2-2T19:19:42,-62.15829,-58.47260,3.2,12
2,1,2213,2021-2-2T19:19:53,-62.15835,-58.47265,2.4,12
16718,11342,11824,2048-49-57T44:49:52,13358.658742,0.0,0.0,0
2,1,2214,2021-2-2T19:20:4,-62.15839,-58.47266,2.1,12
2,1,2215,2021-2-2T19:20:15,-62.15838,-58.47265,2.3,11
2,1,2216,2021-2-2T19:20:26,-62.15842,-58.47263,2.0,11
2,1,2217,2021-2-2T19:20:36,-62.15846,-58.47265,1.9,11
2,1,2218,2021-2-2T19:20:47,-62.15846,-58.47266,1.9,10
2,1,2219,2021-2-2T19:20:58,-62.15844,-58.47263,2.1,11
2,1,2220,2021-2-2T19:21:9,-62.15838,-58.47256,2.2,10
2,1,2221,2021-2-2T19:21:20,-62.15831,-58.47246,2.2,12
2,1,2222,2021-2-2T19:21:30,-62.15826,-58.47233,2.4,11
2,1,2223,2021-2-2T19:21:41,-62.15821,-58.47227,2.3,12
2,1,2224,2021-2-2T19:21:52,-62.15819,-58.47230,1.4,12
2,1,2225,2021-2-2T19:22:3,-62.15815,-58.47232,1.5,12
2,1,2226,2021-2-2T19:22:13,-62.15810,-58.47230,1.0,0
2,1,2227,2021-2-2T19:22:24,-62.15807,-58.47227,1.6,11
2,1,2228,2021-2-2T19:22:35,-62.15803,-58.47222,1.6,12
2,1,2229,2021-2-2T19:22:46,-62.15800,-58.47219,1.2,11
2,1,2230,2021-2-2T19:22:57,-62.15795,-58.47216,1.6,12
2,1,2231,2021-2-2T19:23:7,-62.15792,-58.47215,1.4,12
2,1,2233,2021-2-2T19:23:29,-62.15789,-58.47223,2.3,12
2,1,2234,2021-2-2T19:23:40,-62.15788,-58.47227,3.4,12
2,1,2235,2021-2-2T19:23:51,-62.15784,-58.47231,2.3,12
2,1,2237,2021-2-2T19:24:12,-62.15756,-58.47205,1.6,12
2,1,2238,2021-2-2T19:24:23,-62.15737,-58.47176,2.1,12
2,1,2239,2021-2-2T19:24:34,-62.15718,-58.47137,1.9,12
2,1,2240,2021-2-2T19:24:44,-62.15693,-58.47077,1.9,12
2,1,2241,2021-2-2T19:24:55,-62.15650,-58.46960,2.5,12
2,1,2242,2021-2-2T19:25:6,-62.15615,-58.46835,1.6,12
2,1,2243,2021-2-2T19:25:17,-62.15592,-58.46731,0.9,12
2,1,2244,2021-2-2T19:25:27,-62.15582,-58.46641,3.0,12
2,1,2245,2021-2-2T19:25:38,-62.15576,-58.46517,0.5,12
2,1,2246,2021-2-2T19:25:49,-62.15577,-58.46377,0.9,12
2,1,2247,2021-2-2T19:26:0,-62.15578,-58.46262,0.8,12
2,1,2248,2021-2-2T19:26:11,-62.15583,-58.46148,0.6,12
2,1,2249,2021-2-2T19:26:22,-62.15593,-58.46023,0.3,12
2,1,2250,2021-2-2T19:26:32,-62.15603,-58.45912,0.4,12
2,1,2251,2021-2-2T19:26:43,-62.15620,-58.45774,0.3,12
2,1,2252,2021-2-2T19:26:54,-62.15635,-58.45669,2.2,12
2,1,2253,2021-2-2T19:27:5,-62.15655,-58.45578,2.1,12
2,1,2254,2021-2-2T19:27:15,-62.15675,-58.45502,3.1,12
2,1,2255,2021-2-2T19:27:26,-62.15689,-58.45431,2.1,12
2,1,2256,2021-2-2T19:27:37,-62.15714,-58.45323,1.4,12
2,1,2257,2021-2-2T19:27:47,-62.15734,-58.45260,1.6,12
2,1,2258,2021-2-2T19:27:58,-62.15773,-58.45238,2.5,12
2,1,2260,2021-2-2T19:28:19,-62.15895,-58.45146,3.8,12
2,1,2261,2021-2-2T19:28:30,-62.15951,-58.45089,4.5,12
2,1,2263,2021-2-2T19:28:51,-62.16068,-58.44994,4.5,12
2,1,2264,2021-2-2T19:29:2,-62.16130,-58.44949,3.9,12
2,1,2265,2021-2-2T19:29:12,-62.16195,-58.44903,2.2,12
2,1,2267,2021-2-2T19:29:34,-62.16307,-58.44812,2.2,12
2,1,2268,2021-2-2T19:29:44,-62.16314,-58.44805,1.9,12
2,1,2270,2021-2-2T19:30:6,-62.16331,-58.44800,1.0,12
2,1,2271,2021-2-2T19:30:16,-62.16349,-58.44802,1.4,12
2,1,2272,2021-2-2T19:30:27,-62.16390,-58.44804,1.7,12
2,1,2273,2021-2-2T19:30:38,-62.16455,-58.44807,1.9,12
2,1,2274,2021-2-2T19:30:49,-62.16535,-58.44809,1.1,12
2,1,2276,2021-2-2T19:31:10,194.0,0.0,0.0,0
2,1,2277,2021-2-2T19:31:21,-62.16780,-58.44862,2.8,12
2,1,2278,2021-2-2T19:31:32,-62.16857,-58.44875,2.5,12
2,1,2279,2021-2-2T19:31:43,-62.16932,-58.44881,3.5,12
2,1,2280,2021-2-2T19:31:54,-62.17018,-58.44888,5.9,12
2,1,2281,2021-2-2T19:32:5,-62.17106,-58.44901,3.4,12
2,1,2282,2021-2-2T19:32:15,-62.17183,-58.44906,3.2,12
2,1,2283,2021-2-2T19:32:26,-62.17250,-58.44911,2.3,12
2,1,2284,2021-2-2T19:32:37,-62.17292,-58.44919,1.9,12
2,1,2285,2021-2-2T19:32:48,-62.17315,-58.44921,2.4,12
2,1,2286,2021-2-2T19:32:59,-62.17328,-58.44921,2.8,12
2,1,2287,2021-2-2T19:33:10,-62.17339,-58.44924,2.7,11
2,1,2288,2021-2-2T19:33:20,-62.17347,-58.44927,3.4,12
2,1,2289,2021-2-2T19:33:31,-62.17351,-58.44928,3.0,12
2,1,2290,2021-2-2T19:33:42,-62.17352,-58.44929,2.0,12
2,1,2292,2021-2-2T19:34:4,-62.17356,-58.44928,3.1,12
2,1,2293,2021-0-0T0:0:0,0.0,0.0,0.0,0
2,1,2294,2021-2-2T19:34:25,-62.17356,-58.44929,3.2,12
2,1,2295,2021-2-2T19:34:36,-62.17354,-58.44928,2.9,11
2,1,2296,2021-2-2T19:34:47,-62.17354,-58.44927,1.9,9
2,1,2297,2021-2-2T19:34:58,-62.17352,-58.44928,1.7,9
2,1,2298,2021-2-2T19:35:9,-62.17350,-58.44928,2.0,9
2,1,2299,2021-2-2T19:35:20,-62.17348,-58.44929,0.8,9
2,1,2300,2021-2-2T19:35:30,-62.17348,-58.44930,0.5,9
2,1,2301,2021-2-2T19:35:41,-62.17345,-58.44931,0.1,9
2,1,2302,2021-2-2T19:35:52,-62.17345,-58.44928,0.4,10
2,1,2303,2021-2-2T19:36:3,-62.17344,-58.44928,1.2,10
2,1,2304,2021-2-2T19:36:14,-62.17345,-58.44929,0.5,10
2,1,2305,2021-2-2T19:36:25,-62.17345,-58.44929,0.1,8
2,1,2306,2021-2-2T19:36:36,-62.17344,-58.44928,0.2,10
2,1,2307,2021-2-2T19:36:47,-62.17344,-58.44925,1.4,10
2,1,2308,2021-2-2T19:36:57,-62.17344,-58.44926,0.6,10
2,1,2309,2021-2-2T19:37:8,-62.17345,-58.44925,0.2,10
2,1,2310,2021-2-2T19:37:19,-62.17346,-58.44926,0.3,11
2,1,2312,2021-2-2T19:37:41,-62.17346,-58.44926,0.5,11
2,1,2313,2021-2-2T19:37:52,-62.17346,-58.44927,0.7,11
2,1,2314,200-0-0T0:0:0,0.0,0.0,0.0,0
2,1,2315,2021-2-2T19:38:13,-62.17346,-58.44925,0.4,11
2,1,2316,2021-2-2T19:38:24,-62.17346,-58.44927,0.5,11
2,1,2317,2021-2-2T19:38:35,-62.17346,-58.44928,0.3,11
2,1,1042,2021-2-2T15:52:46,-62.11840,-58.47454,3.0,9
2,0,0,200-0-0T0:0:0,0.0,0.0,0.0,0
2,1,1055,2021-2-2T15:55:3,-62.12145,-58.47621,0.2,11
2,1,1056,2021-2-2T15:55:14,-62.12144,-58.47625,0.3,10
2,1,1060,2021-2-2T15:55:56,-62.12139,-58.47634,0.6,11
2,1,1061,2021-2-2T15:56:7,-62.12138,-58.47635,-1.2,10
2,1,1063,2021-2-2T15:56:28,-62.12138,-58.47637,3.4,10
2,1,1069,2021-2-2T15:57:31,-62.12134,-58.47652,3.1,11
2,1,1070,2021-2-2T15:57:42,-62.12134,-58.47656,3.4,11
2,1,1079,2021-2-2T15:59:17,-62.12345,-58.47743,6.0,10
16718,11342,11824,2048-54-52T44:49:54,14126.658737,0.0,0.0,0
2,1,1088,2021-2-2T16:0:51,-62.12462,-58.47845,1.7,11
2,1,1103,2021-2-2T16:3:30,-62.12443,-58.47872,4.7,10
2,1,1104,2021-2-2T16:3:40,-62.12442,-58.47874,4.0,11
2,1,1105,2021-2-2T16:3:51,-62.12440,-58.47877,3.4,11
2,1,1106,2021-2-2T16:4:2,-62.12439,-58.47880,3.9,11
2,1,1108,2021-2-2T16:4:23,-62.12431,-58.47833,4.7,11
2,1,1109,2021-2-2T16:4:33,-62.12437,-58.47747,5.6,11
2,1,1113,2021-2-2T16:5:15,-62.12635,-58.47360,3.0,10
2,1,1116,2021-2-2T16:5:47,-62.12674,-58.47384,3.5,9
2,1,1119,2021-2-2T16:6:19,-62.12723,-58.47428,4.0,10
2,1,1125,2021-2-2T16:7:22,-62.12972,-58.47540,4.2,9
2,1,1128,2021-2-2T16:7:54,-62.13233,-58.47628,3.7,9
2,1,1132,2021-2-2T16:8:36,-62.13576,-58.47812,0.8,9
2,1,1137,2021-2-2T16:9:28,-62.14005,-58.48216,0.0,0
16718,11342,11824,2048-53-50T44:49:54,14126.658742,0.0,0.0,0
2,1,1143,2021-2-2T16:10:32,-62.14425,-58.48579,5.2,10
2,1,1147,2021-2-2T16:11:14,-62.14566,-58.48741,3.6,9
2,1,1152,2021-2-2T16:12:7,-62.14606,-58.48817,7.9,10
2,1,1153,2021-2-2T16:12:17,-62.14607,-58.48829,8.6,10
2,1,1154,2021-2-2T16:12:28,-62.14607,-58.48841,8.3,10
2,1,1155,2021-2-2T16:12:39,-62.14607,-58.48853,7.3,10
2,1,1156,2021-2-2T16:12:50,-62.14606,-58.48864,5.4,10
2,1,1157,2021-2-2T16:13:1,-62.14605,-58.48877,5.0,10
2,1,1158,2021-2-2T16:13:11,-62.14605,-58.48885,4.0,10
2,1,1159,2021-2-2T16:13:22,-62.14604,-58.48894,3.1,10
2,1,1160,2021-2-2T16:13:33,-62.14603,-58.48905,3.1,10
2,1,1161,2021-2-2T16:13:44,-62.14603,-58.48913,3.5,10
2,1,1162,2021-2-2T16:13:54,-62.14603,-58.48920,3.4,10
2,1,1163,2021-2-2T16:14:5,-62.14603,-58.48929,4.0,10
2,1,1164,2021-2-2T16:14:16,-62.14603,-58.48939,4.1,10
2,1,1165,2021-2-2T16:14:26,-62.14604,-58.48949,4.2,10
2,1,1166,2021-2-2T16:14:37,-62.14603,-58.48957,3.9,10
2,1,1167,2021-2-2T16:14:48,-62.14602,-58.48963,3.6,10
2,1,1168,2021-2-2T16:14:59,-62.14601,-58.48970,3.3,10
2,1,1169,2021-2-2T16:15:9,-62.14600,-58.48978,4.4,10
2,1,1170,2021-2-2T16:15:20,-62.14600,-58.48988,5.3,10
2,1,1171,2021-2-2T16:15:31,-62.14600,-58.48998,6.3,10
2,1,1172,2021-2-2T16:15:41,-62.14599,-58.49007,5.3,10
2,1,1173,2021-2-2T16:15:52,-62.14597,-58.49017,5.2,10
2,1,1174,2021-2-2T16:16:2,-62.14598,-58.49052,5.4,10
2,1,1175,2021-2-2T16:16:13,-62.14615,-58.49115,3.7,10
2,1,1176,2021-2-2T16:16:24,-62.14669,-58.49230,2.6,10
2,1,1177,2021-2-2T16:16:34,-62.14732,-58.49361,2.4,10
2,1,1178,2021-2-2T16:16:45,-62.14804,-58.49516,2.9,10
2,1,1180,2021-2-2T16:17:6,-62.14983,-58.49816,3.1,9
2,1,1181,2021-2-2T16:17:17,-62.15080,-58.49904,3.5,9
2,1,1182,2021-2-2T16:17:27,-62.15161,-58.49964,0.0,0
2,1,1183,2021-2-2T16:17:38,-62.15208,-58.50058,3.3,9
2,1,1184,2021-2-2T16:17:49,-62.15232,-58.50092,3.9,9
2,1,1185,2021-2-2T16:18:0,-62.15242,-58.50113,5.2,10
2,1,1186,2021-2-2T16:18:10,-62.15246,-58.50128,7.1,9
2,1,1187,2021-2-2T16:18:21,-62.15249,-58.50141,8.4,10
2,1,1188,2021-2-2T16:18:32,-62.15251,-58.50151,9.6,10
2,1,1189,2021-2-2T16:18:43,-62.15253,-58.50161,8.1,10
2,1,1190,2021-2-2T16:18:53,-62.15254,-58.50171,7.3,9
2,1,1191,2021-2-2T16:19:4,-62.15256,-58.50181,6.5,9
2,1,1192,2021-2-2T16:19:15,-62.15257,-58.50192,5.1,10
2,1,1193,2021-2-2T16:19:25,-62.15258,0.0,0.0,0
2,1,1194,2021-2-2T16:19:36,-62.15260,-58.50211,4.6,11
2,1,1195,2021-2-2T16:19:47,-62.15262,-58.50219,4.4,10
2,1,1196,2021-2-2T16:19:58,-62.15263,-58.50227,3.8,11
16718,11342,11824,2048-51-55T44:49:54,13870.658740,0.0,0.0,0
2,1,1197,2021-2-2T16:20:8,-62.15263,-58.50235,3.8,11
2,1,1198,2021-2-2T16:20:19,-62.15264,-58.50244,4.1,10
2,1,1199,2021-2-2T16:20:30,-62.15264,-58.50253,4.2,11
2,1,1200,2021-2-2T16:20:40,-62.15265,-58.50261,4.5,11
2,1,1201,2021-2-2T16:20:51,-62.15267,-58.50268,4.3,11
2,1,1202,2021-2-2T16:21:2,-62.15268,-58.50275,4.3,11
2,1,1203,2021-2-2T16:21:12,-62.15270,-58.50281,4.3,11
2,1,1204,2021-2-2T16:21:23,-62.15271,-58.50287,4.3,11
2,1,1205,2021-2-2T16:21:33,-62.15271,-58.50291,4.0,11
2,1,1206,2021-2-2T16:21:44,-62.15271,-58.50293,2.5,11
2,1,1207,2021-2-2T16:21:55,-62.15271,-58.50296,1.8,11
2,1,1208,2021-2-2T16:22:6,-62.15270,-58.50302,2.7,11
2,1,1209,2021-2-2T16:22:16,0.0,0.0,0.0,0
2,1,1210,2021-2-2T16:22:27,-62.15270,-58.50311,1.3,11
2,1,1211,2021-2-2T16:22:38,-62.15271,-58.50318,2.2,11
2,1,1212,2021-2-2T16:22:48,-62.15268,-58.143,0.0,0
2,1,1213,2021-2-2T16:22:59,-62.15280,-58.50326,4.1,11
2,1,1214,2021-2-2T16:23:10,-62.15301,-58.50381,3.4,11
2,1,1215,2021-2-2T16:23:20,-62.15361,-58.50482,2.9,10
2,1,1216,2021-2-2T16:23:31,-62.15437,-58.50619,3.4,11
2,1,1217,2021-2-2T16:23:42,-62.15502,-58.50783,2.5,11
2,1,1218,2021-2-2T16:23:52,-62.15585,-58.50877,1.6,10
2,1,1220,2021-2-2T16:24:13,-62.15747,-58.51104,1.6,10
2,1,1221,2021-2-2T16:24:24,-62.15828,-58.51233,2.1,11
2,1,1222,2021-2-2T16:24:35,-62.15883,-58.51297,2.6,10
2,1,1223,2021-2-2T16:24:45,-62.15907,-58.51321,3.4,10
2,1,1224,2021-2-2T16:24:56,-62.15931,-58.51354,2.7,9
2,1,2486,2021-2-2T20:8:46,-62.16021,-58.47343,6.6,9
2,1,2487,2021-2-2T20:8:57,-62.16025,-58.47322,5.6,9
2,1,2488,2021-2-2T20:9:8,-62.16016,-58.47322,1.0,8
2,1,2489,2021-2-2T20:9:18,-62.16018,-58.47330,1.0,8
2,1,2490,2021-2-2T20:9:29,-62.16023,-58.47337,2.9,9
2,1,2491,2021-2-2T20:9:40,-62.16024,-58.47342,4.3,9
2,1,2492,2021-2-2T20:9:51,-62.16023,-58.47342,4.4,9
2,1,2493,2021-2-2T20:10:2,-62.16023,-58.47352,3.6,10
16718,11342,11824,2048-50-49T44:49:51,13358.658743,0.0,0.0,0
2,1,2494,2021-2-2T20:10:13,-62.16023,-58.47345,5.7,10
2,1,2495,2021-2-2T20:10:24,-62.16023,-58.47341,6.5,10
2,1,2496,2021-2-2T20:10:34,-62.16024,-58.47337,7.6,10
2,1,2497,2021-2-2T20:10:45,-62.16024,-58.47338,8.7,10
2,1,2498,2021-2-2T20:10:56,-62.16024,-58.47341,9.7,10
2,1,2499,2021-2-2T20:11:6,-62.16024,-58.47347,9.7,10
2,1,2501,2021-2-2T20:11:28,-62.16026,-58.47341,8.3,8
2,1,2503,2021-2-2T20:11:50,-62.16030,-58.47330,19.0,10
2,1,2504,2021-2-2T20:12:0,-62.16023,-58.47336,21.5,10
2,1,2505,2021-2-2T20:12:11,-62.16019,-58.47337,14.2,10
2,1,2506,2021-2-2T20:12:22,-62.16018,-58.47340,14.3,10
2,1,2507,2021-2-2T20:12:33,-62.16016,-58.47341,13.5,10
2,1,2508,2021-2-2T20:12:44,-62.16017,-58.47344,12.2,10
2,1,2509,2021-2-2T20:12:55,-62.16017,-58.47344,12.7,10
2,1,2510,2021-2-2T20:13:5,-62.16018,-58.47342,10.7,10
2,1,2511,2021-2-2T20:13:16,-62.16018,-58.47339,10.9,10
2,1,2512,2021-2-2T20:13:27,-62.16016,-58.47342,10.5,10
2,1,2513,2021-2-2T20:13:38,-62.16008,-58.47348,10.0,10
2,1,2514,2021-2-2T20:13:48,-62.15996,0.0,0.0,0
2,1,2515,2021-2-2T20:13:59,-62.15986,-58.47332,11.0,10
2,1,2517,2021-2-2T20:14:21,-62.15969,-58.47283,8.2,10
2,1,2518,2021-2-2T20:14:32,-62.15959,-58.47253,7.0,10
2,1,2519,2021-2-2T20:14:43,-62.15948,-58.47226,6.5,10
2,1,2520,2021-2-2T20:14:54,-62.15938,-58.47196,5.9,10
2,1,2521,2021-2-2T20:15:4,-62.15933,-58.47179,15.8,10
2,1,2523,2021-2-2T20:15:26,-62.15931,-58.47171,31.6,10
2,1,2524,2021-2-2T20:0:0,0.0,0.0,0.0,0
2,1,2525,2021-2-2T20:15:47,-62.15913,-58.47133,19.0,9
2,1,2526,2021-2-2T20:15:58,-62.15906,-58.47101,13.9,10
2,1,2529,2021-2-2T20:16:30,-62.15910,-58.47073,11.4,3
2,1,2530,2021-2-2T20:16:40,0.0,-1.33929,11.3,3
2,1,2531,2021-2-2T20:16:51,-62.15911,-58.47082,11.3,6
2,1,2532,2021-2-2T20:17:1,-62.15920,-58.47119,11.3,7
12334,11318,11824,2048-49-53T44:49:51,13102.658739,0.0,0.0,0
20033,12332,12334,2049-55-44T49:51:46,13873.2573,0.0,0.0,0
16718,11342,11824,2048-48-57T44:49:50,14638.2573,0.0,0.0,0
16718,11342,11824,2048-49-52T44:49:50,14126.658745,0.0,0.0,0
16718,11342,11824,2048-49-56T44:49:50,13870.658742,0.0,0.0,0
2,1,789,2021-2-2T15:8:13,-62.12126,-58.46253,3.1,12
2,1,790,2021-2-2T15:8:24,-62.12123,-58.46254,3.7,12
2,1,791,2021-2-2T15:8:35,-62.12120,-58.46256,4.4,12
2,1,792,2021-2-2T15:8:45,-62.12118,-58.46257,5.1,12
2,1,793,2021-2-2T15:8:56,-62.12114,-58.46258,6.1,12
2,1,795,2021-2-2T15:9:17,-62.12108,-58.46261,6.0,12
2,1,798,2021-2-2T15:9:49,-62.12098,-58.46265,6.4,12
2,1,799,2021-2-2T15:9:59,-62.12094,-58.46267,5.4,12
13616,12332,12334,2054-53-44T49:55:46,13360.2573,0.0,0.0,0
2,1,800,2021-2-2T15:10:10,-62.12091,-58.46268,4.4,12
2,1,801,2021-2-2T15:10:20,-62.12088,-58.46269,3.9,12
2,1,802,2021-2-2T15:10:31,-62.12084,-58.46270,4.1,12
2,1,803,2021-2-2T15:10:42,-62.12082,-58.46272,5.3,12
2,1,804,2021-2-2T15:10:52,-62.12079,-58.46274,6.0,12
2,1,806,2021-2-2T15:11:14,-62.12072,-58.46277,5.4,12
2,1,808,2021-2-2T15:11:35,-62.12064,-58.46280,5.4,12
2,1,809,2021-2-2T15:11:45,-62.12054,-58.46288,4.8,12
2,1,810,2021-2-2T15:11:56,-62.12052,-58.46320,5.4,12
2,1,811,2021-2-2T15:12:7,-62.12062,-58.46416,5.6,12
2,1,812,2021-2-2T15:12:17,-62.12081,-58.46580,5.7,12
2,1,813,2021-2-2T15:12:28,-62.12097,-58.46771,4.4,12
2,1,814,2021-2-2T15:12:39,-62.12115,-58.46973,2.0,12
2,1,815,2021-2-2T15:12:49,-62.12132,-58.47160,2.3,12
2,1,816,2021-2-2T15:13:0,-62.12146,-58.47370,2.3,12
2,1,817,2021-2-2T15:13:11,-62.12169,-58.47597,2.8,12
2,1,818,2021-2-2T15:13:21,-62.12185,-58.47793,2.4,12
16718,11342,11824,2048-56-44T49:54:46,13624.2573,0.0,0.0,0
16718,11342,11824,2048-54-44T49:54:46,13880.2573,0.0,0.0,0
2,1,947,2021-2-2T15:36:2,-62.11390,-58.47738,2.9,11
2,1,948,2021-2-2T15:36:13,-62.11379,-58.47677,4.5,11
2,1,949,2021-2-2T15:36:24,-62.11366,-58.47614,4.9,11
2,1,950,2021-2-2T15:36:34,-62.11354,-58.47557,5.7,11
2,1,951,2021-2-2T15:36:45,-62.11339,-58.47492,6.6,11
2,1,952,2021-2-2T15:36:55,-62.11328,-58.47421,5.9,11
2,1,953,2021-2-2T15:37:6,-62.11311,-58.47324,5.1,11
2,1,954,2021-2-2T15:37:16,-62.11296,-58.47234,5.6,11
2,1,955,2021-2-2T15:37:27,-62.11273,-58.47123,5.2,11
2,1,956,2021-2-2T15:37:38,-62.11246,-58.46983,7.2,11
2,1,958,2021-2-2T15:37:59,-62.11203,-58.46900,3.9,11
2,1,959,2021-2-2T15:38:9,-62.11195,-58.46867,7.8,12
2,1,963,2021-2-2T15:38:52,-62.11188,-58.46848,5.5,12
2,1,964,2021-2-2T15:39:2,-62.11187,-58.46848,5.0,12
2,1,967,2021-2-2T15:39:34,-62.11183,-58.46851,4.9,11
16718,11342,11824,2048-56-52T44:49:54,13358.658745,0.0,0.0,0
2,1,970,2021-2-2T15:40:5,-62.11181,-58.46851,6.0,0
2,1,971,2021-2-2T15:40:16,-62.11179,-58.46854,6.2,11
2,1,972,2021-2-2T15:40:27,-62.11179,-58.46856,6.2,12
2,1,973,2021-2-2T15:40:37,-62.11184,-58.46853,6.1,12
2,1,974,2021-2-2T15:40:48,-62.11204,-58.46880,6.9,11
2,1,975,2021-2-2T15:40:58,-62.11229,-58.46907,6.5,12
2,1,976,2021-2-2T15:41:9,-62.11272,-58.46949,6.2,11
2,1,977,2021-2-2T15:41:19,-62.11319,-58.47000,5.8,10
2,1,978,2021-2-2T15:41:30,-62.11390,-58.47050,6.4,11
2,1,979,2021-2-2T15:41:40,-62.11433,-58.47057,6.0,10
2,1,980,2021-2-2T15:41:51,-62.11465,-58.47088,6.3,10
2,0,0,200-0-0T0:0:0,0.0,0.0,0.0,0
2,1,982,2021-2-2T15:42:12,-62.11508,-58.47114,4.9,10
2,1,983,2021-2-2T15:42:23,-62.11516,-58.47117,6.7,9
2,1,984,2021-2-2T15:42:33,-62.11518,-58.47120,7.4,10
2,1,985,2021-2-2T15:42:44,-62.11519,-58.47123,6.2,10
2,1,986,2021-2-2T15:42:54,-62.11517,-58.47125,3.7,11
2,1,987,2021-2-2T15:43:5,-62.11516,-58.47126,2.1,10
2,1,989,2021-2-2T15:43:26,-62.11515,-58.47132,1.3,10
2,1,990,2021-2-2T15:43:37,-62.11514,-58.47134,2.5,10
2,1,991,2021-2-2T15:43:47,-62.11513,-58.47135,2.1,10
2,1,992,2021-2-2T15:43:58,-62.11512,-58.47137,2.7,11
2,1,993,2021-2-2T15:44:8,-62.11511,-58.47138,2.6,10
2,1,994,2021-2-2T15:44:19,-62.11511,-58.47140,2.5,11
2,1,995,2021-2-2T15:44:30,-62.11510,-58.47141,2.4,11
2,1,997,2021-2-2T15:44:51,-62.11508,-58.47142,2.8,11
2,1,998,2021-2-2T15:45:1,-62.11508,-58.47143,4.6,10
2,1,1001,2021-2-2T15:45:33,-62.11510,-58.47152,5.8,10
2,1,1002,2021-2-2T15:45:43,194.0,0.0,0.0,0
2,1,1003,2021-2-2T15:45:54,-62.11601,-58.47226,4.5,11
2,1,1004,2021-2-2T15:46:5,-62.11681,-58.47283,5.5,11
2,1,1005,2021-2-2T15:46:15,-62.11739,-58.47317,6.1,11
2,1,1006,2021-2-2T15:46:26,-62.11762,-58.47327,5.8,11
2,1,1007,2021-2-2T15:46:36,-62.11789,-58.47331,6.3,11
2,1,1009,2021-2-2T15:46:57,-62.11824,-58.47348,5.0,0
2,1,1010,2021-2-2T15:47:8,-62.11827,-58.47353,6.3,11
2,1,1011,2021-2-2T15:47:19,-62.11829,-58.47359,7.3,11
2,1,1012,2021-2-2T15:47:29,-62.11828,-58.47360,4.6,10
2,1,1013,2021-2-2T15:47:40,-62.11828,-58.47366,3.3,11
2,1,1014,2021-2-2T15:47:51,-62.11828,-58.47371,2.2,11
2,1,1015,2021-2-2T15:48:1,-62.11827,-58.47377,2.7,11
2,1,1016,2021-2-2T15:48:12,-62.11826,-58.47382,2.2,11
2,1,1017,2021-2-2T15:48:22,-62.11825,-58.47385,2.4,11
2,1,1018,2021-2-2T15:48:33,-62.11824,-58.47390,2.3,10
2,1,1019,2021-2-2T15:48:43,-62.11822,-58.47394,1.9,10
2,1,1020,2021-2-2T15:48:54,-62.11821,-58.47397,1.8,10
2,1,1021,2021-2-2T15:49:4,-62.11820,-58.47399,2.3,10
2,1,1022,2021-2-2T15:49:15,-62.11819,-58.47403,2.5,11
2,1,1023,2021-2-2T15:49:26,-62.11817,-58.47406,2.3,10
16718,11342,11824,2048-52-53T44:49:54,13870.658740,0.0,0.0,0
2,1,1027,2021-2-2T15:50:8,-62.11813,-58.47419,4.4,11
2,1,1028,2021-2-2T15:50:18,-62.11813,-58.47422,4.2,11
2,1,1029,2021-2-2T15:50:29,-62.11813,-58.47426,5.0,11
2,1,1031,2021-2-2T15:50:50,-62.11813,-58.47432,7.2,11
2,1,1033,2021-2-2T15:51:11,-62.11810,-58.47437,4.0,11
2,1,1038,2021-2-2T15:52:4,-62.11806,-58.47440,2.6,10
12590,11313,11824,2049-49-44T49:54:46,14393.2573,0.0,0.0,0
2,1,0,200-0-0T12:49:1,0.0,-1.33929,0.0,0
2,1,2,2021-2-2T12:49:22,0.0,-1.33929,0.0,0
2,1,3,2021-2-2T12:49:32,0.0,-1.33929,0.0,0
2,1,4,2021-2-2T12:49:42,0.0,-1.33929,0.0,0
2,1,5,2021-2-2T12:49:53,0.0,-1.33929,0.0,0
2,1,6,2021-2-2T12:50:4,-62.15866,-58.47283,8.2,5
11313,11824,13105,2049-44-49T55:46:49,3377.10,0.0,0.0,0
2,1,7,2021-2-2T12:50:15,-62.15868,-58.47280,7.6,5
2,1,8,2021-2-2T12:50:25,-62.15867,-58.47276,7.7,6
2,1,9,2021-2-2T12:50:36,-62.15866,-58.47277,5.3,6
2,1,10,2021-2-2T12:50:47,-62.15862,-58.47274,6.9,6
2,1,11,2021-2-2T12:50:57,-62.15856,-58.47270,7.7,6
2,1,12,2021-2-2T12:51:8,-62.15849,-58.47254,8.2,8
2,1,13,2021-2-2T12:51:19,-62.15842,-58.47232,7.1,8
2,1,14,2021-2-2T12:51:30,-62.15834,-58.47222,6.2,8
2,1,15,2021-2-2T12:51:40,-62.15822,-58.47201,5.9,8
2,1,16,2021-2-2T12:51:51,-62.15807,-58.47175,5.4,8
2,1,17,2021-2-2T12:52:1,-62.15795,-58.47151,8.0,0
2,1,18,2021-2-2T12:52:12,-62.15783,-58.47125,6.7,8
2,1,19,2021-2-2T12:52:23,-62.15761,-58.47081,5.2,8
2,1,20,2021-2-2T12:52:34,-62.15685,-58.46970,6.1,8
2,1,21,2021-2-2T12:52:44,-62.15612,-58.46791,6.1,8
2,1,22,2021-2-2T12:52:55,-62.15545,-58.46572,5.8,8
2,1,23,2021-2-2T12:53:6,-62.15494,-58.46336,5.9,8
2,1,25,2021-2-2T12:53:27,-62.15545,-58.45882,4.3,7
2,1,26,2021-2-2T12:53:38,-62.15629,-58.45699,4.9,8
2,1,27,2021-2-2T12:53:48,-62.15718,-58.45564,5.2,8
2,1,28,2021-2-2T12:53:59,-62.15818,-58.45434,4.1,8
2,1,29,2021-2-2T12:54:10,-62.15922,-58.45314,3.6,8
2,1,30,2021-2-2T12:54:20,-62.16020,-58.45218,5.2,8
2,1,31,2021-2-2T12:54:31,-62.16127,-58.45114,4.6,8
2,1,32,2021-2-2T12:54:41,-62.16228,-58.248,0.0,0
2,1,33,2021-2-2T12:54:52,-62.16343,-58.45018,3.4,8
2,1,34,2021-2-2T12:55:3,-62.16460,-58.45025,5.3,8
2,1,35,2021-2-2T12:55:13,-62.16564,-58.45061,6.7,8
2,1,38,2021-2-2T12:55:45,-62.16855,-58.45428,4.2,8
2,1,43,2021-2-2T12:56:38,-62.16999,-58.45733,5.5,8
2,1,44,2021-2-2T12:56:48,-62.17012,-58.45757,6.7,8
2,1,47,2021-2-2T12:57:20,-62.17046,-58.45847,5.8,8
2,1,50,2021-2-2T12:57:52,-62.17065,-58.45962,5.2,8
2,1,51,2021-2-2T12:58:2,-62.17071,-58.45995,4.9,8
2,1,52,2021-2-2T12:58:13,-62.17077,-58.46036,5.6,8
2,1,57,200-0-0T0:0:0,0.0,0.0,0.0,0
2,1,61,2021-2-2T12:59:45,-62.17134,-58.46266,4.6,8
2,1,62,2021-2-2T12:59:55,-62.17139,-58.46288,5.4,8
2,1,64,2021-2-2T13:0:16,-62.17152,-58.46329,5.7,7
2,1,66,2021-2-2T13:0:37,-62.17164,-58.46363,0.0,0
2,1,67,2021-2-2T13:0:48,-62.17172,-58.46381,4.9,7
2,1,68,2021-2-2T13:0:59,-62.17179,-58.46401,4.5,8
2,1,69,2021-2-2T13:1:9,-62.17184,-58.46420,4.6,8
2,1,70,2021-2-2T13:1:20,-62.17192,-58.46440,4.8,9
2,1,71,2021-2-2T13:1:30,-62.17199,-58.46456,5.0,9
2,1,72,2021-2-2T13:1:41,-62.17207,-58.46476,4.8,9
2,1,73,2021-2-2T13:1:51,-62.17215,-58.46488,5.1,9
2,1,74,2021-2-2T13:2:2,-62.17225,-58.46501,5.2,9
2,1,77,2021-2-2T13:2:33,-62.17250,-58.46545,6.3,9
2,1,78,2021-2-2T13:2:44,-62.17259,-58.46559,6.5,9
2,1,83,2021-2-2T13:3:37,-62.17283,-58.46575,3.6,10
2,1,84,2021-2-2T13:3:47,-62.17281,-58.46572,4.2,9
2,1,85,2021-2-2T13:3:58,-62.17279,-58.46569,3.3,9
2,1,86,2021-2-2T13:4:8,-62.17279,-58.46566,3.1,10
2,1,87,2021-2-2T13:4:19,-62.17277,-58.46565,3.9,10
2,1,88,2021-2-2T13:4:30,-62.17275,-58.46564,4.4,10
2,1,89,2021-2-2T13:4:40,-62.17275,-58.46562,4.7,10
2,1,90,2021-2-2T13:4:51,-62.17272,-58.46560,5.5,10
2,1,92,2021-2-2T13:5:12,-62.17268,-58.46558,6.3,10
2,1,95,2021-2-2T13:5:43,-62.17263,-58.46552,5.7,9
2,1,99,2021-2-2T13:6:26,-62.17255,-58.46536,5.9,10
2,1,101,2021-2-2T13:6:47,-62.17255,-58.46531,4.1,10
2,1,103,2021-2-2T13:7:8,-62.17253,-58.46528,2.8,10
2,1,107,2021-2-2T13:7:50,-62.17249,-58.46515,2.8,9
2,1,108,2021-2-2T13:8:1,-62.17246,-58.46512,2.6,9
2,1,111,2021-2-2T13:8:32,-62.17243,-58.46503,4.9,9
2,1,116,2021-2-2T13:9:25,-62.17239,-58.46495,5.7,10
2,1,119,2021-2-2T13:9:57,-62.17237,-58.46491,2.3,9
13616,12332,12334,2056-53-44T49:55:46,14130.2573,0.0,0.0,0
2,1,128,2021-2-2T13:11:32,-62.17227,-58.46478,1.6,8
2,1,132,2021-2-2T13:12:14,-62.17222,-58.46469,1.2,9
2,1,136,2021-2-2T13:12:56,-62.17219,-58.46454,2.8,9
2,1,142,2021-2-2T13:13:59,-62.17283,-58.46572,4.8,9
2,1,145,2021-2-2T13:14:31,-62.17326,-58.46597,4.0,10
2,1,146,2021-2-2T13:14:42,-62.17340,-58.46601,4.6,9
2,1,147,2021-2-2T13:14:52,-62.17351,-58.46611,4.1,9
2,1,157,2021-2-2T13:16:38,-62.17360,-58.46613,5.3,10
2,1,158,2021-2-2T13:16:48,-62.17359,-58.46611,4.9,10
2,1,161,2021-2-2T13:17:20,-62.17358,-58.46608,4.2,10
2,1,162,2021-2-2T13:17:31,-62.17357,-58.46605,4.2,10
2,1,163,2021-2-2T13:17:41,-62.17356,-58.46603,4.6,10
2,1,164,2021-2-2T13:17:52,-62.17355,-58.46601,4.1,10
2,1,165,2021-2-2T13:18:2,-62.17354,-58.46600,4.1,10
2,1,166,2021-2-2T13:18:13,-62.17352,-58.46597,4.3,10
2,1,0,200-0-0T0:0:0,0.0,0.0,0.0,0
2,1,169,2021-2-2T13:18:45,-62.17349,-58.46592,3.6,10
2,1,171,2021-2-2T13:19:6,-62.17347,-58.46586,4.1,10
2,1,172,2021-2-2T13:19:16,-62.17346,-58.46585,4.7,10
2,1,173,2021-2-2T13:19:27,-62.17345,-58.46583,4.0,10
2,1,174,2021-2-2T13:19:38,-62.17344,-58.46580,2.9,10
12334,11317,11824,2048-57-51T44:49:55,13102.658744,0.0,0.0,0
2,1,207,2021-2-2T13:25:26,-62.17341,-58.46596,4.1,9
2,1,208,2021-2-2T13:25:36,-62.17350,-58.46607,3.7,9
2,1,209,2021-2-2T13:25:47,-62.17360,-58.46617,3.1,9
2,1,210,2021-2-2T13:25:57,-62.217,0.0,0.0,0
2,1,211,2021-2-2T13:26:8,-62.17374,-58.46626,2.6,9
2,1,212,2021-2-2T13:26:19,-62.17373,-58.46629,3.5,9
0,0,0,200-0-0T0:0:0,0.0,0.0,0.0,0
2,1,229,2021-2-2T13:29:18,-62.17342,-58.46619,4.2,8
2,1,231,2021-2-2T13:29:39,-62.17338,-58.46626,4.0,8
2,1,232,2021-2-2T13:29:50,-62.17336,-58.46631,2.8,8
2,1,233,2021-2-2T13:30:0,-62.17335,-58.46635,2.0,8
2,1,234,2021-2-2T13:30:11,-62.17333,-58.46639,2.1,7
0,0,0,200-0-0T0:0:0,0.0,0.0,0.0,0
2,1,238,2021-2-2T13:30:53,-62.17319,-58.46654,3.1,8
0,0,0,200-0-0T0:0:0,0.0,0.0,0.0,0
0,0,0,200-0-0T0:0:0,0.0,0.0,0.0,0
2,1,257,2021-2-2T13:34:14,-62.17304,-58.46778,5.5,8
2,1,258,2021-2-2T13:34:24,-62.17298,-58.46799,4.2,8
2,1,259,2021-2-2T13:34:35,-62.17293,-58.46825,4.1,8
2,1,260,2021-2-2T13:34:45,-62.17287,-58.46854,4.0,8
2,1,262,2021-2-2T13:35:7,-62.17280,-58.46919,3.0,6
2,1,263,2021-2-2T13:35:17,-62.17277,-58.46950,2.5,7
2,1,264,2021-2-2T13:35:28,-62.17272,-58.46983,3.1,7
2,1,271,2021-2-2T13:36:42,-62.17197,-58.46988,6.3,8
2,1,277,2021-2-2T13:37:45,-62.17133,-58.46894,6.2,8
2,1,281,2021-2-2T13:38:27,-62.17100,-58.46804,4.5,8
2,1,285,2021-2-2T13:39:9,-62.17078,-58.46763,3.6,8
2,1,286,2021-2-2T13:39:20,-62.17071,-58.46765,3.1,8
2,1,288,2021-2-2T13:39:41,-62.17067,-58.46766,4.0,8
2,1,289,2021-2-2T13:39:52,-62.17065,-58.46770,4.5,8
2,1,290,2021-2-2T13:40:2,-62.17063,-58.46773,3.8,8
16718,11342,11824,2048-51-55T44:49:55,13614.658742,0.0,0.0,0
2,1,291,2021-2-2T13:40:13,-62.17061,-58.46776,4.1,8
2,1,293,2021-2-2T13:40:34,-62.17058,-58.46782,4.4,8
2,1,294,2021-2-2T13:40:45,-62.17057,-58.46786,4.5,7
2,1,298,2021-2-2T13:41:27,-62.17046,-58.46785,4.8,10
2,1,300,2021-2-2T13:41:48,-62.17041,-58.46738,3.0,10
2,1,306,2021-2-2T13:42:51,-62.17043,-58.46549,2.2,10
2,1,307,2021-2-2T13:43:2,-62.17044,-58.46508,2.7,10
2,1,308,2021-2-2T13:43:12,-62.17046,-58.46473,3.0,10
2,1,309,2021-2-2T13:43:23,-62.17049,-58.46432,3.1,10
2,1,310,2021-2-2T13:43:33,-62.17055,-58.46396,3.4,10
2,1,311,2021-2-2T13:43:44,-62.17062,-58.46358,3.7,10
2,1,312,2021-2-2T13:43:55,-62.17072,-58.46324,4.0,10
2,1,313,2021-2-2T13:44:5,-62.17082,-58.46292,4.4,10
2,1,314,2021-2-2T13:44:16,-62.17086,-58.46261,4.3,10
2,1,315,2021-2-2T13:44:26,-62.17091,-58.46239,4.1,10
2,1,316,2021-2-2T13:44:37,-62.17100,-58.46217,4.7,10
2,1,318,2021-2-2T13:44:58,-62.17113,-58.46168,3.9,10
2,1,320,2021-2-2T13:45:19,-62.17120,-58.46132,3.9,10
2,1,321,2021-2-2T13:45:30,-62.17126,-58.46145,4.3,10
2,1,322,2021-2-2T13:45:41,-62.17126,-58.46153,5.4,10
2,1,323,2021-2-2T13:45:51,-62.17124,-58.46160,5.7,10
2,1,324,2021-2-2T13:46:2,-62.17122,-58.46166,6.1,11
2,1,325,2021-2-2T13:46:13,-62.17121,-58.46172,6.4,11
2,1,326,2021-2-2T13:46:23,-62.17119,-58.46176,7.2,11
2,1,327,2021-2-2T13:46:34,-62.17118,-58.46179,7.6,11
2,1,328,2021-2-2T13:46:45,-62.17117,-58.46184,7.7,11
2,1,329,2021-2-2T13:46:56,-62.17116,-58.46189,6.9,11
2,1,330,2021-2-2T13:47:6,-62.17115,-58.46194,6.9,11
2,1,331,2021-2-2T13:47:17,-62.17114,-58.46197,5.8,11
2,1,332,2021-2-2T13:47:28,-62.17113,-58.46200,5.2,11
2,1,333,2021-2-2T13:47:38,-62.17111,-58.46203,5.5,11
2,1,334,2021-2-2T13:47:49,-62.17109,-58.46205,5.8,11
2,1,335,2021-2-2T13:48:0,-62.17107,-58.46207,6.0,11
2,1,336,2021-2-2T13:48:11,-62.17105,-58.46213,6.0,11
2,1,337,2021-2-2T13:48:21,-62.17100,-58.46205,5.7,11
2,1,338,2021-2-2T13:48:32,-62.17091,-58.46173,5.5,11
2,1,339,2021-2-2T13:48:43,-62.17083,-58.46135,5.1,11
2,1,84,200-0-0T0:0:0,0.0,0.0,0.0,0
2,1,341,2021-2-2T13:49:4,-62.17072,-58.46063,3.4,11
2,1,342,2021-2-2T13:49:15,-62.17070,-58.46024,3.5,11
2,1,343,2021-2-2T13:49:26,-62.17069,-58.45984,4.0,10
2,1,344,2021-2-2T13:49:36,-62.17067,-58.45947,4.4,11
2,1,345,2021-2-2T13:49:47,-62.17065,-58.45906,4.6,11
2,1,346,2021-2-2T13:49:58,-62.17061,-58.45866,5.0,11
16718,11342,11824,2048-50-55T44:49:55,13870.658737,0.0,0.0,0
2,1,347,2021-2-2T13:50:9,-62.17055,-58.45829,5.3,11
2,1,348,2021-2-2T13:50:19,-62.17048,-58.45796,5.5,11
2,1,349,2021-2-2T13:50:30,-62.17048,-58.45771,4.1,11
2,1,350,2021-2-2T13:50:41,-62.17053,-58.45760,3.8,11
2,1,351,2021-2-2T13:50:52,-62.17045,-58.45722,3.5,10
2,1,352,2021-2-2T13:51:2,-62.17028,-58.45683,3.7,11
2,1,353,2021-2-2T13:51:13,-62.17013,-58.45621,4.8,11
2,1,354,2021-2-2T13:51:24,-62.16982,-58.45516,4.9,10
2,1,355,2021-2-2T13:51:34,-62.0,0.0,0.0,0
2,1,356,2021-2-2T13:51:45,-62.16924,-58.45306,5.5,12
2,1,357,2021-2-2T13:51:56,-62.16893,-58.45190,4.3,12
2,1,358,2021-2-2T13:52:7,-62.16867,-58.45080,4.7,12
2,1,359,2021-2-2T13:52:17,-62.16843,-58.44987,4.6,12
2,1,360,2021-2-2T13:52:28,-62.16816,-58.44896,5.2,12
2,1,361,2021-2-2T13:52:39,-62.16785,-58.44781,5.4,12
2,1,362,2021-2-2T13:52:49,-62.16763,-58.44669,6.6,12
2,1,363,2021-2-2T13:53:0,-62.16736,-58.44515,6.3,12
2,1,364,2021-2-2T13:53:10,-62.16712,-58.110,0.0,0
2,1,365,2021-2-2T13:53:21,-62.16705,-58.44351,6.7,11
2,1,366,2021-2-2T13:53:32,-62.16719,-58.44324,3.9,12
2,1,367,2021-2-2T13:53:42,-62.16723,-58.44353,2.9,12
2,1,368,2021-2-2T13:53:53,-62.16700,-58.44296,3.4,12
2,1,369,2021-2-2T13:54:4,-62.16659,-58.44241,4.0,12
2,1,370,2021-2-2T13:54:14,-62.16636,-58.44220,3.5,12
2,1,371,2021-2-2T13:54:25,-62.16627,-58.44176,4.2,11
2,1,372,2021-2-2T13:54:35,-62.16635,-58.44158,4.2,12
2,1,373,2021-2-2T13:54:46,-62.16619,-58.44140,3.8,12
2,1,374,2021-2-2T13:54:57,-62.16616,-58.44113,4.1,11
2,1,375,2021-2-2T13:55:7,-62.16622,-58.44111,4.5,12
2,1,376,2021-2-2T13:55:18,-62.16621,-58.44116,4.2,11
2,1,377,2021-2-2T13:55:29,-62.16619,-58.44123,3.3,12
2,1,378,2021-2-2T13:55:39,-62.16617,-58.44126,2.7,12
2,1,379,2021-2-2T13:55:50,-62.16615,-58.44129,3.6,12
2,1,380,2021-2-2T13:56:1,-62.16613,-58.44131,4.2,12
2,1,381,2021-2-2T13:56:12,-62.16611,-58.44134,4.4,12
2,1,382,2021-2-2T13:56:22,-62.16609,-58.44137,5.3,12
2,1,383,2021-2-2T13:56:33,-62.16608,-58.44140,5.2,11
2,1,384,2021-2-2T13:56:44,-62.16606,-58.44143,3.7,11
2,1,385,2021-2-2T13:56:55,-62.16605,-58.44147,3.5,11
2,1,386,2021-2-2T13:57:5,-62.16604,-58.44150,3.7,11
2,1,387,2021-2-2T13:57:16,-62.16603,-58.44152,4.5,11
2,1,388,2021-2-2T13:57:27,-62.16602,-58.44154,4.2,11
2,1,389,2021-2-2T13:57:37,-62.16601,-58.44156,4.2,10
2,1,390,2021-2-2T13:57:48,-62.16599,-58.44161,3.4,9
2,1,391,2021-2-2T13:57:59,-62.16598,-58.44165,3.2,11
2,1,392,2021-2-2T13:58:10,-62.16596,-58.44167,3.6,11
2,1,646,2021-2-2T14:42:53,-62.13431,-58.37803,4.1,12
2,1,647,2021-2-2T14:43:4,-62.13430,-58.37811,3.7,12
2,1,648,2021-2-2T14:43:14,-62.13429,-58.37818,4.0,12
2,1,649,2021-2-2T14:43:25,-62.13429,-58.37825,5.0,12
2,1,650,2021-2-2T14:43:35,-62.13428,-58.37832,5.0,12
2,1,651,2021-2-2T14:43:46,-62.13427,-58.37839,6.1,12
2,1,652,2021-2-2T14:43:56,-62.13426,-58.37846,6.6,12
2,1,653,2021-2-2T14:44:7,-62.13425,-58.37852,5.6,12
2,1,655,2021-2-2T14:44:28,-62.13423,-58.37868,6.9,12
2,1,656,2021-2-2T14:44:39,-62.13422,-58.37877,6.5,12
2,1,657,2021-2-2T14:44:49,-62.13420,-58.37885,6.4,12
2,1,658,2021-2-2T14:45:0,-62.13414,-58.37923,5.5,12
2,0,0,200-0-0T0:0:0,0.0,0.0,0.0,0
2,1,662,2021-2-2T14:45:42,-62.13364,-58.38188,4.9,12
2,1,665,2021-2-2T14:46:14,-62.13284,-58.38744,4.3,12
2,1,669,2021-2-2T14:46:56,-62.13202,-58.39463,3.7,12
2,1,672,2021-2-2T14:47:28,-62.13157,-58.39764,4.6,12
2,1,683,2021-2-2T14:49:24,-62.13137,-58.39880,2.3,12
2,1,684,2021-2-2T14:49:34,-62.13138,-58.39880,2.3,12
16718,11342,11824,2048-52-51T44:49:55,12846.658738,0.0,0.0,0
2,1,692,2021-2-2T14:50:59,-62.13148,-58.39884,1.1,12
2,1,695,2021-2-2T14:51:30,-62.13151,-58.39884,4.6,12
2,1,698,2021-2-2T14:52:2,-62.13051,-58.40050,4.1,12
2,1,701,2021-2-2T14:52:34,-62.12969,-58.40461,3.1,12
2,1,704,2021-2-2T14:53:5,-62.12879,-58.41001,2.1,12
2,1,707,2021-2-2T14:53:37,-62.12776,-58.41578,3.8,12
2,1,708,2021-2-2T14:53:48,-62.12739,-58.41788,3.3,12
2,1,709,2021-2-2T14:53:59,-62.12708,-58.41987,4.4,12
2,1,710,2021-2-2T14:54:9,-62.12680,-58.42164,4.5,12
2,1,711,2021-2-2T14:54:20,-62.12645,-58.42367,5.0,12
2,1,712,2021-2-2T14:54:31,-62.12606,-58.42561,4.0,12
2,1,713,2021-2-2T14:54:41,-62.12575,-58.42748,2.7,12
2,1,714,2021-2-2T14:54:52,-62.12538,-58.42952,2.6,12
2,1,715,2021-2-2T14:55:3,-62.12503,-58.43152,2.7,12
2,1,716,2021-2-2T14:55:14,-62.12475,-58.43338,2.9,12
2,1,717,2021-2-2T14:55:24,-62.12478,-58.43511,4.5,12
2,1,718,2021-2-2T14:55:35,-62.12501,-58.43699,5.2,12
2,1,719,2021-2-2T14:55:46,-62.12494,-58.43826,4.8,12
2,1,720,2021-2-2T14:55:57,-62.12497,-58.43960,4.3,12
2,1,721,2021-2-2T14:56:7,-62.12499,-58.44068,3.7,12
2,1,722,2021-2-2T14:56:18,-62.12498,-58.44088,4.5,12
2,1,724,2021-2-2T14:56:39,-62.12493,-58.44102,4.4,12
2,1,725,2021-2-2T14:56:50,-62.12490,-58.44106,4.0,12
2,1,726,2021-2-2T14:57:1,-62.12487,-58.44109,3.9,12
2,1,727,2021-2-2T14:57:12,-62.12485,-58.44112,4.2,12
2,1,728,2021-2-2T14:57:22,-62.12482,-58.44114,3.6,12
2,1,730,2021-2-2T14:57:44,-62.12477,-58.44116,3.0,12
2,1,731,2021-2-2T14:57:54,-62.12475,-58.44118,3.7,12
2,1,732,2021-2-2T14:58:5,-62.12472,-58.44118,3.1,12
2,1,733,2021-2-2T14:58:16,-62.12470,-58.44120,2.8,12
2,1,734,2021-2-2T14:58:26,-62.12468,-58.44121,3.8,12
2,1,736,2021-2-2T14:58:48,-62.12464,-58.44123,1.9,12
2,1,737,2021-2-2T14:58:58,-62.12462,-58.44124,1.3,12
2,1,738,2021-2-2T14:59:9,-62.12460,-58.44126,2.6,12
2,1,739,2021-2-2T14:59:20,-62.12459,-58.44127,1.7,12
2,1,740,2021-2-2T14:59:30,-62.12457,-58.44128,1.3,12
2,1,741,2021-2-2T14:59:41,-62.12455,-58.44128,0.9,12
2,1,742,2021-2-2T14:59:52,-62.12452,-58.44129,0.2,12
2,1,743,2021-2-2T15:0:3,-62.12451,-58.44129,0.9,12
13616,12332,12334,2053-56-44T49:55:46,14640.2573,0.0,0.0,0
2,1,744,2021-2-2T15:0:13,-62.12449,-58.44130,1.9,12
2,1,745,2021-2-2T15:0:24,-62.12447,-58.44131,0.9,12
2,1,746,2021-2-2T15:0:35,-62.12445,-58.44131,1.6,12
2,1,748,2021-2-2T15:0:56,-62.12440,-58.44131,5.2,12
2,1,749,2021-2-2T15:1:7,-62.12433,-58.44158,5.2,12
2,1,750,2021-2-2T15:1:17,-62.12432,-58.44280,5.1,12
2,1,751,2021-2-2T15:1:28,-62.12434,-58.44479,6.4,12
2,1,752,2021-2-2T15:1:39,-62.12440,-58.44687,6.5,12
2,1,753,2021-2-2T15:1:49,-62.12444,-58.44874,5.4,12
2,1,754,2021-2-2T15:2:0,-62.12420,-58.45074,4.9,12
2,1,755,2021-2-2T15:2:11,-62.12389,-58.45273,4.0,12
2,1,756,2021-2-2T15:2:22,-62.12358,-58.45476,3.5,12
2,1,757,2021-2-2T15:2:32,-62.12327,-58.45673,3.9,12
2,1,758,2021-2-2T15:2:43,-62.12302,-58.45849,3.5,12
2,1,759,2021-2-2T15:2:54,-62.12290,-58.45921,3.5,12
2,1,760,2021-2-2T15:3:4,-62.12274,-58.46064,4.1,12
2,1,761,2021-2-2T15:3:15,-62.12239,-58.46145,3.9,12
2,1,762,2021-2-2T15:3:26,-62.12218,-58.46189,4.1,12
2,1,763,2021-2-2T15:3:36,-62.12207,-58.46215,4.3,12
2,1,764,2021-2-2T15:3:47,-62.12201,-58.46223,4.0,12
2,1,765,2021-2-2T15:3:57,-62.12197,-58.46226,3.9,12
2,1,766,2021-2-2T15:4:8,-62.12193,-58.46228,3.9,12
2,1,767,2021-2-2T15:4:19,-62.12189,-58.46230,3.9,12
2,1,772,2021-2-2T15:5:12,-62.12172,-58.46239,4.9,12
2,1,773,2021-2-2T15:5:22,-62.12170,-58.46241,4.4,12
2,1,774,2021-2-2T15:5:33,-62.12167,-58.46243,3.5,12
2,1,775,2021-2-2T15:5:44,-62.12164,-58.46245,3.2,12
2,1,776,2021-2-2T15:5:54,-62.12161,-58.46245,2.0,12
2,1,777,2021-2-2T15:6:5,-62.12158,-58.46247,1.3,12
2,1,778,2021-2-2T15:6:16,-62.12155,-58.46249,1.9,12
2,1,779,2021-2-2T15:6:26,-62.12152,-58.46251,1.8,12
2,1,780,2021-2-2T15:6:37,-62.12150,-58.46252,1.6,12
2,1,781,2021-2-2T15:6:48,-62.12147,-58.46253,1.9,12
2,1,782,2021-2-2T15:6:58,-62.12145,-58.46251,1.5,12
2,1,783,2021-2-2T15:7:9,-62.12142,-58.46250,1.2,12
2,1,784,2021-2-2T15:7:20,-62.12140,-58.46250,1.1,12
2,1,785,2021-2-2T15:7:30,-62.12137,-58.170,0.0,0
2,1,786,2021-2-2T15:7:41,-62.12134,-58.46250,0.1,12
2,1,787,2021-2-2T15:7:52,-62.12131,-58.46250,0.7,12
2,1,788,2021-2-2T15:8:2,-62.12129,-58.46251,0.9,12
2,1,393,2021-2-2T13:58:20,-62.16596,-58.44169,3.8,11
2,1,394,2021-2-2T13:58:31,-62.16594,-58.44170,4.9,11
2,1,395,2021-2-2T13:58:42,-62.16592,-58.44171,4.9,11
2,1,396,2021-2-2T13:58:52,-62.16590,-58.44176,4.8,12
2,1,397,2021-2-2T13:59:3,-62.16588,-58.44180,4.4,12
2,1,398,2021-2-2T13:59:14,-62.16586,-58.44183,3.9,12
2,1,399,2021-2-2T13:59:25,-62.16585,-58.44189,3.8,12
2,1,400,2021-2-2T13:59:35,-62.16583,-58.44194,3.7,12
2,1,401,2021-2-2T13:59:46,-62.16580,-58.44197,2.6,12
2,1,402,2021-2-2T13:59:57,-62.16569,-58.44189,1.5,12
2,1,403,2021-2-2T14:0:7,-62.16539,-58.44144,2.3,12
2,1,404,2021-2-2T14:0:18,-62.16484,-58.44035,3.2,12
2,1,405,2021-2-2T14:0:29,-62.16436,-58.43900,3.7,12
2,1,406,2021-2-2T14:0:40,-62.16387,-58.43754,3.7,12
2,1,407,2021-2-2T14:0:50,-62.16343,-58.43616,4.6,12
2,1,408,2021-2-2T14:1:1,-62.16300,-58.43464,5.9,12
2,1,409,2021-2-2T14:1:11,-62.16260,-58.43321,5.2,12
2,1,410,2021-2-2T14:1:22,-62.16215,-58.43160,5.9,12
2,1,411,2021-2-2T14:1:32,-62.16177,-58.43011,7.2,12
2,1,412,2021-2-2T14:1:43,-62.16133,-58.42852,6.6,12
2,1,413,2021-2-2T14:1:53,-62.16097,-58.42707,5.8,12
2,1,414,2021-2-2T14:2:4,-62.16055,-58.42539,6.6,12
2,1,415,2021-2-2T14:2:15,-62.16017,-58.42366,5.9,12
2,1,416,2021-2-2T14:2:25,-62.15982,-58.42220,6.4,11
2,1,417,2021-2-2T14:2:36,-62.15944,-58.42045,5.7,12
2,1,418,2021-2-2T14:2:46,-62.15910,-58.41892,6.1,12
2,1,419,2021-2-2T14:2:57,-62.15871,-58.41717,5.1,12
2,1,421,2021-2-2T14:3:18,-62.15840,-58.41548,5.3,12
2,1,422,2021-2-2T14:3:29,-62.15857,-58.41537,5.1,12
2,1,427,2021-2-2T14:4:21,-62.15724,-58.40864,8.4,12
2,1,428,2021-2-2T14:4:32,-62.15660,-58.40725,7.6,12
2,1,429,2021-2-2T14:4:42,-62.15613,-58.40622,6.8,12
2,1,430,2021-2-2T14:4:53,-62.15598,-58.40573,8.0,12
2,1,431,2021-2-2T14:5:4,-62.15565,-58.40498,8.0,12
2,1,432,2021-2-2T14:5:14,-62.15537,-58.40478,6.1,11
2,1,433,2021-2-2T14:5:25,-62.15528,-58.40478,4.5,11
2,1,436,2021-2-2T14:5:56,-62.15517,-58.40483,5.3,11
2,1,437,2021-2-2T14:6:7,-62.15513,-58.40486,4.9,11
2,1,438,2021-2-2T14:6:17,-62.15509,-58.40490,4.4,11
2,1,439,2021-2-2T14:6:28,-62.15507,-58.40493,5.1,11
2,1,440,2021-2-2T14:6:39,-62.15504,-58.40497,4.9,11
2,1,441,2021-2-2T14:6:49,-62.15501,-58.40501,3.4,11
2,1,442,2021-2-2T14:7:0,-62.15499,-58.40505,3.8,11
2,1,443,2021-2-2T14:7:10,-62.15497,-58.40509,4.2,11
2,1,444,2021-2-2T14:7:21,-62.15495,-58.40513,4.6,11
2,1,445,2021-2-2T14:7:31,-62.15494,-58.40517,5.4,10
2,1,446,2021-2-2T14:7:42,-62.15492,-58.40522,5.9,11
2,1,447,2021-2-2T14:7:52,-62.15491,-58.40526,7.1,11
2,1,448,2021-2-2T14:8:3,-62.15489,-58.40529,7.3,11
2,1,449,2021-2-0T0:0:0,0.0,0.0,0.0,0
2,1,450,2021-2-2T14:8:24,-62.15486,-58.40536,6.2,11
2,1,451,2021-2-2T14:8:35,-62.15483,-58.40542,6.5,11
2,1,452,2021-2-2T14:8:45,-62.15480,-58.40546,4.8,11
2,1,456,2021-2-2T14:9:27,-62.15471,-58.40563,4.2,11
2,1,459,2021-2-2T14:9:59,-62.15465,-58.40574,6.8,11
16718,11342,11824,2048-52-49T44:49:55,13614.658743,0.0,0.0,0
2,1,511,2021-2-2T14:19:8,-62.14417,-58.36755,0.9,12
20033,12332,12334,2052-49-44T49:55:46,12597.2573,0.0,0.0,0
2,1,520,2021-2-2T14:20:43,-62.13856,-58.36053,3.6,12
2,1,523,2021-2-2T14:21:15,-62.13900,-58.35697,3.4,12
2,1,524,2021-2-2T14:21:25,-62.13918,-58.35564,4.1,12
2,1,533,2021-2-2T14:23:0,-62.13904,-58.34883,3.1,12
2,1,535,2021-2-2T14:23:21,-62.13905,-58.34909,5.3,12
2,1,536,2021-2-2T14:23:32,-62.13904,-58.34919,5.8,12
2,1,538,2021-2-2T14:23:53,-62.13902,-58.34933,6.6,12
2,1,539,2021-2-2T14:24:3,-62.13902,-58.34938,5.7,12
2,1,540,2021-2-2T14:24:14,-62.13900,-58.34944,3.8,12
2,1,541,2021-2-2T14:24:25,-62.13898,-58.34951,3.2,12
2,1,542,2021-2-2T14:24:35,-62.13898,-58.34956,3.3,12
2,1,543,2021-2-2T14:24:46,-62.13897,-58.34961,4.6,12
16718,11342,11824,2048-51-54T44:49:55,13358.658741,0.0,0.0,0
2,1,606,2021-2-2T14:35:51,-62.13818,-58.34403,4.6,12
2,1,608,2021-2-2T14:36:12,-62.13784,-58.34827,5.2,12
2,1,610,2021-2-2T14:36:33,-62.13738,-58.35306,3.2,12
2,1,611,2021-2-2T14:36:44,-62.13712,-58.35553,2.2,12
2,1,612,2021-2-2T14:36:54,-62.13696,-58.35769,3.1,12
2,1,613,2021-2-2T14:37:5,-62.13681,-58.36003,2.3,12
2,1,614,2021-2-2T14:37:15,-62.13665,-58.36214,1.5,12
2,1,615,2021-2-2T14:37:26,-62.13649,-58.36451,2.3,12
2,1,616,2021-2-2T14:37:36,-62.13630,-58.36661,1.5,12
2,1,617,2021-2-2T14:37:47,-62.13624,-58.36738,2.1,12
2,1,618,2021-2-2T14:37:57,-62.13617,-58.36750,3.7,12
2,1,622,2021-2-2T14:38:40,-62.13615,-58.36759,3.7,12
2,1,625,2021-2-2T14:39:11,-62.13602,-58.36843,2.9,12
2,1,626,2021-2-2T14:39:22,-62.13591,-58.36987,3.1,12
2,1,627,2021-2-2T14:39:32,-62.13576,-58.37182,2.5,12
2,1,628,2021-2-2T14:39:43,-62.13556,-58.37414,2.8,12
2,1,631,2021-2-2T14:40:15,-62.13500,-58.37716,2.9,12
2,1,632,2021-2-2T14:40:25,-62.13487,-58.37722,3.5,12
2,1,633,2021-2-2T14:40:36,-62.13468,-58.37719,4.5,12
2,1,635,2021-2-2T14:40:57,-62.13447,-58.37716,6.0,12
2,1,636,2021-2-2T14:41:7,-62.13444,-58.37721,6.2,12
2,1,637,2021-2-2T14:41:18,-62.13442,-58.37728,6.6,12
2,1,638,2021-2-2T14:41:29,-62.13440,-58.37736,6.2,12
2,1,639,2021-2-2T14:41:39,-62.13439,-58.37744,6.1,12
2,1,640,2021-2-2T14:41:50,-62.13438,-58.37752,5.7,12
2,1,641,2021-2-2T14:42:0,-62.13437,-58.37760,5.6,12
2,1,642,2021-2-2T14:42:11,-62.13436,-58.37768,5.5,12
2,1,643,2021-2-2T14:42:21,-62.13435,-58.37777,5.0,12
2,1,645,2021-2-2T14:42:42,-62.121,0.0,0.0,0
2,1,2318,2021-2-2T19:38:46,-62.17346,-58.44927,0.7,11
2,1,2319,2021-2-2T19:38:57,-62.17346,-58.44929,0.3,9
2,1,2320,2021-2-2T19:39:8,-62.17345,-58.44927,0.1,11
2,1,2321,2021-2-2T19:39:18,-62.17345,-58.44928,0.6,11
2,1,2322,2021-2-2T19:39:29,-62.17345,-58.44929,0.7,11
2,1,2323,2021-2-2T19:39:40,-62.17344,-58.44930,0.5,12
2,1,2324,2021-2-2T19:39:51,-62.17344,-58.44928,0.2,12
2,1,2325,2021-2-2T19:40:2,-62.17344,-58.44928,0.0,12
16718,11342,11824,2048-49-50T44:49:51,14638.658739,0.0,0.0,0
2,1,2326,2021-2-2T19:40:13,-62.17343,-58.44929,0.3,12
2,1,2327,2021-2-2T19:40:23,0.0,0.0,0.0,0
2,1,2328,2021-2-2T19:40:34,-62.17343,-58.44931,0.3,12
2,1,2329,2021-2-2T19:40:45,-62.17343,-58.44932,0.5,11
2,1,2330,2021-2-2T19:40:56,-62.17343,-58.44934,0.4,12
2,1,2331,2021-2-2T19:41:7,-62.17342,-58.44935,0.6,12
2,1,2332,2021-2-2T19:41:18,-62.17339,-58.44936,0.1,12
2,1,2333,2021-2-2T19:41:29,-62.17332,-58.44938,0.5,12
2,1,2334,2021-2-2T19:41:40,-62.17326,-58.44935,0.3,12
2,1,2335,2021-2-2T19:41:50,-62.17320,-58.44931,0.1,11
2,1,2336,2021-2-2T19:42:1,-62.17315,-58.44926,0.3,11
2,1,2337,2021-2-2T19:42:12,-62.17311,-58.44925,0.9,12
2,1,2338,2021-2-2T19:42:23,-62.17309,-58.44925,1.1,12
2,1,2339,2021-2-2T19:42:34,-62.17307,-58.44929,1.4,12
2,1,2340,2021-2-2T19:42:45,-62.17302,-58.44931,1.3,12
2,0,0,200-0-0T0:0:0,0.0,0.0,0.0,0
2,1,2342,2021-2-2T19:43:6,-62.17277,-58.44913,1.9,11
2,1,2343,2021-2-2T19:43:17,-62.17261,-58.44891,2.8,12
2,1,2344,2021-2-2T19:43:28,-62.17244,-58.44860,3.5,12
2,1,2345,2021-2-2T19:43:38,-62.17227,-58.44830,3.7,11
2,1,2346,2021-2-2T19:43:49,-62.17199,-58.44800,2.1,12
2,1,2348,2021-2-2T19:44:10,-62.17147,-58.44725,1.9,12
2,1,2349,2021-2-2T19:44:21,-62.17123,-58.44685,3.3,12
2,1,2350,2021-2-2T19:44:32,-62.17092,-58.44655,3.3,12
2,1,2351,2021-2-0T0:0:0,0.0,0.0,0.0,0
2,1,2352,2021-2-2T19:44:53,-62.16958,-58.44654,1.9,12
2,1,2353,2021-2-2T19:45:4,-62.16881,-58.44728,2.4,12
2,1,2354,2021-2-2T19:45:15,-62.16806,-58.44786,3.0,12
2,1,2355,2021-2-2T19:45:26,-62.16724,-58.44845,3.2,12
2,1,2356,2021-2-2T19:45:37,-62.16639,-58.44914,3.6,12
2,1,2357,2021-2-2T19:45:48,-62.16553,-58.44994,3.3,12
2,1,2358,2021-2-2T19:45:58,-62.16474,-58.45085,3.6,12
2,1,2359,2021-2-2T19:46:9,-62.16386,-58.45169,2.2,12
2,1,2360,2021-2-2T19:46:20,-62.16297,-58.45238,1.6,12
2,1,2361,2021-2-2T19:46:31,-62.16207,-58.45322,1.3,12
2,1,2362,2021-2-2T19:46:42,-62.16112,-58.45385,1.3,12
2,1,2363,2021-2-2T19:46:53,-62.16015,-58.45458,1.2,12
2,1,2365,2021-2-2T19:47:14,-62.15906,-58.45605,0.8,12
2,1,2366,2021-2-2T19:47:24,-62.15887,-58.45634,2.2,12
2,1,2367,2021-2-2T19:47:36,-62.15843,-58.45700,2.4,12
2,1,2368,2021-2-2T19:47:46,-62.15788,-58.45770,3.0,12
2,1,2369,2021-2-2T19:47:57,-62.15726,-58.45883,3.1,12
2,1,2370,2021-2-2T19:48:8,-62.15664,-58.46025,2.8,12
2,1,2371,2021-2-2T19:48:19,-62.15616,-58.46168,3.0,12
2,1,2372,2021-2-2T19:48:30,-62.15558,-58.46330,2.3,12
2,1,2373,2021-2-2T19:48:41,-62.15505,-58.46508,2.7,11
2,1,2374,2021-2-2T19:48:51,-62.15464,-58.46673,2.3,12
2,1,2375,2021-2-2T19:49:2,-62.15423,-58.46865,0.4,12
2,1,2376,2021-2-2T19:49:13,-62.15387,-58.47055,1.2,12
2,1,2377,2021-2-2T19:49:24,-62.15351,-58.47258,0.1,12
2,1,2378,2021-2-2T19:49:34,-62.0,0.0,0.0,0
2,1,2379,2021-2-2T19:49:45,-62.15290,-58.47650,1.5,12
2,1,2380,2021-2-2T19:49:56,-62.15273,-58.47868,1.6,12
12334,11319,11824,2048-49-55T44:49:51,14126.658738,0.0,0.0,0
2,1,2445,2021-2-2T20:1:26,-62.15783,-58.47564,0.3,10
2,1,2446,2021-2-2T20:1:37,-62.15805,-58.47524,0.7,10
2,1,2447,2021-2-2T20:1:48,-62.15823,-58.47482,1.7,10
2,1,2448,2021-2-2T20:1:59,-62.15842,-58.47438,1.8,10
2,1,2449,2021-2-2T20:2:10,-62.15860,-58.47392,2.9,10
2,1,2450,2021-2-2T20:0:0,0.0,0.0,0.0,0
2,1,2451,2021-2-2T20:2:31,-62.15896,-58.47325,2.5,11
2,1,2452,2021-2-2T20:2:42,-62.15920,-58.47314,0.7,10
2,1,2453,2021-2-2T20:2:53,-62.15944,-58.47306,0.4,9
2,1,2454,2021-2-2T20:3:4,-62.15969,-58.47308,1.2,9
2,1,2455,2021-2-2T20:3:15,-62.15983,-58.47333,3.4,9
2,1,2457,2021-2-2T20:3:36,-62.16001,-58.47376,10.6,9
2,1,2458,2021-2-2T20:3:47,-62.16004,-58.47386,11.7,8
2,1,2459,2021-2-2T20:3:58,-62.16005,-58.47387,12.4,9
2,1,2460,2021-2-2T20:4:8,-62.16006,-58.47389,9.1,9
2,1,2461,2021-2-2T20:4:19,-62.16005,-58.47382,8.8,9
2,1,2462,2021-2-2T20:4:30,-62.16004,-58.47372,9.1,9
2,1,2463,2021-2-2T20:4:41,-62.16005,-58.47363,9.6,9
2,1,2465,2021-2-2T20:5:2,-62.16010,-58.47352,10.2,9
2,1,2466,2021-2-2T20:5:13,-62.16013,-58.47346,10.7,8
2,1,2467,2021-2-2T20:0:0,0.0,0.0,0.0,0
2,1,2468,2021-2-2T20:5:34,-62.16015,-58.47343,18.0,9
2,1,2469,2021-2-2T20:5:45,-62.16015,-58.47343,17.4,9
2,1,2470,2021-2-2T20:5:56,-62.16018,-58.47336,14.8,9
2,1,2471,2021-2-2T20:6:7,-62.16019,-58.47335,13.8,9
2,1,2472,2021-2-2T20:6:17,-62.16021,-58.47339,19.2,9
2,1,2473,2021-2-2T20:6:28,-62.16021,-58.47343,20.4,9
2,1,0,200-0-0T0:0:0,0.0,0.0,0.0,0
2,1,2476,2021-2-2T20:7:0,-62.16014,-58.47378,24.8,8
2,1,2477,2021-2-2T20:7:11,-62.16012,-58.47385,28.1,8
2,1,2478,2021-2-2T20:7:21,-62.16016,-58.47369,31.7,7
2,1,2479,2021-2-2T20:7:32,-62.16015,-58.47368,32.3,9
2,1,2480,2021-2-2T20:7:43,-62.16008,-58.47383,17.7,8
2,1,2481,2021-2-2T20:7:53,-62.16009,-58.47395,15.0,8
2,1,2483,2021-2-2T20:8:14,-62.16013,-58.47404,19.0,7
2,1,2484,2021-2-2T20:8:25,-62.16011,-58.47405,15.5,8
2,1,2485,2021-2-2T20:8:36,-62.16010,-58.47381,9.6,8
