2,1,393,2021-2-2T13:58:20,-62.16596,-58.44169,3.8,11
2,1,394,2021-2-2T13:58:31,-62.16594,-58.44170,4.9,11
2,1,395,2021-2-2T13:58:42,-62.16592,-58.44171,4.9,11
2,1,396,2021-2-2T13:58:52,-62.16590,-58.44176,4.8,12
2,1,397,2021-2-2T13:59:3,-62.16588,-58.44180,4.4,12
2,1,398,2021-2-2T13:59:14,-62.16586,-58.44183,3.9,12
2,1,399,2021-2-2T13:59:25,-62.16585,-58.44189,3.8,12
2,1,400,2021-2-2T13:59:35,-62.16583,-58.44194,3.7,12
2,1,401,2021-2-2T13:59:46,-62.16580,-58.44197,2.6,12
2,1,402,2021-2-2T13:59:57,-62.16569,-58.44189,1.5,12
2,1,403,2021-2-2T14:0:7,-62.16539,-58.44144,2.3,12
2,1,404,2021-2-2T14:0:18,-62.16484,-58.44035,3.2,12
2,1,405,2021-2-2T14:0:29,-62.16436,-58.43900,3.7,12
2,1,406,2021-2-2T14:0:40,-62.16387,-58.43754,3.7,12
2,1,407,2021-2-2T14:0:50,-62.16343,-58.43616,4.6,12
2,1,408,2021-2-2T14:1:1,-62.16300,-58.43464,5.9,12
2,1,409,2021-2-2T14:1:11,-62.16260,-58.43321,5.2,12
2,1,410,2021-2-2T14:1:22,-62.16215,-58.43160,5.9,12
2,1,411,2021-2-2T14:1:32,-62.16177,-58.43011,7.2,12
2,1,412,2021-2-2T14:1:43,-62.16133,-58.42852,6.6,12
2,1,413,2021-2-2T14:1:53,-62.16097,-58.42707,5.8,12
2,1,414,2021-2-2T14:2:4,-62.16055,-58.42539,6.6,12
2,1,415,2021-2-2T14:2:15,-62.16017,-58.42366,5.9,12
2,1,416,2021-2-2T14:2:25,-62.15982,-58.42220,6.4,11
2,1,417,2021-2-2T14:2:36,-62.15944,-58.42045,5.7,12
2,1,418,2021-2-2T14:2:46,-62.15910,-58.41892,6.1,12
2,1,419,2021-2-2T14:2:57,-62.15871,-58.41717,5.1,12
2,1,421,2021-2-2T14:3:18,-62.15840,-58.41548,5.3,12
2,1,422,2021-2-2T14:3:29,-62.15857,-58.41537,5.1,12
2,1,427,2021-2-2T14:4:21,-62.15724,-58.40864,8.4,12
2,1,428,2021-2-2T14:4:32,-62.15660,-58.40725,7.6,12
2,1,429,2021-2-2T14:4:42,-62.15613,-58.40622,6.8,12
2,1,430,2021-2-2T14:4:53,-62.15598,-58.40573,8.0,12
2,1,431,2021-2-2T14:5:4,-62.15565,-58.40498,8.0,12
2,1,432,2021-2-2T14:5:14,-62.15537,-58.40478,6.1,11
2,1,433,2021-2-2T14:5:25,-62.15528,-58.40478,4.5,11
2,1,436,2021-2-2T14:5:56,-62.15517,-58.40483,5.3,11
2,1,437,2021-2-2T14:6:7,-62.15513,-58.40486,4.9,11
2,1,438,2021-2-2T14:6:17,-62.15509,-58.40490,4.4,11
2,1,439,2021-2-2T14:6:28,-62.15507,-58.40493,5.1,11
2,1,440,2021-2-2T14:6:39,-62.15504,-58.40497,4.9,11
2,1,441,2021-2-2T14:6:49,-62.15501,-58.40501,3.4,11
2,1,442,2021-2-2T14:7:0,-62.15499,-58.40505,3.8,11
2,1,443,2021-2-2T14:7:10,-62.15497,-58.40509,4.2,11
2,1,444,2021-2-2T14:7:21,-62.15495,-58.40513,4.6,11
2,1,445,2021-2-2T14:7:31,-62.15494,-58.40517,5.4,10
2,1,446,2021-2-2T14:7:42,-62.15492,-58.40522,5.9,11
2,1,447,2021-2-2T14:7:52,-62.15491,-58.40526,7.1,11
2,1,448,2021-2-2T14:8:3,-62.15489,-58.40529,7.3,11
2,1,449,2021-2-0T0:0:0,0.0,0.0,0.0,0
2,1,450,2021-2-2T14:8:24,-62.15486,-58.40536,6.2,11
2,1,451,2021-2-2T14:8:35,-62.15483,-58.40542,6.5,11
2,1,452,2021-2-2T14:8:45,-62.15480,-58.40546,4.8,11
2,1,456,2021-2-2T14:9:27,-62.15471,-58.40563,4.2,11
2,1,459,2021-2-2T14:9:59,-62.15465,-58.40574,6.8,11
16718,11342,11824,2048-52-49T44:49:55,13614.658743,0.0,0.0,0
2,1,511,2021-2-2T14:19:8,-62.14417,-58.36755,0.9,12
20033,12332,12334,2052-49-44T49:55:46,12597.2573,0.0,0.0,0
2,1,520,2021-2-2T14:20:43,-62.13856,-58.36053,3.6,12
2,1,523,2021-2-2T14:21:15,-62.13900,-58.35697,3.4,12
2,1,524,2021-2-2T14:21:25,-62.13918,-58.35564,4.1,12
2,1,533,2021-2-2T14:23:0,-62.13904,-58.34883,3.1,12
2,1,535,2021-2-2T14:23:21,-62.13905,-58.34909,5.3,12
2,1,536,2021-2-2T14:23:32,-62.13904,-58.34919,5.8,12
2,1,538,2021-2-2T14:23:53,-62.13902,-58.34933,6.6,12
2,1,539,2021-2-2T14:24:3,-62.13902,-58.34938,5.7,12
2,1,540,2021-2-2T14:24:14,-62.13900,-58.34944,3.8,12
2,1,541,2021-2-2T14:24:25,-62.13898,-58.34951,3.2,12
2,1,542,2021-2-2T14:24:35,-62.13898,-58.34956,3.3,12
2,1,543,2021-2-2T14:24:46,-62.13897,-58.34961,4.6,12
16718,11342,11824,2048-51-54T44:49:55,13358.658741,0.0,0.0,0
2,1,606,2021-2-2T14:35:51,-62.13818,-58.34403,4.6,12
2,1,608,2021-2-2T14:36:12,-62.13784,-58.34827,5.2,12
2,1,610,2021-2-2T14:36:33,-62.13738,-58.35306,3.2,12
2,1,611,2021-2-2T14:36:44,-62.13712,-58.35553,2.2,12
2,1,612,2021-2-2T14:36:54,-62.13696,-58.35769,3.1,12
2,1,613,2021-2-2T14:37:5,-62.13681,-58.36003,2.3,12
2,1,614,2021-2-2T14:37:15,-62.13665,-58.36214,1.5,12
2,1,615,2021-2-2T14:37:26,-62.13649,-58.36451,2.3,12
2,1,616,2021-2-2T14:37:36,-62.13630,-58.36661,1.5,12
2,1,617,2021-2-2T14:37:47,-62.13624,-58.36738,2.1,12
2,1,618,2021-2-2T14:37:57,-62.13617,-58.36750,3.7,12
2,1,622,2021-2-2T14:38:40,-62.13615,-58.36759,3.7,12
2,1,625,2021-2-2T14:39:11,-62.13602,-58.36843,2.9,12
2,1,626,2021-2-2T14:39:22,-62.13591,-58.36987,3.1,12
2,1,627,2021-2-2T14:39:32,-62.13576,-58.37182,2.5,12
2,1,628,2021-2-2T14:39:43,-62.13556,-58.37414,2.8,12
2,1,631,2021-2-2T14:40:15,-62.13500,-58.37716,2.9,12
2,1,632,2021-2-2T14:40:25,-62.13487,-58.37722,3.5,12
2,1,633,2021-2-2T14:40:36,-62.13468,-58.37719,4.5,12
2,1,635,2021-2-2T14:40:57,-62.13447,-58.37716,6.0,12
2,1,636,2021-2-2T14:41:7,-62.13444,-58.37721,6.2,12
2,1,637,2021-2-2T14:41:18,-62.13442,-58.37728,6.6,12
2,1,638,2021-2-2T14:41:29,-62.13440,-58.37736,6.2,12
2,1,639,2021-2-2T14:41:39,-62.13439,-58.37744,6.1,12
2,1,640,2021-2-2T14:41:50,-62.13438,-58.37752,5.7,12
2,1,641,2021-2-2T14:42:0,-62.13437,-58.37760,5.6,12
2,1,642,2021-2-2T14:42:11,-62.13436,-58.37768,5.5,12
2,1,643,2021-2-2T14:42:21,-62.13435,-58.37777,5.0,12
2,1,645,2021-2-2T14:42:42,-62.121,0.0,0.0,0
