2,1,2318,2021-2-2T19:38:46,-62.17346,-58.44927,0.7,11
2,1,2319,2021-2-2T19:38:57,-62.17346,-58.44929,0.3,9
2,1,2320,2021-2-2T19:39:8,-62.17345,-58.44927,0.1,11
2,1,2321,2021-2-2T19:39:18,-62.17345,-58.44928,0.6,11
2,1,2322,2021-2-2T19:39:29,-62.17345,-58.44929,0.7,11
2,1,2323,2021-2-2T19:39:40,-62.17344,-58.44930,0.5,12
2,1,2324,2021-2-2T19:39:51,-62.17344,-58.44928,0.2,12
2,1,2325,2021-2-2T19:40:2,-62.17344,-58.44928,0.0,12
16718,11342,11824,2048-49-50T44:49:51,14638.658739,0.0,0.0,0
2,1,2326,2021-2-2T19:40:13,-62.17343,-58.44929,0.3,12
2,1,2327,2021-2-2T19:40:23,0.0,0.0,0.0,0
2,1,2328,2021-2-2T19:40:34,-62.17343,-58.44931,0.3,12
2,1,2329,2021-2-2T19:40:45,-62.17343,-58.44932,0.5,11
2,1,2330,2021-2-2T19:40:56,-62.17343,-58.44934,0.4,12
2,1,2331,2021-2-2T19:41:7,-62.17342,-58.44935,0.6,12
2,1,2332,2021-2-2T19:41:18,-62.17339,-58.44936,0.1,12
2,1,2333,2021-2-2T19:41:29,-62.17332,-58.44938,0.5,12
2,1,2334,2021-2-2T19:41:40,-62.17326,-58.44935,0.3,12
2,1,2335,2021-2-2T19:41:50,-62.17320,-58.44931,0.1,11
2,1,2336,2021-2-2T19:42:1,-62.17315,-58.44926,0.3,11
2,1,2337,2021-2-2T19:42:12,-62.17311,-58.44925,0.9,12
2,1,2338,2021-2-2T19:42:23,-62.17309,-58.44925,1.1,12
2,1,2339,2021-2-2T19:42:34,-62.17307,-58.44929,1.4,12
2,1,2340,2021-2-2T19:42:45,-62.17302,-58.44931,1.3,12
2,0,0,200-0-0T0:0:0,0.0,0.0,0.0,0
2,1,2342,2021-2-2T19:43:6,-62.17277,-58.44913,1.9,11
2,1,2343,2021-2-2T19:43:17,-62.17261,-58.44891,2.8,12
2,1,2344,2021-2-2T19:43:28,-62.17244,-58.44860,3.5,12
2,1,2345,2021-2-2T19:43:38,-62.17227,-58.44830,3.7,11
2,1,2346,2021-2-2T19:43:49,-62.17199,-58.44800,2.1,12
2,1,2348,2021-2-2T19:44:10,-62.17147,-58.44725,1.9,12
2,1,2349,2021-2-2T19:44:21,-62.17123,-58.44685,3.3,12
2,1,2350,2021-2-2T19:44:32,-62.17092,-58.44655,3.3,12
2,1,2351,2021-2-0T0:0:0,0.0,0.0,0.0,0
2,1,2352,2021-2-2T19:44:53,-62.16958,-58.44654,1.9,12
2,1,2353,2021-2-2T19:45:4,-62.16881,-58.44728,2.4,12
2,1,2354,2021-2-2T19:45:15,-62.16806,-58.44786,3.0,12
2,1,2355,2021-2-2T19:45:26,-62.16724,-58.44845,3.2,12
2,1,2356,2021-2-2T19:45:37,-62.16639,-58.44914,3.6,12
2,1,2357,2021-2-2T19:45:48,-62.16553,-58.44994,3.3,12
2,1,2358,2021-2-2T19:45:58,-62.16474,-58.45085,3.6,12
2,1,2359,2021-2-2T19:46:9,-62.16386,-58.45169,2.2,12
2,1,2360,2021-2-2T19:46:20,-62.16297,-58.45238,1.6,12
2,1,2361,2021-2-2T19:46:31,-62.16207,-58.45322,1.3,12
2,1,2362,2021-2-2T19:46:42,-62.16112,-58.45385,1.3,12
2,1,2363,2021-2-2T19:46:53,-62.16015,-58.45458,1.2,12
2,1,2365,2021-2-2T19:47:14,-62.15906,-58.45605,0.8,12
2,1,2366,2021-2-2T19:47:24,-62.15887,-58.45634,2.2,12
2,1,2367,2021-2-2T19:47:36,-62.15843,-58.45700,2.4,12
2,1,2368,2021-2-2T19:47:46,-62.15788,-58.45770,3.0,12
2,1,2369,2021-2-2T19:47:57,-62.15726,-58.45883,3.1,12
2,1,2370,2021-2-2T19:48:8,-62.15664,-58.46025,2.8,12
2,1,2371,2021-2-2T19:48:19,-62.15616,-58.46168,3.0,12
2,1,2372,2021-2-2T19:48:30,-62.15558,-58.46330,2.3,12
2,1,2373,2021-2-2T19:48:41,-62.15505,-58.46508,2.7,11
2,1,2374,2021-2-2T19:48:51,-62.15464,-58.46673,2.3,12
2,1,2375,2021-2-2T19:49:2,-62.15423,-58.46865,0.4,12
2,1,2376,2021-2-2T19:49:13,-62.15387,-58.47055,1.2,12
2,1,2377,2021-2-2T19:49:24,-62.15351,-58.47258,0.1,12
2,1,2378,2021-2-2T19:49:34,-62.0,0.0,0.0,0
2,1,2379,2021-2-2T19:49:45,-62.15290,-58.47650,1.5,12
2,1,2380,2021-2-2T19:49:56,-62.15273,-58.47868,1.6,12
12334,11319,11824,2048-49-55T44:49:51,14126.658738,0.0,0.0,0
2,1,2445,2021-2-2T20:1:26,-62.15783,-58.47564,0.3,10
2,1,2446,2021-2-2T20:1:37,-62.15805,-58.47524,0.7,10
2,1,2447,2021-2-2T20:1:48,-62.15823,-58.47482,1.7,10
2,1,2448,2021-2-2T20:1:59,-62.15842,-58.47438,1.8,10
2,1,2449,2021-2-2T20:2:10,-62.15860,-58.47392,2.9,10
2,1,2450,2021-2-2T20:0:0,0.0,0.0,0.0,0
2,1,2451,2021-2-2T20:2:31,-62.15896,-58.47325,2.5,11
2,1,2452,2021-2-2T20:2:42,-62.15920,-58.47314,0.7,10
2,1,2453,2021-2-2T20:2:53,-62.15944,-58.47306,0.4,9
2,1,2454,2021-2-2T20:3:4,-62.15969,-58.47308,1.2,9
2,1,2455,2021-2-2T20:3:15,-62.15983,-58.47333,3.4,9
2,1,2457,2021-2-2T20:3:36,-62.16001,-58.47376,10.6,9
2,1,2458,2021-2-2T20:3:47,-62.16004,-58.47386,11.7,8
2,1,2459,2021-2-2T20:3:58,-62.16005,-58.47387,12.4,9
2,1,2460,2021-2-2T20:4:8,-62.16006,-58.47389,9.1,9
2,1,2461,2021-2-2T20:4:19,-62.16005,-58.47382,8.8,9
2,1,2462,2021-2-2T20:4:30,-62.16004,-58.47372,9.1,9
2,1,2463,2021-2-2T20:4:41,-62.16005,-58.47363,9.6,9
2,1,2465,2021-2-2T20:5:2,-62.16010,-58.47352,10.2,9
2,1,2466,2021-2-2T20:5:13,-62.16013,-58.47346,10.7,8
2,1,2467,2021-2-2T20:0:0,0.0,0.0,0.0,0
2,1,2468,2021-2-2T20:5:34,-62.16015,-58.47343,18.0,9
2,1,2469,2021-2-2T20:5:45,-62.16015,-58.47343,17.4,9
2,1,2470,2021-2-2T20:5:56,-62.16018,-58.47336,14.8,9
2,1,2471,2021-2-2T20:6:7,-62.16019,-58.47335,13.8,9
2,1,2472,2021-2-2T20:6:17,-62.16021,-58.47339,19.2,9
2,1,2473,2021-2-2T20:6:28,-62.16021,-58.47343,20.4,9
2,1,0,200-0-0T0:0:0,0.0,0.0,0.0,0
2,1,2476,2021-2-2T20:7:0,-62.16014,-58.47378,24.8,8
2,1,2477,2021-2-2T20:7:11,-62.16012,-58.47385,28.1,8
2,1,2478,2021-2-2T20:7:21,-62.16016,-58.47369,31.7,7
2,1,2479,2021-2-2T20:7:32,-62.16015,-58.47368,32.3,9
2,1,2480,2021-2-2T20:7:43,-62.16008,-58.47383,17.7,8
2,1,2481,2021-2-2T20:7:53,-62.16009,-58.47395,15.0,8
2,1,2483,2021-2-2T20:8:14,-62.16013,-58.47404,19.0,7
2,1,2484,2021-2-2T20:8:25,-62.16011,-58.47405,15.5,8
2,1,2485,2021-2-2T20:8:36,-62.16010,-58.47381,9.6,8
