2021-2-24T13:21:30,-62.16014,-58.47428,-48.2
2021-2-24T13:21:41,-62.16014,-58.47428,-46.8
2021-2-24T13:21:51,-62.16016,-58.47419,-43.8
2021-2-24T13:22:2,-62.16022,-58.47414,-40.7
2021-2-24T13:22:13,-62.16032,-58.47409,-28.8
2021-2-24T13:22:23,-62.16033,-58.47408,-14.1
2021-2-24T13:22:34,-62.16034,-58.47409,0.7
2021-2-24T13:22:44,-62.16033,-58.47398,4.5
2021-2-24T13:22:55,-62.16031,-58.47399,9.2
2021-2-24T13:23:5,-62.16029,-58.47402,14.1
2021-2-24T13:23:16,-62.16028,-58.47398,15.8
2021-2-24T13:23:27,-62.16028,-58.47390,15.6
2021-2-24T13:23:37,-62.16030,-58.47378,18.3
2021-2-24T13:23:48,-62.16029,-58.47394,22.2
2021-2-24T13:23:58,-62.16028,-58.47408,20.5
2021-2-24T13:24:9,-62.16026,-58.47401,11.8
2021-2-24T13:24:20,-62.16024,-58.47396,-1.5
2021-2-24T13:24:30,-62.16023,-58.47387,-9.5
2021-2-24T13:24:41,-62.16022,-58.47393,-21.6
2021-2-24T13:24:51,-62.16022,-58.47401,-27.4
2021-2-24T13:25:2,-62.16021,-58.47396,-32.3
2021-2-24T13:25:12,-62.16021,-58.47388,-32.2
2021-2-24T13:25:23,-62.16017,-58.47386,-27.3
2021-2-24T13:25:34,-62.16017,-58.47397,-20.3
2021-2-24T13:25:44,-62.16017,-58.47403,-10.4
2021-2-24T13:25:55,-62.16021,-58.47402,6.1
2021-2-24T13:26:5,-62.16020,-58.47391,11.8
2021-2-24T13:26:16,-62.16020,-58.47383,12.4
2021-2-24T13:26:26,-62.16022,-58.47375,18.5
2021-2-24T13:26:37,-62.16020,-58.47368,15.3
2021-2-24T13:26:48,-62.16018,-58.47366,9.1
2021-2-24T13:26:58,-62.16021,-58.47360,4.8
2021-2-24T13:27:9,-62.16023,-58.47360,0.3
2021-2-24T13:27:19,-62.16025,-58.47359,-4.6
2021-2-24T13:27:30,-62.16024,-58.47373,-9.4
2021-2-24T13:27:40,-62.16021,-58.47391,-24.5
2021-2-24T13:27:51,-62.16021,-58.47385,-24.8
2021-2-24T13:28:1,-62.16022,-58.47377,-25.9
2021-2-24T13:28:12,-62.16023,-58.47380,-25.6
2021-2-24T13:28:23,-62.16023,-58.47376,-28.5
2021-2-24T13:28:33,-62.16021,-58.47382,-33.2
2021-2-24T13:28:44,-62.16019,-58.47397,-36.9
2021-2-24T13:28:54,-62.16018,-58.47381,-28.6
2021-2-24T13:29:5,-62.16019,-58.47383,-20.9
2021-2-24T13:29:16,-62.16020,-58.47391,-12.5
2021-2-24T13:29:26,-62.16020,-58.47386,-6.1
2021-2-24T13:29:37,-62.16021,-58.47378,1.7
2021-2-24T13:29:47,-62.16021,-58.47371,2.0
2021-2-24T13:29:58,-62.16022,-58.47378,4.8
2021-2-24T13:30:8,-62.16026,-58.47384,9.3
2021-2-24T13:30:19,-62.16030,-58.47393,5.9
2021-2-24T13:30:30,-62.16027,-58.47388,14.7
2021-2-24T13:30:40,-62.16027,-58.47386,23.3
2021-2-24T13:30:51,-62.16025,-58.47394,25.2
2021-2-24T13:31:1,-62.16022,-58.47404,20.8
2021-2-24T13:31:12,-62.16020,-58.47414,13.4
2021-2-24T13:31:22,-62.16018,-58.47422,8.8
2021-2-24T13:31:33,-62.16020,-58.47425,11.6
2021-2-24T13:31:44,-62.16021,-58.47433,9.8
2021-2-24T13:31:54,-62.16024,-58.47440,12.3
2021-2-24T13:32:5,-62.16023,-58.47447,11.4
2021-2-24T13:32:15,-62.16021,-58.47458,7.9
2021-2-24T13:32:26,-62.16022,-58.47465,4.1
2021-2-24T13:32:36,-62.16022,-58.47455,6.0
2021-2-24T13:32:47,-62.16027,-58.47438,19.2
2021-2-24T13:32:57,-62.16029,-58.47420,27.4
2021-2-24T13:33:8,-62.16032,-58.47409,38.8
2021-2-24T13:33:19,-62.16034,-58.47405,43.8
2021-2-24T13:33:29,-62.16034,-58.47407,48.2
2021-2-24T13:33:40,-62.16037,-58.47397,56.4
2021-2-24T13:33:50,-62.16034,-58.47395,55.9
2021-2-24T13:34:1,-62.16034,-58.47391,58.9
2021-2-24T13:34:11,-62.16034,-58.47390,60.3
2021-2-24T13:34:22,-62.16031,-58.47400,54.4
2021-2-24T13:34:33,-62.16026,-58.47402,42.2
2021-2-24T13:34:43,-62.16023,-58.47435,37.0
2021-2-24T13:34:54,-62.16016,-58.47484,17.3
2021-2-24T13:35:4,-62.16019,-58.47469,13.3
2021-2-24T13:35:15,-62.16021,-58.47458,13.0
2021-2-24T13:35:26,-62.16021,-58.47465,3.0
2021-2-24T13:35:36,-62.16020,-58.47470,-6.8
2021-2-24T13:35:47,-62.16020,-58.47472,-10.9
2021-2-24T13:35:57,-62.16020,-58.47471,-15.1
2021-2-24T13:36:8,-62.16019,-58.47460,-24.7
2021-2-24T13:36:18,-62.16015,-58.47412,-38.0
2021-2-24T13:36:29,-62.16010,-58.47401,-47.9
2021-2-24T13:36:40,-62.16007,-58.47401,-56.9
2021-2-24T13:36:50,-62.16005,-58.47403,-65.3
2021-2-24T13:37:1,-62.16004,-58.47394,-67.6
2021-2-24T13:37:11,-62.16004,-58.47380,-64.5
2021-2-24T13:37:22,-62.16003,-58.47390,-64.4
2021-2-24T13:37:32,-62.16005,-58.47377,-60.2
2021-2-24T13:37:43,-62.16008,-58.47400,-58.9
2021-2-24T13:37:53,-62.16011,-58.47403,-51.5
2021-2-24T13:38:4,-62.16011,-58.47379,-37.8
2021-2-24T13:38:15,-62.16008,-58.47311,-2.5
2021-2-24T13:38:25,-62.15996,-58.47319,0.0
2021-2-24T13:38:36,-62.15981,-58.47302,2.9
2021-2-24T13:38:46,-62.15970,-58.47280,3.1
2021-2-24T13:38:57,-62.15960,-58.47259,2.6
