2021-2-24T12:46:16,-62.19775,-58.43485,5.9
2021-2-24T12:46:27,-62.19776,-58.43488,6.0
2021-2-24T12:46:38,-62.19775,-58.43486,5.9
2021-2-24T12:46:48,-62.19776,-58.43490,6.0
2021-2-24T12:46:59,-62.19776,-58.43488,5.8
2021-2-24T12:47:9,-62.19776,-58.43488,6.0
2021-2-24T12:47:20,-62.19776,-58.43488,6.1
2021-2-24T12:47:31,-62.19775,-58.43487,5.6
2021-2-24T12:47:41,-62.19775,-58.43487,5.7
2021-2-24T12:47:52,-62.19773,-58.43484,5.8
2021-2-24T12:48:2,-62.19771,-58.43484,5.9
2021-2-24T12:48:13,-62.19769,-58.43482,6.2
2021-2-24T12:48:23,-62.19767,-58.43479,6.3
2021-2-24T12:48:34,-62.19763,-58.43474,6.2
2021-2-24T12:48:44,-62.19760,-58.43472,5.8
2021-2-24T12:48:55,-62.19758,-58.43470,5.7
2021-2-24T12:49:6,-62.19753,-58.43464,6.2
2021-2-24T12:49:16,-62.19748,-58.43453,7.1
2021-2-24T12:49:27,-62.19745,-58.43445,7.1
2021-2-24T12:49:37,-62.19741,-58.43430,6.9
2021-2-24T12:49:48,-62.19732,-58.43408,6.8
2021-2-24T12:49:58,-62.19722,-58.43391,6.9
2021-2-24T12:50:9,-62.19709,-58.43374,7.1
2021-2-24T12:50:19,-62.19698,-58.43360,7.1
2021-2-24T12:50:30,-62.19687,-58.43342,7.1
2021-2-24T12:50:41,-62.19678,-58.43326,6.9
2021-2-24T12:50:51,-62.19661,-58.43299,6.4
2021-2-24T12:51:2,-62.19631,-58.43266,6.9
2021-2-24T12:51:12,-62.19580,-58.43225,6.9
2021-2-24T12:51:23,-62.19542,-58.43214,7.3
2021-2-24T12:51:34,-62.19453,-58.43159,6.5
2021-2-24T12:51:44,-62.19356,-58.43094,6.6
2021-2-24T12:51:55,-62.19249,-58.43032,6.5
2021-2-24T12:52:5,-62.19149,-58.42975,6.5
2021-2-24T12:52:16,-62.19038,-58.42956,6.2
2021-2-24T12:52:26,-62.18936,-58.42963,5.4
2021-2-24T12:52:37,-62.18826,-58.42982,4.1
2021-2-24T12:52:47,-62.18730,-58.42990,4.2
2021-2-24T12:52:58,-62.18620,-58.43030,5.4
2021-2-24T12:53:9,-62.18513,-58.43077,5.1
2021-2-24T12:53:19,-62.18416,-58.43138,4.7
2021-2-24T12:53:30,-62.18305,-58.43163,4.7
2021-2-24T12:53:40,-62.18204,-58.43198,4.5
2021-2-24T12:53:51,-62.18098,-58.43273,4.7
2021-2-24T12:54:1,-62.17999,-58.43323,4.6
2021-2-24T12:54:12,-62.17892,-58.43389,4.6
2021-2-24T12:54:23,-62.17786,-58.43472,4.3
2021-2-24T12:54:33,-62.17693,-58.43565,3.7
2021-2-24T12:54:44,-62.17590,-58.43667,4.5
2021-2-24T12:54:54,-62.17499,-58.43769,4.7
2021-2-24T12:55:5,-62.17396,-58.43860,4.6
2021-2-24T12:55:15,-62.17302,-58.43949,4.3
2021-2-24T12:55:26,-62.17200,-58.44051,4.4
2021-2-24T12:55:36,-62.17109,-58.44153,4.9
2021-2-24T12:55:47,-62.17008,-58.44271,4.3
2021-2-24T12:55:58,-62.16910,-58.44392,4.5
2021-2-24T12:56:8,-62.16818,-58.44496,4.7
2021-2-24T12:56:19,-62.16719,-58.44605,4.7
2021-2-24T12:56:29,-62.16623,-58.44689,4.4
2021-2-24T12:56:40,-62.16513,-58.44740,4.3
2021-2-24T12:56:51,-62.16403,-58.44806,4.3
2021-2-24T12:57:1,-62.16306,-58.44880,4.2
2021-2-24T12:57:12,-62.16204,-58.44989,4.0
2021-2-24T12:57:22,-62.16111,-58.45082,4.4
2021-2-24T12:57:33,-62.16018,-58.45221,4.7
2021-2-24T12:57:43,-62.15933,-58.45348,4.9
2021-2-24T12:57:54,-62.15846,-58.45502,4.8
2021-2-24T12:58:5,-62.15777,-58.45692,4.5
2021-2-24T12:58:15,-62.15719,-58.45868,4.2
2021-2-24T12:58:26,-62.15657,-58.46070,3.8
2021-2-24T12:58:36,-62.15613,-58.46266,4.1
2021-2-24T12:58:47,-62.15567,-58.46484,4.7
2021-2-24T12:58:57,-62.15521,-58.46678,4.4
2021-2-24T12:59:8,-62.15470,-58.46892,4.2
2021-2-24T12:59:18,-62.15423,-58.47084,3.8
2021-2-24T12:59:29,-62.15369,-58.47293,3.4
2021-2-24T12:59:40,-62.15314,-58.47500,3.2
2021-2-24T12:59:50,-62.15270,-58.47695,3.3
2021-2-24T13:0:1,-62.15251,-58.47927,4.2
2021-2-24T13:0:11,-62.15270,-58.48142,4.8
2021-2-24T13:0:22,-62.15337,-58.48340,4.9
2021-2-24T13:0:32,-62.15394,-58.48454,5.1
2021-2-24T13:0:43,-62.15420,-58.48426,5.4
2021-2-24T13:0:54,-62.15427,-58.48416,6.1
2021-2-24T13:1:4,-62.15438,-58.48400,6.4
2021-2-24T13:1:15,-62.15449,-58.48388,6.0
2021-2-24T13:1:25,-62.15454,-58.48386,6.4
2021-2-24T13:1:36,-62.15451,-58.48389,6.2
2021-2-24T13:1:46,-62.15444,-58.48395,6.1
2021-2-24T13:1:57,-62.15439,-58.48402,6.2
2021-2-24T13:2:8,-62.15436,-58.48405,5.8
2021-2-24T13:2:18,-62.15435,-58.48409,5.7
2021-2-24T13:2:29,-62.15434,-58.48414,5.5
2021-2-24T13:2:39,-62.15434,-58.48419,5.7
2021-2-24T13:2:50,-62.15435,-58.48426,5.7
2021-2-24T13:3:0,-62.15441,-58.48423,6.1
2021-2-24T13:3:11,-62.15449,-58.48411,5.5
2021-2-24T13:3:22,-62.15455,-58.48404,5.5
2021-2-24T13:3:32,-62.15457,-58.48399,5.5
2021-2-24T13:3:43,-62.15456,-58.48398,4.8
