2021-2-24T13:3:53,-62.15457,-58.48398,4.6
2021-2-24T13:4:4,-62.15457,-58.48398,5.1
2021-2-24T13:4:14,-62.15457,-58.48398,5.0
2021-2-24T13:4:25,-62.15458,-58.48395,5.1
2021-2-24T13:4:36,-62.15464,-58.48379,6.8
2021-2-24T13:4:46,-62.15470,-58.48364,8.6
2021-2-24T13:4:57,-62.15476,-58.48348,10.2
2021-2-24T13:5:7,-62.15476,-58.48348,9.8
2021-2-24T13:5:18,-62.15477,-58.48345,9.6
2021-2-24T13:5:28,-62.15486,-58.48315,10.1
2021-2-24T13:5:39,-62.15495,-58.48272,9.8
2021-2-24T13:5:49,-62.15503,-58.48230,9.9
2021-2-24T13:6:0,-62.15512,-58.48182,9.8
2021-2-24T13:6:11,-62.15515,-58.48129,9.4
2021-2-24T13:6:21,-62.15517,-58.48091,9.1
2021-2-24T13:6:32,-62.15521,-58.48041,9.6
2021-2-24T13:6:42,-62.15537,-58.47998,10.3
2021-2-24T13:6:53,-62.15570,-58.47952,9.7
2021-2-24T13:7:3,-62.15602,-58.47909,9.4
2021-2-24T13:7:14,-62.15631,-58.47873,8.7
2021-2-24T13:7:25,-62.15662,-58.47830,8.5
2021-2-24T13:7:35,-62.15681,-58.47762,8.3
2021-2-24T13:7:46,-62.15706,-58.47686,8.9
2021-2-24T13:7:56,-62.15736,-58.47632,9.6
2021-2-24T13:8:7,-62.15771,-58.47576,9.4
2021-2-24T13:8:17,-62.15801,-58.47524,9.4
2021-2-24T13:8:28,-62.15830,-58.47459,9.7
2021-2-24T13:8:39,-62.15855,-58.47397,9.4
2021-2-24T13:8:49,-62.15876,-58.47341,8.7
2021-2-24T13:9:0,-62.15897,-58.47320,8.2
2021-2-24T13:9:10,-62.15923,-58.47308,8.7
2021-2-24T13:9:21,-62.15953,-58.47299,9.2
2021-2-24T13:9:31,-62.15979,-58.47317,10.1
2021-2-24T13:9:42,-62.15995,-58.47362,10.1
2021-2-24T13:9:53,-62.16008,-58.47398,10.4
2021-2-24T13:10:3,-62.16007,-58.47398,11.0
2021-2-24T13:10:14,-62.16005,-58.47382,11.0
2021-2-24T13:10:24,-62.16005,-58.47367,10.2
2021-2-24T13:10:35,-62.16008,-58.47352,10.3
2021-2-24T13:10:45,-62.16014,-58.47344,10.8
2021-2-24T13:10:56,-62.16012,-58.47344,11.2
2021-2-24T13:11:7,-62.16013,-58.47342,10.5
2021-2-24T13:11:17,-62.16015,-58.47338,8.2
2021-2-24T13:11:28,-62.16018,-58.47335,5.8
2021-2-24T13:11:38,-62.16021,-58.47330,7.3
2021-2-24T13:11:49,-62.16021,-58.47340,1.4
2021-2-24T13:11:59,-62.16016,-58.47380,-23.0
2021-2-24T13:12:10,-62.16017,-58.47377,-15.8
2021-2-24T13:12:21,-62.16020,-58.47362,-12.6
2021-2-24T13:12:31,-62.16021,-58.47354,-4.4
2021-2-24T13:12:42,-62.16022,-58.47375,-1.6
2021-2-24T13:12:52,-62.16020,-58.47396,-1.8
2021-2-24T13:13:3,-62.16024,-58.47404,9.8
2021-2-24T13:13:13,-62.16026,-58.47410,14.7
2021-2-24T13:13:24,-62.16029,-58.47413,22.9
2021-2-24T13:13:35,-62.16033,-58.47411,29.9
2021-2-24T13:13:45,-62.16037,-58.47409,36.5
2021-2-24T13:13:56,-62.16037,-58.47397,31.9
2021-2-24T13:14:6,-62.16033,-58.47410,7.1
2021-2-24T13:14:17,-62.16030,-58.47415,-1.1
2021-2-24T13:14:27,-62.16036,-58.47398,4.8
2021-2-24T13:14:38,-62.16040,-58.47380,14.9
2021-2-24T13:14:49,-62.16035,-58.47363,20.6
2021-2-24T13:14:59,-62.16029,-58.47359,23.2
2021-2-24T13:15:10,-62.16025,-58.47363,19.0
2021-2-24T13:15:20,-62.16025,-58.47374,17.9
2021-2-24T13:15:31,-62.16023,-58.47376,18.9
2021-2-24T13:15:41,-62.16021,-58.47380,21.7
2021-2-24T13:15:52,-62.16014,-58.47384,17.5
2021-2-24T13:16:3,-62.16016,-58.47387,14.4
2021-2-24T13:16:13,-62.16019,-58.47381,13.6
2021-2-24T13:16:24,-62.16019,-58.47376,6.3
2021-2-24T13:16:34,-62.16020,-58.47379,5.5
2021-2-24T13:16:45,-62.16018,-58.47388,3.8
2021-2-24T13:16:55,-62.16020,-58.47395,2.6
2021-2-24T13:17:6,-62.16025,-58.47411,14.4
2021-2-24T13:17:16,-62.16027,-58.47408,14.9
2021-2-24T13:17:27,-62.16027,-58.47395,17.1
2021-2-24T13:17:38,-62.16025,-58.47390,13.4
2021-2-24T13:17:48,-62.16025,-58.47389,8.5
2021-2-24T13:17:59,-62.16024,-58.47390,0.7
2021-2-24T13:18:9,-62.16024,-58.47392,-6.5
2021-2-24T13:18:20,-62.16023,-58.47401,-13.9
2021-2-24T13:18:31,-62.16019,-58.47406,-24.3
2021-2-24T13:18:41,-62.16017,-58.47407,-30.4
2021-2-24T13:18:52,-62.16015,-58.47413,-34.5
2021-2-24T13:19:2,-62.16014,-58.47415,-37.9
2021-2-24T13:19:13,-62.16011,-58.47417,-42.7
2021-2-24T13:19:23,-62.16010,-58.47412,-49.8
2021-2-24T13:19:34,-62.16012,-58.47402,-45.7
2021-2-24T13:19:45,-62.16013,-58.47388,-40.8
2021-2-24T13:19:55,-62.16011,-58.47395,-40.5
2021-2-24T13:20:6,-62.16010,-58.47404,-45.0
2021-2-24T13:20:16,-62.16008,-58.47422,-44.1
2021-2-24T13:20:27,-62.16012,-58.47425,-36.4
2021-2-24T13:20:37,-62.16013,-58.47426,-37.5
2021-2-24T13:20:48,-62.16013,-58.47432,-39.2
2021-2-24T13:20:59,-62.16011,-58.47439,-46.1
2021-2-24T13:21:9,-62.16013,-58.47438,-48.7
2021-2-24T13:21:20,-62.16014,-58.47433,-51.6
