2021-2-24T12:11:3,-62.16007,-58.47401,55.7
2021-2-24T12:11:14,-62.16008,-58.47387,50.4
2021-2-24T12:11:25,-62.16013,-58.47365,39.4
2021-2-24T12:11:35,-62.16013,-58.47359,35.5
2021-2-24T12:11:46,-62.16015,-58.47358,36.4
2021-2-24T12:11:56,-62.16013,-58.47357,34.3
2021-2-24T12:12:7,-62.16010,-58.47357,25.8
2021-2-24T12:12:17,-62.16010,-58.47354,20.9
2021-2-24T12:12:28,-62.16011,-58.47354,23.7
2021-2-24T12:12:39,-62.16010,-58.47354,22.3
2021-2-24T12:12:49,-62.16011,-58.47353,22.1
2021-2-24T12:13:0,-62.16011,-58.47353,20.7
2021-2-24T12:13:10,-62.16014,-58.47357,24.3
2021-2-24T12:13:21,-62.16012,-58.47359,22.6
2021-2-24T12:13:32,-62.16010,-58.47362,21.7
2021-2-24T12:13:42,-62.16011,-58.47362,23.8
2021-2-24T12:13:53,-62.16010,-58.47362,24.9
2021-2-24T12:14:3,-62.16011,-58.47365,28.2
2021-2-24T12:14:14,-62.16014,-58.47364,31.3
2021-2-24T12:14:24,-62.16012,-58.47366,31.5
2021-2-24T12:14:35,-62.16009,-58.47368,33.7
2021-2-24T12:14:45,-62.15998,-58.47364,20.3
2021-2-24T12:14:56,-62.15987,-58.47347,17.7
2021-2-24T12:15:7,-62.15968,-58.47309,13.6
2021-2-24T12:15:17,-62.15942,-58.47305,11.6
2021-2-24T12:15:28,-62.15914,-58.47311,10.1
2021-2-24T12:15:38,-62.15896,-58.47319,9.3
2021-2-24T12:15:49,-62.15883,-58.47336,9.4
2021-2-24T12:15:59,-62.15865,-58.47374,10.0
2021-2-24T12:16:10,-62.15849,-58.47417,10.0
2021-2-24T12:16:20,-62.15834,-58.47454,9.7
2021-2-24T12:16:31,-62.15816,-58.47497,9.7
2021-2-24T12:16:42,-62.15798,-58.47536,9.5
2021-2-24T12:16:52,-62.15778,-58.47571,9.2
2021-2-24T12:17:3,-62.15753,-58.47612,9.2
2021-2-24T12:17:13,-62.15731,-58.47647,9.5
2021-2-24T12:17:24,-62.15707,-58.47691,9.2
2021-2-24T12:17:34,-62.15691,-58.47736,9.4
2021-2-24T12:17:45,-62.15675,-58.47792,8.9
2021-2-24T12:17:55,-62.15666,-58.47825,8.5
2021-2-24T12:18:6,-62.15655,-58.47851,8.4
2021-2-24T12:18:17,-62.15633,-58.47880,9.2
2021-2-24T12:18:27,-62.15613,-58.47903,9.8
2021-2-24T12:18:38,-62.15587,-58.47937,9.3
2021-2-24T12:18:48,-62.15562,-58.47973,9.5
2021-2-24T12:18:59,-62.15540,-58.48005,9.6
2021-2-24T12:19:9,-62.15527,-58.48028,9.4
2021-2-24T12:19:20,-62.15521,-58.48060,9.1
2021-2-24T12:19:31,-62.15518,-58.48103,9.0
2021-2-24T12:19:41,-62.15516,-58.48138,8.4
2021-2-24T12:19:52,-62.15514,-58.48174,8.0
2021-2-24T12:20:2,-62.15509,-58.48212,7.7
2021-2-24T12:20:13,-62.15501,-58.48255,8.6
2021-2-24T12:20:23,-62.15496,-58.48290,8.5
2021-2-24T12:20:34,-62.15487,-58.48319,8.5
2021-2-24T12:20:44,-62.15480,-58.48346,8.8
2021-2-24T12:20:55,-62.15487,-58.48364,8.8
2021-2-24T12:21:6,-62.15482,-58.48356,9.4
2021-2-24T12:21:16,-62.15474,-58.48363,8.6
2021-2-24T12:21:27,-62.15468,-58.48371,7.4
2021-2-24T12:21:37,-62.15464,-58.48377,6.2
2021-2-24T12:21:48,-62.15457,-58.48386,5.4
2021-2-24T12:21:58,-62.15456,-58.48388,6.4
2021-2-24T12:22:9,-62.15455,-58.48387,6.7
2021-2-24T12:22:20,-62.15454,-58.48389,7.1
2021-2-24T12:22:30,-62.15457,-58.48387,7.4
2021-2-24T12:22:41,-62.15458,-58.48384,7.3
2021-2-24T12:22:51,-62.15459,-58.48383,7.3
2021-2-24T12:23:2,-62.15459,-58.48384,8.1
2021-2-24T12:23:12,-62.15460,-58.48384,8.0
2021-2-24T12:23:23,-62.15460,-58.48384,8.2
2021-2-24T12:23:33,-62.15460,-58.48384,8.3
2021-2-24T12:23:44,-62.15459,-58.48385,8.1
2021-2-24T12:23:55,-62.15456,-58.48387,7.1
2021-2-24T12:24:5,-62.15454,-58.48388,6.5
2021-2-24T12:24:16,-62.15453,-58.48391,7.1
2021-2-24T12:24:26,-62.15452,-58.48392,6.7
2021-2-24T12:24:37,-62.15451,-58.48394,6.9
2021-2-24T12:24:48,-62.15450,-58.48398,7.0
2021-2-24T12:24:58,-62.15450,-58.48400,7.6
2021-2-24T12:25:9,-62.15449,-58.48402,8.2
2021-2-24T12:25:19,-62.15449,-58.48404,8.1
2021-2-24T12:25:30,-62.15446,-58.48404,8.4
2021-2-24T12:25:40,-62.15436,-58.48403,8.0
2021-2-24T12:25:51,-62.15422,-58.48407,7.4
2021-2-24T12:26:1,-62.15411,-58.48419,7.1
2021-2-24T12:26:12,-62.15405,-58.48420,7.4
2021-2-24T12:26:23,-62.15402,-58.48419,7.6
2021-2-24T12:26:33,-62.15399,-58.48418,7.6
2021-2-24T12:26:44,-62.15398,-58.48418,8.0
2021-2-24T12:26:54,-62.15396,-58.48418,7.9
2021-2-24T12:27:5,-62.15394,-58.48419,7.6
2021-2-24T12:27:15,-62.15393,-58.48419,7.5
2021-2-24T12:27:26,-62.15391,-58.48420,7.6
2021-2-24T12:27:36,-62.15356,-58.48411,7.4
2021-2-24T12:27:47,-62.15285,-58.48256,6.9
2021-2-24T12:27:58,-62.15291,-58.48010,6.6
2021-2-24T12:28:8,-62.15318,-58.47788,6.1
2021-2-24T12:28:19,-62.15355,-58.47547,5.0
2021-2-24T12:28:29,-62.15385,-58.47325,4.2
2021-2-24T12:28:40,-62.15410,-58.47078,4.4
2021-2-24T12:28:50,-62.15436,-58.46856,4.2
2021-2-24T12:29:1,-62.15476,-58.46621,3.9
2021-2-24T12:29:12,-62.15527,-58.46394,3.4
2021-2-24T12:29:22,-62.15581,-58.46199,3.9
2021-2-24T12:29:33,-62.15648,-58.45994,3.8
2021-2-24T12:29:43,-62.15725,-58.45836,3.8
2021-2-24T12:29:54,-62.15819,-58.45679,5.0
2021-2-24T12:30:5,-62.15912,-58.45523,6.3
2021-2-24T12:30:15,-62.15999,-58.45387,5.9
2021-2-24T12:30:26,-62.16098,-58.45254,5.7
2021-2-24T12:30:36,-62.16194,-58.45149,6.4
2021-2-24T12:30:47,-62.16299,-58.45032,7.2
2021-2-24T12:30:57,-62.16397,-58.44939,6.7
2021-2-24T12:31:8,-62.16502,-58.44824,6.6
2021-2-24T12:31:18,-62.16594,-58.44707,7.7
2021-2-24T12:31:29,-62.16690,-58.44566,7.2
2021-2-24T12:31:40,-62.16786,-58.44418,6.1
2021-2-24T12:31:50,-62.16877,-58.44294,5.6
2021-2-24T12:32:1,-62.16982,-58.44175,5.5
2021-2-24T12:32:11,-62.17082,-58.44085,4.7
2021-2-24T12:32:22,-62.17193,-58.43989,7.1
2021-2-24T12:32:32,-62.17292,-58.43891,6.2
2021-2-24T12:32:43,-62.17405,-58.43818,6.6
2021-2-24T12:32:53,-62.17509,-58.43756,7.9
2021-2-24T12:33:4,-62.17623,-58.43682,7.2
2021-2-24T12:33:15,-62.17738,-58.43603,7.6
2021-2-24T12:33:25,-62.17843,-58.43548,7.4
2021-2-24T12:33:36,-62.17960,-58.43502,7.3
2021-2-24T12:33:46,-62.18068,-58.43470,6.1
2021-2-24T12:33:57,-62.18188,-58.43439,6.7
2021-2-24T12:34:7,-62.18297,-58.43420,6.3
2021-2-24T12:34:18,-62.18412,-58.43347,7.3
2021-2-24T12:34:28,-62.18466,-58.43270,7.6
2021-2-24T12:34:39,-62.18533,-58.43186,7.3
2021-2-24T12:34:50,-62.18642,-58.43133,7.1
2021-2-24T12:35:0,-62.18749,-58.43092,6.9
2021-2-24T12:35:11,-62.18859,-58.42994,8.7
2021-2-24T12:35:21,-62.18958,-58.42899,7.5
2021-2-24T12:35:32,-62.19069,-58.42806,8.1
2021-2-24T12:35:43,-62.19176,-58.42695,5.7
2021-2-24T12:35:53,-62.19279,-58.42629,6.1
2021-2-24T12:36:4,-62.19394,-58.42576,6.2
2021-2-24T12:36:14,-62.19495,-58.42546,7.3
2021-2-24T12:36:25,-62.19544,-58.42525,6.3
2021-2-24T12:36:35,-62.19553,-58.42526,6.7
2021-2-24T12:36:46,-62.19557,-58.42531,6.6
2021-2-24T12:36:56,-62.19559,-58.42536,6.1
2021-2-24T12:37:7,-62.19558,-58.42544,5.8
2021-2-24T12:37:18,-62.19565,-58.42590,6.0
2021-2-24T12:37:28,-62.19569,-58.42634,6.3
2021-2-24T12:37:39,-62.19573,-58.42696,6.6
2021-2-24T12:37:49,-62.19582,-58.42785,5.4
2021-2-24T12:38:0,-62.19604,-58.42910,5.9
2021-2-24T12:38:10,-62.19619,-58.42999,5.3
2021-2-24T12:38:21,-62.19633,-58.43054,5.2
2021-2-24T12:38:31,-62.19646,-58.43103,5.6
2021-2-24T12:38:42,-62.19660,-58.43146,5.5
2021-2-24T12:38:53,-62.19663,-58.43156,5.1
2021-2-24T12:39:3,-62.19663,-58.43164,5.0
2021-2-24T12:39:14,-62.19671,-58.43190,5.3
2021-2-24T12:39:24,-62.19683,-58.43214,4.9
2021-2-24T12:39:35,-62.19695,-58.43243,4.8
2021-2-24T12:39:45,-62.19705,-58.43270,4.6
2021-2-24T12:39:56,-62.19715,-58.43302,4.5
2021-2-24T12:40:7,-62.19724,-58.43333,4.6
2021-2-24T12:40:17,-62.19729,-58.43368,4.3
2021-2-24T12:40:28,-62.19733,-58.43399,4.2
2021-2-24T12:40:38,-62.19740,-58.43423,4.0
2021-2-24T12:40:49,-62.19749,-58.43444,4.4
2021-2-24T12:40:59,-62.19757,-58.43459,4.9
2021-2-24T12:41:10,-62.19766,-58.43473,5.2
2021-2-24T12:41:21,-62.19772,-58.43483,5.5
2021-2-24T12:41:31,-62.19775,-58.43493,5.4
2021-2-24T12:41:42,-62.19777,-58.43496,5.6
2021-2-24T12:41:52,-62.19777,-58.43495,5.6
2021-2-24T12:42:3,-62.19777,-58.43494,6.0
2021-2-24T12:42:13,-62.19776,-58.43491,6.5
2021-2-24T12:42:24,-62.19776,-58.43491,6.4
2021-2-24T12:42:35,-62.19776,-58.43491,6.5
2021-2-24T12:42:45,-62.19777,-58.43490,6.6
2021-2-24T12:42:56,-62.19778,-58.43492,6.4
2021-2-24T12:43:6,-62.19777,-58.43489,6.2
2021-2-24T12:43:17,-62.19776,-58.43490,5.9
2021-2-24T12:43:27,-62.19776,-58.43490,6.5
2021-2-24T12:43:38,-62.19775,-58.43489,6.1
2021-2-24T12:43:48,-62.19775,-58.43489,5.8
2021-2-24T12:43:59,-62.19774,-58.43487,5.5
2021-2-24T12:44:10,-62.19773,-58.43484,5.2
2021-2-24T12:44:20,-62.19774,-58.43485,5.3
2021-2-24T12:44:31,-62.19774,-58.43483,5.7
2021-2-24T12:44:41,-62.19775,-58.43486,5.4
2021-2-24T12:44:52,-62.19776,-58.43487,5.4
2021-2-24T12:45:2,-62.19775,-58.43486,5.8
2021-2-24T12:45:13,-62.19775,-58.43487,5.9
2021-2-24T12:45:23,-62.19775,-58.43487,6.1
2021-2-24T12:45:34,-62.19775,-58.43487,6.0
2021-2-24T12:45:45,-62.19774,-58.43485,6.0
2021-2-24T12:45:55,-62.19775,-58.43485,5.7
2021-2-24T12:46:6,-62.19775,-58.43485,5.9
2021-2-24T12:46:16,-62.19775,-58.43485,5.9
2021-2-24T12:46:27,-62.19776,-58.43488,6.0
2021-2-24T12:46:38,-62.19775,-58.43486,5.9
2021-2-24T12:46:48,-62.19776,-58.43490,6.0
2021-2-24T12:46:59,-62.19776,-58.43488,5.8
2021-2-24T12:47:9,-62.19776,-58.43488,6.0
2021-2-24T12:47:20,-62.19776,-58.43488,6.1
2021-2-24T12:47:31,-62.19775,-58.43487,5.6
2021-2-24T12:47:41,-62.19775,-58.43487,5.7
2021-2-24T12:47:52,-62.19773,-58.43484,5.8
2021-2-24T12:48:2,-62.19771,-58.43484,5.9
2021-2-24T12:48:13,-62.19769,-58.43482,6.2
2021-2-24T12:48:23,-62.19767,-58.43479,6.3
2021-2-24T12:48:34,-62.19763,-58.43474,6.2
2021-2-24T12:48:44,-62.19760,-58.43472,5.8
2021-2-24T12:48:55,-62.19758,-58.43470,5.7
2021-2-24T12:49:6,-62.19753,-58.43464,6.2
2021-2-24T12:49:16,-62.19748,-58.43453,7.1
2021-2-24T12:49:27,-62.19745,-58.43445,7.1
2021-2-24T12:49:37,-62.19741,-58.43430,6.9
2021-2-24T12:49:48,-62.19732,-58.43408,6.8
2021-2-24T12:49:58,-62.19722,-58.43391,6.9
2021-2-24T12:50:9,-62.19709,-58.43374,7.1
2021-2-24T12:50:19,-62.19698,-58.43360,7.1
2021-2-24T12:50:30,-62.19687,-58.43342,7.1
2021-2-24T12:50:41,-62.19678,-58.43326,6.9
2021-2-24T12:50:51,-62.19661,-58.43299,6.4
2021-2-24T12:51:2,-62.19631,-58.43266,6.9
2021-2-24T12:51:12,-62.19580,-58.43225,6.9
2021-2-24T12:51:23,-62.19542,-58.43214,7.3
2021-2-24T12:51:34,-62.19453,-58.43159,6.5
2021-2-24T12:51:44,-62.19356,-58.43094,6.6
2021-2-24T12:51:55,-62.19249,-58.43032,6.5
2021-2-24T12:52:5,-62.19149,-58.42975,6.5
2021-2-24T12:52:16,-62.19038,-58.42956,6.2
2021-2-24T12:52:26,-62.18936,-58.42963,5.4
2021-2-24T12:52:37,-62.18826,-58.42982,4.1
2021-2-24T12:52:47,-62.18730,-58.42990,4.2
2021-2-24T12:52:58,-62.18620,-58.43030,5.4
2021-2-24T12:53:9,-62.18513,-58.43077,5.1
2021-2-24T12:53:19,-62.18416,-58.43138,4.7
2021-2-24T12:53:30,-62.18305,-58.43163,4.7
2021-2-24T12:53:40,-62.18204,-58.43198,4.5
2021-2-24T12:53:51,-62.18098,-58.43273,4.7
2021-2-24T12:54:1,-62.17999,-58.43323,4.6
2021-2-24T12:54:12,-62.17892,-58.43389,4.6
2021-2-24T12:54:23,-62.17786,-58.43472,4.3
2021-2-24T12:54:33,-62.17693,-58.43565,3.7
2021-2-24T12:54:44,-62.17590,-58.43667,4.5
2021-2-24T12:54:54,-62.17499,-58.43769,4.7
2021-2-24T12:55:5,-62.17396,-58.43860,4.6
2021-2-24T12:55:15,-62.17302,-58.43949,4.3
2021-2-24T12:55:26,-62.17200,-58.44051,4.4
2021-2-24T12:55:36,-62.17109,-58.44153,4.9
2021-2-24T12:55:47,-62.17008,-58.44271,4.3
2021-2-24T12:55:58,-62.16910,-58.44392,4.5
2021-2-24T12:56:8,-62.16818,-58.44496,4.7
2021-2-24T12:56:19,-62.16719,-58.44605,4.7
2021-2-24T12:56:29,-62.16623,-58.44689,4.4
2021-2-24T12:56:40,-62.16513,-58.44740,4.3
2021-2-24T12:56:51,-62.16403,-58.44806,4.3
2021-2-24T12:57:1,-62.16306,-58.44880,4.2
2021-2-24T12:57:12,-62.16204,-58.44989,4.0
2021-2-24T12:57:22,-62.16111,-58.45082,4.4
2021-2-24T12:57:33,-62.16018,-58.45221,4.7
2021-2-24T12:57:43,-62.15933,-58.45348,4.9
2021-2-24T12:57:54,-62.15846,-58.45502,4.8
2021-2-24T12:58:5,-62.15777,-58.45692,4.5
2021-2-24T12:58:15,-62.15719,-58.45868,4.2
2021-2-24T12:58:26,-62.15657,-58.46070,3.8
2021-2-24T12:58:36,-62.15613,-58.46266,4.1
2021-2-24T12:58:47,-62.15567,-58.46484,4.7
2021-2-24T12:58:57,-62.15521,-58.46678,4.4
2021-2-24T12:59:8,-62.15470,-58.46892,4.2
2021-2-24T12:59:18,-62.15423,-58.47084,3.8
2021-2-24T12:59:29,-62.15369,-58.47293,3.4
2021-2-24T12:59:40,-62.15314,-58.47500,3.2
2021-2-24T12:59:50,-62.15270,-58.47695,3.3
2021-2-24T13:0:1,-62.15251,-58.47927,4.2
2021-2-24T13:0:11,-62.15270,-58.48142,4.8
2021-2-24T13:0:22,-62.15337,-58.48340,4.9
2021-2-24T13:0:32,-62.15394,-58.48454,5.1
2021-2-24T13:0:43,-62.15420,-58.48426,5.4
2021-2-24T13:0:54,-62.15427,-58.48416,6.1
2021-2-24T13:1:4,-62.15438,-58.48400,6.4
2021-2-24T13:1:15,-62.15449,-58.48388,6.0
2021-2-24T13:1:25,-62.15454,-58.48386,6.4
2021-2-24T13:1:36,-62.15451,-58.48389,6.2
2021-2-24T13:1:46,-62.15444,-58.48395,6.1
2021-2-24T13:1:57,-62.15439,-58.48402,6.2
2021-2-24T13:2:8,-62.15436,-58.48405,5.8
2021-2-24T13:2:18,-62.15435,-58.48409,5.7
2021-2-24T13:2:29,-62.15434,-58.48414,5.5
2021-2-24T13:2:39,-62.15434,-58.48419,5.7
2021-2-24T13:2:50,-62.15435,-58.48426,5.7
2021-2-24T13:3:0,-62.15441,-58.48423,6.1
2021-2-24T13:3:11,-62.15449,-58.48411,5.5
2021-2-24T13:3:22,-62.15455,-58.48404,5.5
2021-2-24T13:3:32,-62.15457,-58.48399,5.5
2021-2-24T13:3:43,-62.15456,-58.48398,4.8
2021-2-24T13:3:53,-62.15457,-58.48398,4.6
2021-2-24T13:4:4,-62.15457,-58.48398,5.1
2021-2-24T13:4:14,-62.15457,-58.48398,5.0
2021-2-24T13:4:25,-62.15458,-58.48395,5.1
2021-2-24T13:4:36,-62.15464,-58.48379,6.8
2021-2-24T13:4:46,-62.15470,-58.48364,8.6
2021-2-24T13:4:57,-62.15476,-58.48348,10.2
2021-2-24T13:5:7,-62.15476,-58.48348,9.8
2021-2-24T13:5:18,-62.15477,-58.48345,9.6
2021-2-24T13:5:28,-62.15486,-58.48315,10.1
2021-2-24T13:5:39,-62.15495,-58.48272,9.8
2021-2-24T13:5:49,-62.15503,-58.48230,9.9
2021-2-24T13:6:0,-62.15512,-58.48182,9.8
2021-2-24T13:6:11,-62.15515,-58.48129,9.4
2021-2-24T13:6:21,-62.15517,-58.48091,9.1
2021-2-24T13:6:32,-62.15521,-58.48041,9.6
2021-2-24T13:6:42,-62.15537,-58.47998,10.3
2021-2-24T13:6:53,-62.15570,-58.47952,9.7
2021-2-24T13:7:3,-62.15602,-58.47909,9.4
2021-2-24T13:7:14,-62.15631,-58.47873,8.7
2021-2-24T13:7:25,-62.15662,-58.47830,8.5
2021-2-24T13:7:35,-62.15681,-58.47762,8.3
2021-2-24T13:7:46,-62.15706,-58.47686,8.9
2021-2-24T13:7:56,-62.15736,-58.47632,9.6
2021-2-24T13:8:7,-62.15771,-58.47576,9.4
2021-2-24T13:8:17,-62.15801,-58.47524,9.4
2021-2-24T13:8:28,-62.15830,-58.47459,9.7
2021-2-24T13:8:39,-62.15855,-58.47397,9.4
2021-2-24T13:8:49,-62.15876,-58.47341,8.7
2021-2-24T13:9:0,-62.15897,-58.47320,8.2
2021-2-24T13:9:10,-62.15923,-58.47308,8.7
2021-2-24T13:9:21,-62.15953,-58.47299,9.2
2021-2-24T13:9:31,-62.15979,-58.47317,10.1
2021-2-24T13:9:42,-62.15995,-58.47362,10.1
2021-2-24T13:9:53,-62.16008,-58.47398,10.4
2021-2-24T13:10:3,-62.16007,-58.47398,11.0
2021-2-24T13:10:14,-62.16005,-58.47382,11.0
2021-2-24T13:10:24,-62.16005,-58.47367,10.2
2021-2-24T13:10:35,-62.16008,-58.47352,10.3
2021-2-24T13:10:45,-62.16014,-58.47344,10.8
2021-2-24T13:10:56,-62.16012,-58.47344,11.2
2021-2-24T13:11:7,-62.16013,-58.47342,10.5
2021-2-24T13:11:17,-62.16015,-58.47338,8.2
2021-2-24T13:11:28,-62.16018,-58.47335,5.8
2021-2-24T13:11:38,-62.16021,-58.47330,7.3
2021-2-24T13:11:49,-62.16021,-58.47340,1.4
2021-2-24T13:11:59,-62.16016,-58.47380,-23.0
2021-2-24T13:12:10,-62.16017,-58.47377,-15.8
2021-2-24T13:12:21,-62.16020,-58.47362,-12.6
2021-2-24T13:12:31,-62.16021,-58.47354,-4.4
2021-2-24T13:12:42,-62.16022,-58.47375,-1.6
2021-2-24T13:12:52,-62.16020,-58.47396,-1.8
2021-2-24T13:13:3,-62.16024,-58.47404,9.8
2021-2-24T13:13:13,-62.16026,-58.47410,14.7
2021-2-24T13:13:24,-62.16029,-58.47413,22.9
2021-2-24T13:13:35,-62.16033,-58.47411,29.9
2021-2-24T13:13:45,-62.16037,-58.47409,36.5
2021-2-24T13:13:56,-62.16037,-58.47397,31.9
2021-2-24T13:14:6,-62.16033,-58.47410,7.1
2021-2-24T13:14:17,-62.16030,-58.47415,-1.1
2021-2-24T13:14:27,-62.16036,-58.47398,4.8
2021-2-24T13:14:38,-62.16040,-58.47380,14.9
2021-2-24T13:14:49,-62.16035,-58.47363,20.6
2021-2-24T13:14:59,-62.16029,-58.47359,23.2
2021-2-24T13:15:10,-62.16025,-58.47363,19.0
2021-2-24T13:15:20,-62.16025,-58.47374,17.9
2021-2-24T13:15:31,-62.16023,-58.47376,18.9
2021-2-24T13:15:41,-62.16021,-58.47380,21.7
2021-2-24T13:15:52,-62.16014,-58.47384,17.5
2021-2-24T13:16:3,-62.16016,-58.47387,14.4
2021-2-24T13:16:13,-62.16019,-58.47381,13.6
2021-2-24T13:16:24,-62.16019,-58.47376,6.3
2021-2-24T13:16:34,-62.16020,-58.47379,5.5
2021-2-24T13:16:45,-62.16018,-58.47388,3.8
2021-2-24T13:16:55,-62.16020,-58.47395,2.6
2021-2-24T13:17:6,-62.16025,-58.47411,14.4
2021-2-24T13:17:16,-62.16027,-58.47408,14.9
2021-2-24T13:17:27,-62.16027,-58.47395,17.1
2021-2-24T13:17:38,-62.16025,-58.47390,13.4
2021-2-24T13:17:48,-62.16025,-58.47389,8.5
2021-2-24T13:17:59,-62.16024,-58.47390,0.7
2021-2-24T13:18:9,-62.16024,-58.47392,-6.5
2021-2-24T13:18:20,-62.16023,-58.47401,-13.9
2021-2-24T13:18:31,-62.16019,-58.47406,-24.3
2021-2-24T13:18:41,-62.16017,-58.47407,-30.4
2021-2-24T13:18:52,-62.16015,-58.47413,-34.5
2021-2-24T13:19:2,-62.16014,-58.47415,-37.9
2021-2-24T13:19:13,-62.16011,-58.47417,-42.7
2021-2-24T13:19:23,-62.16010,-58.47412,-49.8
2021-2-24T13:19:34,-62.16012,-58.47402,-45.7
2021-2-24T13:19:45,-62.16013,-58.47388,-40.8
2021-2-24T13:19:55,-62.16011,-58.47395,-40.5
2021-2-24T13:20:6,-62.16010,-58.47404,-45.0
2021-2-24T13:20:16,-62.16008,-58.47422,-44.1
2021-2-24T13:20:27,-62.16012,-58.47425,-36.4
2021-2-24T13:20:37,-62.16013,-58.47426,-37.5
2021-2-24T13:20:48,-62.16013,-58.47432,-39.2
2021-2-24T13:20:59,-62.16011,-58.47439,-46.1
2021-2-24T13:21:9,-62.16013,-58.47438,-48.7
2021-2-24T13:21:20,-62.16014,-58.47433,-51.6
2021-2-24T13:21:30,-62.16014,-58.47428,-48.2
2021-2-24T13:21:41,-62.16014,-58.47428,-46.8
2021-2-24T13:21:51,-62.16016,-58.47419,-43.8
2021-2-24T13:22:2,-62.16022,-58.47414,-40.7
2021-2-24T13:22:13,-62.16032,-58.47409,-28.8
2021-2-24T13:22:23,-62.16033,-58.47408,-14.1
2021-2-24T13:22:34,-62.16034,-58.47409,0.7
2021-2-24T13:22:44,-62.16033,-58.47398,4.5
2021-2-24T13:22:55,-62.16031,-58.47399,9.2
2021-2-24T13:23:5,-62.16029,-58.47402,14.1
2021-2-24T13:23:16,-62.16028,-58.47398,15.8
2021-2-24T13:23:27,-62.16028,-58.47390,15.6
2021-2-24T13:23:37,-62.16030,-58.47378,18.3
2021-2-24T13:23:48,-62.16029,-58.47394,22.2
2021-2-24T13:23:58,-62.16028,-58.47408,20.5
2021-2-24T13:24:9,-62.16026,-58.47401,11.8
2021-2-24T13:24:20,-62.16024,-58.47396,-1.5
2021-2-24T13:24:30,-62.16023,-58.47387,-9.5
2021-2-24T13:24:41,-62.16022,-58.47393,-21.6
2021-2-24T13:24:51,-62.16022,-58.47401,-27.4
2021-2-24T13:25:2,-62.16021,-58.47396,-32.3
2021-2-24T13:25:12,-62.16021,-58.47388,-32.2
2021-2-24T13:25:23,-62.16017,-58.47386,-27.3
2021-2-24T13:25:34,-62.16017,-58.47397,-20.3
2021-2-24T13:25:44,-62.16017,-58.47403,-10.4
2021-2-24T13:25:55,-62.16021,-58.47402,6.1
2021-2-24T13:26:5,-62.16020,-58.47391,11.8
2021-2-24T13:26:16,-62.16020,-58.47383,12.4
2021-2-24T13:26:26,-62.16022,-58.47375,18.5
2021-2-24T13:26:37,-62.16020,-58.47368,15.3
2021-2-24T13:26:48,-62.16018,-58.47366,9.1
2021-2-24T13:26:58,-62.16021,-58.47360,4.8
2021-2-24T13:27:9,-62.16023,-58.47360,0.3
2021-2-24T13:27:19,-62.16025,-58.47359,-4.6
2021-2-24T13:27:30,-62.16024,-58.47373,-9.4
2021-2-24T13:27:40,-62.16021,-58.47391,-24.5
2021-2-24T13:27:51,-62.16021,-58.47385,-24.8
2021-2-24T13:28:1,-62.16022,-58.47377,-25.9
2021-2-24T13:28:12,-62.16023,-58.47380,-25.6
2021-2-24T13:28:23,-62.16023,-58.47376,-28.5
2021-2-24T13:28:33,-62.16021,-58.47382,-33.2
2021-2-24T13:28:44,-62.16019,-58.47397,-36.9
2021-2-24T13:28:54,-62.16018,-58.47381,-28.6
2021-2-24T13:29:5,-62.16019,-58.47383,-20.9
2021-2-24T13:29:16,-62.16020,-58.47391,-12.5
2021-2-24T13:29:26,-62.16020,-58.47386,-6.1
2021-2-24T13:29:37,-62.16021,-58.47378,1.7
2021-2-24T13:29:47,-62.16021,-58.47371,2.0
2021-2-24T13:29:58,-62.16022,-58.47378,4.8
2021-2-24T13:30:8,-62.16026,-58.47384,9.3
2021-2-24T13:30:19,-62.16030,-58.47393,5.9
2021-2-24T13:30:30,-62.16027,-58.47388,14.7
2021-2-24T13:30:40,-62.16027,-58.47386,23.3
2021-2-24T13:30:51,-62.16025,-58.47394,25.2
2021-2-24T13:31:1,-62.16022,-58.47404,20.8
2021-2-24T13:31:12,-62.16020,-58.47414,13.4
2021-2-24T13:31:22,-62.16018,-58.47422,8.8
2021-2-24T13:31:33,-62.16020,-58.47425,11.6
2021-2-24T13:31:44,-62.16021,-58.47433,9.8
2021-2-24T13:31:54,-62.16024,-58.47440,12.3
2021-2-24T13:32:5,-62.16023,-58.47447,11.4
2021-2-24T13:32:15,-62.16021,-58.47458,7.9
2021-2-24T13:32:26,-62.16022,-58.47465,4.1
2021-2-24T13:32:36,-62.16022,-58.47455,6.0
2021-2-24T13:32:47,-62.16027,-58.47438,19.2
2021-2-24T13:32:57,-62.16029,-58.47420,27.4
2021-2-24T13:33:8,-62.16032,-58.47409,38.8
2021-2-24T13:33:19,-62.16034,-58.47405,43.8
2021-2-24T13:33:29,-62.16034,-58.47407,48.2
2021-2-24T13:33:40,-62.16037,-58.47397,56.4
2021-2-24T13:33:50,-62.16034,-58.47395,55.9
2021-2-24T13:34:1,-62.16034,-58.47391,58.9
2021-2-24T13:34:11,-62.16034,-58.47390,60.3
2021-2-24T13:34:22,-62.16031,-58.47400,54.4
2021-2-24T13:34:33,-62.16026,-58.47402,42.2
2021-2-24T13:34:43,-62.16023,-58.47435,37.0
2021-2-24T13:34:54,-62.16016,-58.47484,17.3
2021-2-24T13:35:4,-62.16019,-58.47469,13.3
2021-2-24T13:35:15,-62.16021,-58.47458,13.0
2021-2-24T13:35:26,-62.16021,-58.47465,3.0
2021-2-24T13:35:36,-62.16020,-58.47470,-6.8
2021-2-24T13:35:47,-62.16020,-58.47472,-10.9
2021-2-24T13:35:57,-62.16020,-58.47471,-15.1
2021-2-24T13:36:8,-62.16019,-58.47460,-24.7
2021-2-24T13:36:18,-62.16015,-58.47412,-38.0
2021-2-24T13:36:29,-62.16010,-58.47401,-47.9
2021-2-24T13:36:40,-62.16007,-58.47401,-56.9
2021-2-24T13:36:50,-62.16005,-58.47403,-65.3
2021-2-24T13:37:1,-62.16004,-58.47394,-67.6
2021-2-24T13:37:11,-62.16004,-58.47380,-64.5
2021-2-24T13:37:22,-62.16003,-58.47390,-64.4
2021-2-24T13:37:32,-62.16005,-58.47377,-60.2
2021-2-24T13:37:43,-62.16008,-58.47400,-58.9
2021-2-24T13:37:53,-62.16011,-58.47403,-51.5
2021-2-24T13:38:4,-62.16011,-58.47379,-37.8
2021-2-24T13:38:15,-62.16008,-58.47311,-2.5
2021-2-24T13:38:25,-62.15996,-58.47319,0.0
2021-2-24T13:38:36,-62.15981,-58.47302,2.9
2021-2-24T13:38:46,-62.15970,-58.47280,3.1
2021-2-24T13:38:57,-62.15960,-58.47259,2.6
2021-2-24T13:39:7,-62.15951,-58.47240,3.1
2021-2-24T13:39:18,-62.15943,-58.47216,3.2
2021-2-24T13:39:29,-62.15935,-58.47186,6.1
2021-2-24T13:39:39,-62.15921,-58.47156,8.7
2021-2-24T13:39:50,-62.15905,-58.47126,6.2
2021-2-24T13:40:0,-62.15911,-58.47099,3.2
2021-2-24T13:40:11,-62.15921,-58.47093,3.2
2021-2-24T13:40:22,-62.15922,-58.47091,4.5
2021-2-24T13:40:32,-62.15951,-58.47082,5.9
