2021-2-23T17:54:31,-62.16641,-58.61109,0.9
2021-2-23T17:54:42,-62.16648,-58.61122,0.0
2021-2-23T17:54:52,-62.16655,-58.61132,0.9
2021-2-23T17:55:3,-62.16656,-58.61134,2.8
2021-2-23T17:55:14,-62.16655,-58.61135,2.5
2021-2-23T17:55:24,-62.16655,-58.61137,1.5
2021-2-23T17:55:35,-62.16656,-58.61139,0.9
2021-2-23T17:55:45,-62.16656,-58.61139,0.7
2021-2-23T17:55:56,-62.16656,-58.61139,0.5
2021-2-23T17:56:6,-62.16656,-58.61138,0.8
2021-2-23T17:56:17,-62.16656,-58.61138,0.6
2021-2-23T17:56:27,-62.16656,-58.61138,0.2
2021-2-23T17:56:38,-62.16655,-58.61138,0.3
2021-2-23T17:56:49,-62.16655,-58.61138,0.1
2021-2-23T17:56:59,-62.16655,-58.61138,0.3
2021-2-23T17:57:10,-62.16655,-58.61138,0.2
2021-2-23T17:57:21,-62.16655,-58.61138,0.6
2021-2-23T17:57:31,-62.16655,-58.61138,0.6
2021-2-23T17:57:42,-62.16655,-58.61138,0.6
2021-2-23T17:57:52,-62.16655,-58.61138,0.7
2021-2-23T17:58:3,-62.16655,-58.61138,0.4
2021-2-23T17:58:13,-62.16655,-58.61138,0.2
2021-2-23T17:58:24,-62.16656,-58.61138,0.3
2021-2-23T17:58:34,-62.16656,-58.61138,0.1
2021-2-23T17:58:45,-62.16656,-58.61138,0.5
2021-2-23T17:58:56,-62.16656,-58.61138,0.8
2021-2-23T17:59:6,-62.16656,-58.61138,0.8
2021-2-23T17:59:17,-62.16655,-58.61138,0.6
2021-2-23T17:59:27,-62.16656,-58.61138,0.9
2021-2-23T17:59:38,-62.16656,-58.61139,1.3
2021-2-23T17:59:48,-62.16657,-58.61139,1.1
2021-2-23T17:59:59,-62.16657,-58.61139,1.4
2021-2-23T18:0:9,-62.16657,-58.61139,1.8
2021-2-23T18:0:20,-62.16657,-58.61138,2.5
2021-2-23T18:0:31,-62.16657,-58.61138,2.8
2021-2-23T18:0:41,-62.16657,-58.61138,2.1
2021-2-23T18:0:52,-62.16657,-58.61138,1.7
2021-2-23T18:1:2,-62.16657,-58.61138,1.6
2021-2-23T18:1:13,-62.16657,-58.61138,0.8
2021-2-23T18:1:23,-62.16657,-58.61138,0.5
2021-2-23T18:1:34,-62.16656,-58.61137,1.5
2021-2-23T18:1:44,-62.16656,-58.61138,1.5
2021-2-23T18:1:55,-62.16656,-58.61138,1.2
2021-2-23T18:2:6,-62.16656,-58.61137,1.5
2021-2-23T18:2:16,-62.16655,-58.61137,1.7
2021-2-23T18:2:27,-62.16655,-58.61137,1.7
2021-2-23T18:2:37,-62.16654,-58.61138,1.2
2021-2-23T18:2:48,-62.16654,-58.61138,1.3
2021-2-23T18:2:58,-62.16654,-58.61138,1.0
2021-2-23T18:3:9,-62.16655,-58.61138,0.6
2021-2-23T18:3:19,-62.16654,-58.61138,0.6
2021-2-23T18:3:30,-62.16657,-58.61140,1.4
2021-2-23T18:3:41,-62.16667,-58.61140,2.6
2021-2-23T18:3:51,-62.16674,-58.61136,4.5
2021-2-23T18:4:2,-62.16684,-58.61135,7.2
2021-2-23T18:4:12,-62.16691,-58.61134,10.4
2021-2-23T18:4:23,-62.16696,-58.61129,13.5
2021-2-23T18:4:33,-62.16699,-58.61119,16.6
2021-2-23T18:4:44,-62.16702,-58.61108,19.2
2021-2-23T18:4:54,-62.16703,-58.61103,20.9
2021-2-23T18:5:5,-62.16706,-58.61091,22.8
2021-2-23T18:5:16,-62.16710,-58.61075,23.5
2021-2-23T18:5:26,-62.16710,-58.61073,24.0
2021-2-23T18:5:37,-62.16711,-58.61072,23.8
2021-2-23T18:5:47,-62.16711,-58.61072,24.2
2021-2-23T18:5:58,-62.16716,-58.61062,24.0
2021-2-23T18:6:8,-62.16723,-58.61050,24.2
2021-2-23T18:6:19,-62.16724,-58.61048,24.3
2021-2-23T18:6:29,-62.16725,-58.61044,25.1
2021-2-23T18:6:40,-62.16724,-58.61044,24.7
2021-2-23T18:6:51,-62.16724,-58.61045,24.5
2021-2-23T18:7:1,-62.16727,-58.61035,24.1
2021-2-23T18:7:12,-62.16730,-58.61014,24.0
2021-2-23T18:7:22,-62.16730,-58.61014,24.4
2021-2-23T18:7:33,-62.16731,-58.61009,24.1
2021-2-23T18:7:43,-62.16730,-58.61007,24.4
2021-2-23T18:7:54,-62.16730,-58.60988,23.4
2021-2-23T18:8:5,-62.16730,-58.60986,24.6
2021-2-23T18:8:15,-62.16730,-58.60987,24.8
2021-2-23T18:8:26,-62.16730,-58.60988,24.8
2021-2-23T18:8:36,-62.16730,-58.60986,25.8
2021-2-23T18:8:47,-62.16728,-58.60989,25.2
2021-2-23T18:8:58,-62.16723,-58.61003,23.8
2021-2-23T18:9:8,-62.16717,-58.61017,22.5
2021-2-23T18:9:19,-62.16711,-58.61029,20.4
2021-2-23T18:9:29,-62.16708,-58.61032,19.5
2021-2-23T18:9:40,-62.16705,-58.61030,16.5
2021-2-23T18:9:50,-62.16699,-58.61037,15.1
2021-2-23T18:10:1,-62.16692,-58.61041,9.9
2021-2-23T18:10:11,-62.16683,-58.61053,8.6
2021-2-23T18:10:22,-62.16681,-58.61064,6.0
2021-2-23T18:10:33,-62.16676,-58.61074,3.7
2021-2-23T18:10:43,-62.16668,-58.61095,4.1
2021-2-23T18:10:54,-62.16664,-58.61117,3.0
2021-2-23T18:11:4,-62.16659,-58.61137,3.0
2021-2-23T18:11:15,-62.16656,-58.61137,2.0
2021-2-23T18:11:25,-62.16655,-58.61133,0.2
2021-2-23T18:11:36,-62.16654,-58.61130,0.5
2021-2-23T18:11:46,-62.16654,-58.61127,1.1
2021-2-23T18:11:57,-62.16654,-58.61122,1.1
