2021-2-23T17:36:58,-62.15792,-58.47176,11.7
2021-2-23T17:37:9,-62.15796,-58.47136,25.4
2021-2-23T17:37:19,-62.15784,-58.47117,25.6
2021-2-23T17:37:30,-62.15759,-58.47098,12.1
2021-2-23T17:37:40,-62.15738,-58.47056,10.0
2021-2-23T17:37:51,-62.15684,-58.46940,9.5
2021-2-23T17:38:1,-62.15610,-58.46912,6.5
2021-2-23T17:38:12,-62.15537,-58.47002,7.5
2021-2-23T17:38:23,-62.15457,-58.47136,3.9
2021-2-23T17:38:33,-62.15385,-58.47266,3.9
2021-2-23T17:38:44,-62.15309,-58.47418,3.5
2021-2-23T17:38:54,-62.15249,-58.47570,2.8
2021-2-23T17:39:5,-62.15180,-58.47747,3.2
2021-2-23T17:39:15,-62.15128,-58.47925,2.5
2021-2-23T17:39:26,-62.15080,-58.48133,0.4
2021-2-23T17:39:36,-62.15046,-58.48330,0.9
2021-2-23T17:39:47,-62.15018,-58.48552,1.0
2021-2-23T17:39:57,-62.14999,-58.48756,1.1
2021-2-23T17:40:8,-62.14978,-58.48977,1.1
2021-2-23T17:40:19,-62.14962,-58.49200,1.8
2021-2-23T17:40:29,-62.14955,-58.49406,1.3
2021-2-23T17:40:40,-62.14945,-58.49634,0.9
2021-2-23T17:40:50,-62.14936,-58.49838,1.3
2021-2-23T17:41:1,-62.14935,-58.50053,1.8
2021-2-23T17:41:11,-62.14935,-58.50256,2.8
2021-2-23T17:41:22,-62.14948,-58.50477,3.1
2021-2-23T17:41:32,-62.14967,-58.50670,2.2
2021-2-23T17:41:43,-62.14984,-58.50891,2.6
2021-2-23T17:41:54,-62.15002,-58.51112,3.0
2021-2-23T17:42:4,-62.15020,-58.51314,3.8
2021-2-23T17:42:15,-62.15039,-58.51537,3.2
2021-2-23T17:42:25,-62.15062,-58.51741,3.8
2021-2-23T17:42:36,-62.15089,-58.51968,3.7
2021-2-23T17:42:46,-62.15122,-58.52168,5.3
2021-2-23T17:42:57,-62.15159,-58.52382,5.9
2021-2-23T17:43:7,-62.15192,-58.52577,5.0
2021-2-23T17:43:18,-62.15231,-58.52790,6.2
2021-2-23T17:43:29,-62.15272,-58.52989,5.1
2021-2-23T17:43:39,-62.15305,-58.53152,4.9
2021-2-23T17:43:50,-62.15340,-58.53329,4.2
2021-2-23T17:44:0,-62.15364,-58.53505,2.5
2021-2-23T17:44:11,-62.15398,-58.53696,1.4
2021-2-23T17:44:21,-62.15421,-58.53886,2.8
2021-2-23T17:44:32,-62.15447,-58.54101,2.5
2021-2-23T17:44:42,-62.15469,-58.54298,3.0
2021-2-23T17:44:53,-62.15499,-58.54495,4.3
2021-2-23T17:45:4,-62.15531,-58.54675,2.9
2021-2-23T17:45:14,-62.15542,-58.54820,3.1
2021-2-23T17:45:25,-62.15561,-58.54966,5.2
2021-2-23T17:45:35,-62.15578,-58.55130,3.8
2021-2-23T17:45:46,-62.15598,-58.55320,2.4
2021-2-23T17:45:56,-62.15614,-58.55488,2.9
2021-2-23T17:46:7,-62.15631,-58.55626,3.8
2021-2-23T17:46:14,-62.15647,-58.55766,2.8
2021-2-23T17:46:25,-62.15665,-58.55945,2.8
2021-2-23T17:46:36,-62.15686,-58.56121,0.9
2021-2-23T17:46:46,-62.15698,-58.56288,0.7
2021-2-23T17:46:57,-62.15711,-58.56484,1.6
2021-2-23T17:47:8,-62.15715,-58.56671,1.8
2021-2-23T17:47:18,-62.15728,-58.56807,2.4
2021-2-23T17:47:29,-62.15743,-58.56926,2.5
2021-2-23T17:47:39,-62.15765,-58.57064,1.1
2021-2-23T17:47:50,-62.15790,-58.57213,0.9
2021-2-23T17:48:0,-62.15804,-58.57312,1.1
2021-2-23T17:48:11,-62.15811,-58.57362,0.8
2021-2-23T17:48:21,-62.15827,-58.57415,1.7
2021-2-23T17:48:32,-62.15853,-58.57502,1.2
2021-2-23T17:48:43,-62.15896,-58.57648,0.4
2021-2-23T17:48:53,-62.15935,-58.57789,-1.8
2021-2-23T17:49:4,-62.15968,-58.57974,-1.4
2021-2-23T17:49:14,-62.16002,-58.58147,-1.5
2021-2-23T17:49:25,-62.16048,-58.58336,-1.2
2021-2-23T17:49:35,-62.16090,-58.58507,-1.4
2021-2-23T17:49:46,-62.16126,-58.58675,0.9
2021-2-23T17:49:57,-62.16159,-58.58839,0.5
2021-2-23T17:50:7,-62.16188,-58.58970,0.1
2021-2-23T17:50:18,-62.16234,-58.59122,0.7
2021-2-23T17:50:28,-62.16275,-58.59273,0.8
2021-2-23T17:50:39,-62.16319,-58.59443,0.5
2021-2-23T17:50:49,-62.16359,-58.59598,0.3
2021-2-23T17:51:0,-62.16405,-58.59767,0.3
2021-2-23T17:51:10,-62.16446,-58.59921,0.3
2021-2-23T17:51:21,-62.16489,-58.60088,0.9
2021-2-23T17:51:32,-62.16527,-58.60267,0.8
2021-2-23T17:51:42,-62.16557,-58.60432,0.3
2021-2-23T17:51:53,-62.16572,-58.60519,0.6
2021-2-23T17:52:3,-62.16579,-58.60564,0.1
2021-2-23T17:52:14,-62.16585,-58.60625,0.5
2021-2-23T17:52:24,-62.16588,-58.60686,0.5
2021-2-23T17:52:35,-62.16592,-58.60755,0.7
2021-2-23T17:52:46,-62.16593,-58.60869,0.0
2021-2-23T17:52:56,-62.16593,-58.60945,-1.2
2021-2-23T17:53:7,-62.16593,-58.60966,0.8
2021-2-23T17:53:17,-62.16594,-58.60965,0.1
2021-2-23T17:53:28,-62.16599,-58.60959,0.0
2021-2-23T17:53:38,-62.16607,-58.60973,0.5
2021-2-23T17:53:49,-62.16613,-58.61000,0.1
2021-2-23T17:53:59,-62.16619,-58.61025,0.4
2021-2-23T17:54:10,-62.16626,-58.61059,0.9
2021-2-23T17:54:21,-62.16634,-58.61091,1.4
2021-2-23T17:54:31,-62.16641,-58.61109,0.9
2021-2-23T17:54:42,-62.16648,-58.61122,0.0
2021-2-23T17:54:52,-62.16655,-58.61132,0.9
2021-2-23T17:55:3,-62.16656,-58.61134,2.8
2021-2-23T17:55:14,-62.16655,-58.61135,2.5
2021-2-23T17:55:24,-62.16655,-58.61137,1.5
2021-2-23T17:55:35,-62.16656,-58.61139,0.9
2021-2-23T17:55:45,-62.16656,-58.61139,0.7
2021-2-23T17:55:56,-62.16656,-58.61139,0.5
2021-2-23T17:56:6,-62.16656,-58.61138,0.8
2021-2-23T17:56:17,-62.16656,-58.61138,0.6
2021-2-23T17:56:27,-62.16656,-58.61138,0.2
2021-2-23T17:56:38,-62.16655,-58.61138,0.3
2021-2-23T17:56:49,-62.16655,-58.61138,0.1
2021-2-23T17:56:59,-62.16655,-58.61138,0.3
2021-2-23T17:57:10,-62.16655,-58.61138,0.2
2021-2-23T17:57:21,-62.16655,-58.61138,0.6
2021-2-23T17:57:31,-62.16655,-58.61138,0.6
2021-2-23T17:57:42,-62.16655,-58.61138,0.6
2021-2-23T17:57:52,-62.16655,-58.61138,0.7
2021-2-23T17:58:3,-62.16655,-58.61138,0.4
2021-2-23T17:58:13,-62.16655,-58.61138,0.2
2021-2-23T17:58:24,-62.16656,-58.61138,0.3
2021-2-23T17:58:34,-62.16656,-58.61138,0.1
2021-2-23T17:58:45,-62.16656,-58.61138,0.5
2021-2-23T17:58:56,-62.16656,-58.61138,0.8
2021-2-23T17:59:6,-62.16656,-58.61138,0.8
2021-2-23T17:59:17,-62.16655,-58.61138,0.6
2021-2-23T17:59:27,-62.16656,-58.61138,0.9
2021-2-23T17:59:38,-62.16656,-58.61139,1.3
2021-2-23T17:59:48,-62.16657,-58.61139,1.1
2021-2-23T17:59:59,-62.16657,-58.61139,1.4
2021-2-23T18:0:9,-62.16657,-58.61139,1.8
2021-2-23T18:0:20,-62.16657,-58.61138,2.5
2021-2-23T18:0:31,-62.16657,-58.61138,2.8
2021-2-23T18:0:41,-62.16657,-58.61138,2.1
2021-2-23T18:0:52,-62.16657,-58.61138,1.7
2021-2-23T18:1:2,-62.16657,-58.61138,1.6
2021-2-23T18:1:13,-62.16657,-58.61138,0.8
2021-2-23T18:1:23,-62.16657,-58.61138,0.5
2021-2-23T18:1:34,-62.16656,-58.61137,1.5
2021-2-23T18:1:44,-62.16656,-58.61138,1.5
2021-2-23T18:1:55,-62.16656,-58.61138,1.2
2021-2-23T18:2:6,-62.16656,-58.61137,1.5
2021-2-23T18:2:16,-62.16655,-58.61137,1.7
2021-2-23T18:2:27,-62.16655,-58.61137,1.7
2021-2-23T18:2:37,-62.16654,-58.61138,1.2
2021-2-23T18:2:48,-62.16654,-58.61138,1.3
2021-2-23T18:2:58,-62.16654,-58.61138,1.0
2021-2-23T18:3:9,-62.16655,-58.61138,0.6
2021-2-23T18:3:19,-62.16654,-58.61138,0.6
2021-2-23T18:3:30,-62.16657,-58.61140,1.4
2021-2-23T18:3:41,-62.16667,-58.61140,2.6
2021-2-23T18:3:51,-62.16674,-58.61136,4.5
2021-2-23T18:4:2,-62.16684,-58.61135,7.2
2021-2-23T18:4:12,-62.16691,-58.61134,10.4
2021-2-23T18:4:23,-62.16696,-58.61129,13.5
2021-2-23T18:4:33,-62.16699,-58.61119,16.6
2021-2-23T18:4:44,-62.16702,-58.61108,19.2
2021-2-23T18:4:54,-62.16703,-58.61103,20.9
2021-2-23T18:5:5,-62.16706,-58.61091,22.8
2021-2-23T18:5:16,-62.16710,-58.61075,23.5
2021-2-23T18:5:26,-62.16710,-58.61073,24.0
2021-2-23T18:5:37,-62.16711,-58.61072,23.8
2021-2-23T18:5:47,-62.16711,-58.61072,24.2
2021-2-23T18:5:58,-62.16716,-58.61062,24.0
2021-2-23T18:6:8,-62.16723,-58.61050,24.2
2021-2-23T18:6:19,-62.16724,-58.61048,24.3
2021-2-23T18:6:29,-62.16725,-58.61044,25.1
2021-2-23T18:6:40,-62.16724,-58.61044,24.7
2021-2-23T18:6:51,-62.16724,-58.61045,24.5
2021-2-23T18:7:1,-62.16727,-58.61035,24.1
2021-2-23T18:7:12,-62.16730,-58.61014,24.0
2021-2-23T18:7:22,-62.16730,-58.61014,24.4
2021-2-23T18:7:33,-62.16731,-58.61009,24.1
2021-2-23T18:7:43,-62.16730,-58.61007,24.4
2021-2-23T18:7:54,-62.16730,-58.60988,23.4
2021-2-23T18:8:5,-62.16730,-58.60986,24.6
2021-2-23T18:8:15,-62.16730,-58.60987,24.8
2021-2-23T18:8:26,-62.16730,-58.60988,24.8
2021-2-23T18:8:36,-62.16730,-58.60986,25.8
2021-2-23T18:8:47,-62.16728,-58.60989,25.2
2021-2-23T18:8:58,-62.16723,-58.61003,23.8
2021-2-23T18:9:8,-62.16717,-58.61017,22.5
2021-2-23T18:9:19,-62.16711,-58.61029,20.4
2021-2-23T18:9:29,-62.16708,-58.61032,19.5
2021-2-23T18:9:40,-62.16705,-58.61030,16.5
2021-2-23T18:9:50,-62.16699,-58.61037,15.1
2021-2-23T18:10:1,-62.16692,-58.61041,9.9
2021-2-23T18:10:11,-62.16683,-58.61053,8.6
2021-2-23T18:10:22,-62.16681,-58.61064,6.0
2021-2-23T18:10:33,-62.16676,-58.61074,3.7
2021-2-23T18:10:43,-62.16668,-58.61095,4.1
2021-2-23T18:10:54,-62.16664,-58.61117,3.0
2021-2-23T18:11:4,-62.16659,-58.61137,3.0
2021-2-23T18:11:15,-62.16656,-58.61137,2.0
2021-2-23T18:11:25,-62.16655,-58.61133,0.2
2021-2-23T18:11:36,-62.16654,-58.61130,0.5
2021-2-23T18:11:46,-62.16654,-58.61127,1.1
2021-2-23T18:11:57,-62.16654,-58.61122,1.1
2021-2-23T18:12:8,-62.16653,-58.61113,0.7
2021-2-23T18:12:18,-62.16653,-58.61105,0.8
2021-2-23T18:12:29,-62.16655,-58.61105,1.4
2021-2-23T18:12:39,-62.16657,-58.61100,2.4
2021-2-23T18:12:50,-62.16655,-58.61091,2.9
2021-2-23T18:13:0,-62.16652,-58.61085,3.0
2021-2-23T18:13:11,-62.16648,-58.61072,2.9
2021-2-23T18:13:22,-62.16638,-58.61053,1.1
2021-2-23T18:13:32,-62.16627,-58.61027,1.0
2021-2-23T18:13:43,-62.16616,-58.60987,0.8
2021-2-23T18:13:53,-62.16605,-58.60943,0.4
2021-2-23T18:14:4,-62.16593,-58.60878,0.4
2021-2-23T18:14:14,-62.16576,-58.60747,1.1
2021-2-23T18:14:25,-62.16560,-58.60536,0.5
2021-2-23T18:14:35,-62.16543,-58.60335,0.0
2021-2-23T18:14:46,-62.16525,-58.60100,0.0
2021-2-23T18:14:57,-62.16505,-58.59865,-1.3
2021-2-23T18:15:7,-62.16487,-58.59652,-1.8
2021-2-23T18:15:18,-62.16468,-58.59418,-1.8
2021-2-23T18:15:28,-62.16451,-58.59205,-2.3
2021-2-23T18:15:39,-62.16434,-58.58971,-1.7
2021-2-23T18:15:49,-62.16418,-58.58756,-1.6
2021-2-23T18:16:0,-62.16399,-58.58519,-1.3
2021-2-23T18:16:10,-62.16383,-58.58301,-1.3
2021-2-23T18:16:21,-62.16366,-58.58059,-1.6
2021-2-23T18:16:32,-62.16343,-58.57823,-2.0
2021-2-23T18:16:42,-62.16331,-58.57707,-2.1
2021-2-23T18:16:53,-62.16328,-58.57680,-2.0
2021-2-23T18:17:3,-62.16328,-58.57663,0.3
2021-2-23T18:17:14,-62.16329,-58.57647,2.6
2021-2-23T18:17:24,-62.16331,-58.57618,0.2
2021-2-23T18:17:35,-62.16307,-58.57517,0.5
2021-2-23T18:17:45,-62.16283,-58.57334,-1.6
2021-2-23T18:17:56,-62.16263,-58.57120,0.8
2021-2-23T18:18:7,-62.16248,-58.56891,-1.2
2021-2-23T18:18:17,-62.16231,-58.56681,-1.2
2021-2-23T18:18:28,-62.16208,-58.56443,-1.1
2021-2-23T18:18:39,-62.16185,-58.56201,0.6
2021-2-23T18:18:49,-62.16163,-58.55982,0.4
2021-2-23T18:19:0,-62.16138,-58.55738,0.6
2021-2-23T18:19:10,-62.16115,-58.55516,0.4
2021-2-23T18:19:21,-62.16091,-58.55274,-1.3
2021-2-23T18:19:31,-62.16073,-58.55083,0.7
2021-2-23T18:19:42,-62.16053,-58.54868,0.0
2021-2-23T18:19:52,-62.16033,-58.54656,0.6
2021-2-23T18:20:3,-62.16015,-58.54420,0.4
2021-2-23T18:20:13,-62.15990,-58.54207,0.3
2021-2-23T18:20:24,-62.15970,-58.53967,0.0
2021-2-23T18:20:35,-62.15942,-58.53728,0.1
2021-2-23T18:20:45,-62.15914,-58.53513,0.6
2021-2-23T18:20:56,-62.15878,-58.53279,0.5
2021-2-23T18:21:6,-62.15850,-58.53063,0.3
2021-2-23T18:21:17,-62.15826,-58.52825,0.2
2021-2-23T18:21:27,-62.15798,-58.52611,0.0
2021-2-23T18:21:38,-62.15764,-58.52372,-1.1
2021-2-23T18:21:48,-62.15737,-58.52151,-2.5
2021-2-23T18:21:59,-62.15709,-58.51911,-1.7
2021-2-23T18:22:10,-62.15682,-58.51670,-2.4
2021-2-23T18:22:20,-62.15659,-58.51454,-1.3
2021-2-23T18:22:31,-62.15626,-58.51221,-1.3
2021-2-23T18:22:41,-62.15595,-58.51010,-1.0
2021-2-23T18:22:52,-62.15563,-58.50774,0.8
2021-2-23T18:23:2,-62.15536,-58.50562,-2.5
2021-2-23T18:23:13,-62.15502,-58.50330,-1.5
2021-2-23T18:23:23,-62.15469,-58.50120,-2.2
2021-2-23T18:23:34,-62.15432,-58.49891,-2.0
2021-2-23T18:23:45,-62.15392,-58.49658,0.2
2021-2-23T18:23:55,-62.15356,-58.49446,0.6
2021-2-23T18:24:6,-62.15314,-58.49218,-1.0
2021-2-23T18:24:16,-62.15277,-58.49014,-2.0
2021-2-23T18:24:27,-62.15240,-58.48789,0.4
2021-2-23T18:24:37,-62.15220,-58.48568,0.3
2021-2-23T18:24:48,-62.15210,-58.48320,1.0
2021-2-23T18:24:58,-62.15200,-58.48101,1.5
2021-2-23T18:25:9,-62.15220,-58.47866,3.8
2021-2-23T18:25:20,-62.15295,-58.47671,2.0
2021-2-23T18:25:30,-62.15368,-58.47499,1.1
2021-2-23T18:25:41,-62.15452,-58.47321,1.2
2021-2-23T18:25:51,-62.15530,-58.47166,1.4
2021-2-23T18:26:2,-62.15616,-58.47044,1.5
2021-2-23T18:26:12,-62.15674,-58.47008,1.5
2021-2-23T18:26:23,-62.15695,-58.47021,2.0
