2021-1-30T18:6:58,-62.16368,-58.46940,53.3
2021-1-30T18:7:9,-62.16368,-58.46940,53.6
2021-1-30T18:7:19,-62.16368,-58.46940,53.5
2021-1-30T18:7:30,-62.16368,-58.46940,53.2
2021-1-30T18:7:40,-62.16369,-58.46940,53.0
2021-1-30T18:7:51,-62.16369,-58.46940,53.0
2021-1-30T18:8:1,-62.16369,-58.46940,53.0
2021-1-30T18:8:12,-62.16369,-58.46940,53.2
2021-1-30T18:8:22,-62.16369,-58.46940,53.2
2021-1-30T18:8:33,-62.16369,-58.46940,53.0
2021-1-30T18:8:43,-62.16369,-58.46940,52.6
2021-1-30T18:8:54,-62.16365,-58.46941,52.7
2021-1-30T18:9:4,-62.16364,-58.46942,53.8
2021-1-30T18:9:15,-62.16364,-58.46942,54.6
2021-1-30T18:9:25,-62.16365,-58.46942,55.2
2021-1-30T18:9:36,-62.16365,-58.46943,55.6
2021-1-30T18:9:46,-62.16365,-58.46943,55.9
2021-1-30T18:9:57,-62.16365,-58.46942,56.4
2021-1-30T18:10:8,-62.16365,-58.46942,56.5
2021-1-30T18:10:18,-62.16365,-58.46942,56.7
2021-1-30T18:10:29,-62.16365,-58.46942,56.7
2021-1-30T18:10:39,-62.16365,-58.46942,56.9
2021-1-30T18:10:50,-62.16365,-58.46942,56.9
2021-1-30T18:11:0,-62.16365,-58.46942,57.0
2021-1-30T18:11:11,-62.16365,-58.46942,56.6
2021-1-30T18:11:21,-62.16365,-58.46942,56.8
2021-1-30T18:11:32,-62.16365,-58.46942,57.4
2021-1-30T18:11:42,-62.16362,-58.46940,55.1
2021-1-30T18:11:53,-62.16362,-58.46940,53.5
2021-1-30T18:12:3,-62.16362,-58.46940,52.8
2021-1-30T18:12:14,-62.16361,-58.46940,52.0
2021-1-30T18:12:24,-62.16361,-58.46940,51.9
2021-1-30T18:12:35,-62.16361,-58.46940,51.8
2021-1-30T18:12:45,-62.16361,-58.46940,51.3
2021-1-30T18:12:56,-62.16361,-58.46940,51.0
2021-1-30T18:13:6,-62.16361,-58.46940,50.8
2021-1-30T18:13:17,-62.16361,-58.46940,50.9
2021-1-30T18:13:27,-62.16363,-58.46934,52.4
2021-1-30T18:13:38,-62.16364,-58.46934,54.8
2021-1-30T18:13:48,-62.16365,-58.46934,55.9
2021-1-30T18:13:59,-62.16365,-58.46934,56.5
2021-1-30T18:14:9,-62.16365,-58.46935,56.9
2021-1-30T18:14:20,-62.16365,-58.46935,57.1
2021-1-30T18:14:30,-62.16365,-58.46935,57.0
2021-1-30T18:14:41,-62.16365,-58.46935,57.0
2021-1-30T18:14:51,-62.16365,-58.46935,57.0
2021-1-30T18:15:2,-62.16364,-58.46935,57.0
2021-1-30T18:15:12,-62.16365,-58.46935,57.4
2021-1-30T18:15:23,-62.16361,-58.46935,55.3
2021-1-30T18:15:33,-62.16360,-58.46935,55.3
2021-1-30T18:15:44,-62.16360,-58.46936,55.3
2021-1-30T18:15:54,-62.16360,-58.46936,56.0
2021-1-30T18:16:5,-62.16360,-58.46936,56.2
2021-1-30T18:16:15,-62.16360,-58.46935,56.3
2021-1-30T18:16:26,-62.16360,-58.46936,56.1
2021-1-30T18:16:36,-62.16360,-58.46935,56.3
2021-1-30T18:16:47,-62.16360,-58.46936,56.2
2021-1-30T18:16:57,-62.16360,-58.46936,56.1
2021-1-30T18:17:8,-62.16360,-58.46936,56.2
2021-1-30T18:17:18,-62.16360,-58.46936,56.3
2021-1-30T18:17:29,-62.16360,-58.46936,56.2
2021-1-30T18:17:39,-62.16358,-58.46936,55.0
2021-1-30T18:17:50,-62.16358,-58.46935,55.8
2021-1-30T18:18:0,-62.16359,-58.46935,55.9
2021-1-30T18:18:11,-62.16359,-58.46935,55.9
2021-1-30T18:18:21,-62.16359,-58.46935,56.0
2021-1-30T18:18:32,-62.16359,-58.46935,56.1
2021-1-30T18:18:42,-62.16359,-58.46935,55.9
2021-1-30T18:18:53,-62.16359,-58.46934,55.9
2021-1-30T18:19:3,-62.16359,-58.46934,55.6
2021-1-30T18:19:14,-62.16359,-58.46934,55.7
2021-1-30T18:19:24,-62.16359,-58.46934,55.8
2021-1-30T18:19:35,-62.16359,-58.46935,56.1
2021-1-30T18:19:45,-62.16360,-58.46933,56.0
2021-1-30T18:19:56,-62.16361,-58.46926,55.3
2021-1-30T18:20:6,-62.16361,-58.46926,54.7
2021-1-30T18:20:17,-62.16361,-58.46926,54.8
2021-1-30T18:20:27,-62.16361,-58.46925,54.5
2021-1-30T18:20:38,-62.16361,-58.46925,54.1
2021-1-30T18:20:48,-62.16361,-58.46925,53.8
2021-1-30T18:20:59,-62.16361,-58.46925,53.8
2021-1-30T18:21:9,-62.16361,-58.46925,53.7
2021-1-30T18:21:20,-62.16361,-58.46925,53.6
2021-1-30T18:21:30,-62.16361,-58.46926,53.7
2021-1-30T18:21:41,-62.16361,-58.46925,53.6
2021-1-30T18:21:51,-62.16361,-58.46926,53.6
2021-1-30T18:22:2,-62.16358,-58.46920,54.2
2021-1-30T18:22:12,-62.16357,-58.46920,55.3
2021-1-30T18:22:23,-62.16357,-58.46921,55.3
2021-1-30T18:22:33,-62.16358,-58.46921,55.3
2021-1-30T18:22:44,-62.16358,-58.46921,55.2
2021-1-30T18:22:54,-62.16358,-58.46922,55.5
2021-1-30T18:23:5,-62.16358,-58.46922,55.6
2021-1-30T18:23:15,-62.16358,-58.46921,55.5
2021-1-30T18:23:26,-62.16358,-58.46921,55.5
2021-1-30T18:23:37,-62.16358,-58.46922,55.7
2021-1-30T18:23:47,-62.16358,-58.46922,55.9
2021-1-30T18:23:58,-62.16358,-58.46922,56.0
2021-1-30T18:24:8,-62.16358,-58.46922,56.0
2021-1-30T18:24:19,-62.16358,-58.46921,56.3
