2021-1-30T17:49:27,-62.16364,-58.46954,54.5
2021-1-30T17:49:38,-62.16364,-58.46954,54.4
2021-1-30T17:49:48,-62.16364,-58.46954,54.5
2021-1-30T17:49:59,-62.16364,-58.46954,54.4
2021-1-30T17:50:9,-62.16364,-58.46947,54.0
2021-1-30T17:50:20,-62.16364,-58.46946,56.0
2021-1-30T17:50:30,-62.16364,-58.46946,56.6
2021-1-30T17:50:41,-62.16364,-58.46945,56.6
2021-1-30T17:50:51,-62.16364,-58.46945,56.5
2021-1-30T17:51:2,-62.16364,-58.46945,56.6
2021-1-30T17:51:12,-62.16364,-58.46945,56.6
2021-1-30T17:51:23,-62.16364,-58.46945,56.6
2021-1-30T17:51:33,-62.16364,-58.46945,56.6
2021-1-30T17:51:44,-62.16364,-58.46945,56.9
2021-1-30T17:51:54,-62.16364,-58.46945,56.9
2021-1-30T17:52:5,-62.16364,-58.46946,57.4
2021-1-30T17:52:15,-62.16368,-58.46950,58.0
2021-1-30T17:52:26,-62.16368,-58.46950,57.2
2021-1-30T17:52:36,-62.16368,-58.46950,56.1
2021-1-30T17:52:47,-62.16368,-58.46950,55.5
2021-1-30T17:52:57,-62.16368,-58.46950,55.0
2021-1-30T17:53:8,-62.16368,-58.46950,54.8
2021-1-30T17:53:18,-62.16368,-58.46950,54.7
2021-1-30T17:53:29,-62.16368,-58.46950,54.7
2021-1-30T17:53:39,-62.16368,-58.46950,54.4
2021-1-30T17:53:50,-62.16368,-58.46949,54.4
2021-1-30T17:54:0,-62.16368,-58.46949,54.3
2021-1-30T17:54:11,-62.16368,-58.46949,54.6
2021-1-30T17:54:21,-62.16368,-58.46949,54.5
2021-1-30T17:54:32,-62.16368,-58.46949,54.6
2021-1-30T17:54:42,-62.16368,-58.46950,54.6
2021-1-30T17:54:53,-62.16368,-58.46950,54.4
2021-1-30T17:55:3,-62.16368,-58.46950,54.2
2021-1-30T17:55:14,-62.16368,-58.46950,54.5
2021-1-30T17:55:24,-62.16368,-58.46950,54.5
2021-1-30T17:55:35,-62.16368,-58.46950,54.4
2021-1-30T17:55:45,-62.16368,-58.46950,54.2
2021-1-30T17:55:56,-62.16368,-58.46950,54.8
2021-1-30T17:56:6,-62.16371,-58.46950,55.4
2021-1-30T17:56:17,-62.16371,-58.46950,56.2
2021-1-30T17:56:27,-62.16371,-58.46950,56.7
2021-1-30T17:56:38,-62.16370,-58.46950,57.0
2021-1-30T17:56:48,-62.16370,-58.46950,56.9
2021-1-30T17:56:59,-62.16370,-58.46951,57.1
2021-1-30T17:57:9,-62.16370,-58.46951,57.1
2021-1-30T17:57:20,-62.16370,-58.46951,57.4
2021-1-30T17:57:30,-62.16370,-58.46950,57.9
2021-1-30T17:57:41,-62.16370,-58.46951,57.9
2021-1-30T17:57:51,-62.16370,-58.46951,57.8
2021-1-30T17:58:2,-62.16370,-58.46951,57.8
2021-1-30T17:58:12,-62.16370,-58.46950,58.0
2021-1-30T17:58:23,-62.16370,-58.46950,57.6
2021-1-30T17:58:33,-62.16369,-58.46947,56.0
2021-1-30T17:58:44,-62.16368,-58.46945,56.8
2021-1-30T17:58:54,-62.16368,-58.46945,56.9
2021-1-30T17:59:5,-62.16367,-58.46943,58.4
2021-1-30T17:59:15,-62.16367,-58.46943,59.3
2021-1-30T17:59:26,-62.16367,-58.46943,59.7
2021-1-30T17:59:36,-62.16367,-58.46943,59.6
2021-1-30T17:59:47,-62.16367,-58.46943,59.8
2021-1-30T17:59:57,-62.16367,-58.46943,59.5
2021-1-30T18:0:8,-62.16367,-58.46943,59.7
2021-1-30T18:0:18,-62.16367,-58.46943,59.4
2021-1-30T18:0:29,-62.16367,-58.46943,59.6
2021-1-30T18:0:39,-62.16367,-58.46942,59.9
2021-1-30T18:0:50,-62.16367,-58.46942,59.3
2021-1-30T18:1:0,-62.16367,-58.46942,59.8
2021-1-30T18:1:11,-62.16367,-58.46942,59.6
2021-1-30T18:1:21,-62.16367,-58.46942,59.4
2021-1-30T18:1:32,-62.16367,-58.46946,58.3
2021-1-30T18:1:42,-62.16368,-58.46947,57.7
2021-1-30T18:1:53,-62.16368,-58.46947,57.2
2021-1-30T18:2:4,-62.16368,-58.46948,56.9
2021-1-30T18:2:14,-62.16369,-58.46948,57.0
2021-1-30T18:2:25,-62.16369,-58.46948,56.5
2021-1-30T18:2:35,-62.16369,-58.46948,56.8
2021-1-30T18:2:46,-62.16369,-58.46948,56.5
2021-1-30T18:2:56,-62.16369,-58.46948,56.6
2021-1-30T18:3:7,-62.16369,-58.46948,56.7
2021-1-30T18:3:17,-62.16369,-58.46948,56.5
2021-1-30T18:3:28,-62.16369,-58.46948,56.3
2021-1-30T18:3:38,-62.16369,-58.46948,55.9
2021-1-30T18:3:49,-62.16369,-58.46948,55.4
2021-1-30T18:3:59,-62.16367,-58.46945,54.9
2021-1-30T18:4:10,-62.16367,-58.46945,54.8
2021-1-30T18:4:20,-62.16367,-58.46945,54.8
2021-1-30T18:4:31,-62.16367,-58.46945,54.6
2021-1-30T18:4:41,-62.16367,-58.46945,54.7
2021-1-30T18:4:52,-62.16367,-58.46945,54.8
2021-1-30T18:5:2,-62.16367,-58.46945,54.7
2021-1-30T18:5:13,-62.16367,-58.46945,54.7
2021-1-30T18:5:23,-62.16367,-58.46944,54.7
2021-1-30T18:5:34,-62.16367,-58.46944,54.8
2021-1-30T18:5:44,-62.16367,-58.46945,55.0
2021-1-30T18:5:55,-62.16367,-58.46941,55.5
2021-1-30T18:6:5,-62.16368,-58.46940,54.4
2021-1-30T18:6:16,-62.16368,-58.46940,53.7
2021-1-30T18:6:26,-62.16368,-58.46940,53.1
2021-1-30T18:6:37,-62.16368,-58.46940,53.7
2021-1-30T18:6:47,-62.16368,-58.46940,53.7
