2021-1-30T17:31:58,-62.15916,-58.47079,7.1
2021-1-30T17:32:9,-62.15916,-58.47079,8.4
2021-1-30T17:32:20,-62.15916,-58.47079,7.8
2021-1-30T17:32:30,-62.15917,-58.47079,7.5
2021-1-30T17:32:41,-62.15917,-58.47079,6.8
2021-1-30T17:32:51,-62.15917,-58.47079,6.6
2021-1-30T17:33:2,-62.15915,-58.47085,10.0
2021-1-30T17:33:12,-62.15907,-58.47101,9.4
2021-1-30T17:33:23,-62.15905,-58.47118,9.1
2021-1-30T17:33:33,-62.15909,-58.47133,8.3
2021-1-30T17:33:44,-62.15916,-58.47152,9.6
2021-1-30T17:33:54,-62.15923,-58.47163,9.3
2021-1-30T17:34:5,-62.15927,-58.47166,14.4
2021-1-30T17:34:15,-62.15926,-58.47170,13.8
2021-1-30T17:34:26,-62.15930,-58.47173,11.8
2021-1-30T17:34:36,-62.15932,-58.47175,13.7
2021-1-30T17:34:47,-62.15936,-58.47191,11.1
2021-1-30T17:34:57,-62.15942,-58.47209,11.7
2021-1-30T17:35:8,-62.15948,-58.47227,8.1
2021-1-30T17:35:18,-62.15954,-58.47243,7.5
2021-1-30T17:35:29,-62.15961,-58.47262,7.8
2021-1-30T17:35:39,-62.15968,-58.47281,9.5
2021-1-30T17:35:50,-62.15977,-58.47300,9.2
2021-1-30T17:36:0,-62.15988,-58.47312,9.0
2021-1-30T17:36:8,-62.15998,-58.47314,8.1
2021-1-30T17:36:18,-62.16006,-58.47307,5.4
2021-1-30T17:36:29,-62.16016,-58.47306,3.3
2021-1-30T17:36:39,-62.16026,-58.47303,5.3
2021-1-30T17:36:50,-62.16030,-58.47318,4.0
2021-1-30T17:37:0,-62.16040,-58.47334,6.2
2021-1-30T17:37:11,-62.16051,-58.47353,5.7
2021-1-30T17:37:21,-62.16061,-58.47370,5.6
2021-1-30T17:37:32,-62.16074,-58.47370,7.4
2021-1-30T17:37:42,-62.16080,-58.47376,7.3
2021-1-30T17:37:53,-62.16080,-58.47378,7.1
2021-1-30T17:38:3,-62.16080,-58.47377,8.8
2021-1-30T17:38:14,-62.16080,-58.47376,10.0
2021-1-30T17:38:24,-62.16080,-58.47376,10.5
2021-1-30T17:38:35,-62.16080,-58.47377,9.3
2021-1-30T17:38:45,-62.16080,-58.47377,9.7
2021-1-30T17:38:56,-62.16080,-58.47376,12.1
2021-1-30T17:39:6,-62.16080,-58.47376,10.9
2021-1-30T17:39:17,-62.16081,-58.47374,12.0
2021-1-30T17:39:27,-62.16081,-58.47372,12.9
2021-1-30T17:39:38,-62.16081,-58.47370,12.3
2021-1-30T17:39:48,-62.16080,-58.47371,12.4
2021-1-30T17:39:59,-62.16081,-58.47370,11.7
2021-1-30T17:40:10,-62.16081,-58.47360,12.4
2021-1-30T17:40:20,-62.16089,-58.47347,10.5
2021-1-30T17:40:31,-62.16095,-58.47329,9.6
2021-1-30T17:40:41,-62.16102,-58.47317,9.5
2021-1-30T17:40:52,-62.16109,-58.47302,9.2
2021-1-30T17:41:2,-62.16115,-58.47285,8.9
2021-1-30T17:41:13,-62.16124,-58.47269,9.0
2021-1-30T17:41:23,-62.16131,-58.47253,8.7
2021-1-30T17:41:34,-62.16137,-58.47239,9.0
2021-1-30T17:41:45,-62.16144,-58.47223,8.5
2021-1-30T17:41:55,-62.16152,-58.47206,8.9
2021-1-30T17:42:6,-62.16160,-58.47188,8.6
2021-1-30T17:42:16,-62.16166,-58.47173,9.0
2021-1-30T17:42:27,-62.16176,-58.47159,9.2
2021-1-30T17:42:37,-62.16184,-58.47147,9.7
2021-1-30T17:42:48,-62.16191,-58.47140,10.8
2021-1-30T17:42:58,-62.16197,-58.47137,10.4
2021-1-30T17:43:9,-62.16205,-58.47130,12.8
2021-1-30T17:43:19,-62.16211,-58.47126,15.5
2021-1-30T17:43:30,-62.16217,-58.47120,20.6
2021-1-30T17:43:40,-62.16224,-58.47116,23.8
2021-1-30T17:43:51,-62.16228,-58.47104,25.5
2021-1-30T17:44:1,-62.16237,-58.47099,26.8
2021-1-30T17:44:12,-62.16248,-58.47103,26.3
2021-1-30T17:44:22,-62.16256,-58.47099,26.6
2021-1-30T17:44:33,-62.16262,-58.47093,28.4
2021-1-30T17:44:43,-62.16269,-58.47087,31.0
2021-1-30T17:44:54,-62.16276,-58.47079,33.7
2021-1-30T17:45:4,-62.16278,-58.47079,35.1
2021-1-30T17:45:15,-62.16284,-58.47073,35.4
2021-1-30T17:45:25,-62.16292,-58.47067,35.8
2021-1-30T17:45:36,-62.16300,-58.47063,37.0
2021-1-30T17:45:46,-62.16307,-58.47058,38.3
2021-1-30T17:45:57,-62.16312,-58.47050,40.2
2021-1-30T17:46:7,-62.16318,-58.47045,41.1
2021-1-30T17:46:18,-62.16324,-58.47039,44.8
2021-1-30T17:46:28,-62.16328,-58.47033,47.6
2021-1-30T17:46:39,-62.16333,-58.47024,50.4
2021-1-30T17:46:49,-62.16338,-58.47015,51.8
2021-1-30T17:47:0,-62.16346,-58.47002,54.1
2021-1-30T17:47:10,-62.16353,-58.46995,55.1
2021-1-30T17:47:21,-62.16359,-58.46982,59.0
2021-1-30T17:47:31,-62.16363,-58.46964,59.9
2021-1-30T17:47:42,-62.16364,-58.46955,57.6
2021-1-30T17:47:52,-62.16364,-58.46954,56.9
2021-1-30T17:48:3,-62.16364,-58.46954,56.6
2021-1-30T17:48:13,-62.16364,-58.46954,55.9
2021-1-30T17:48:24,-62.16364,-58.46954,55.8
2021-1-30T17:48:34,-62.16364,-58.46954,55.3
2021-1-30T17:48:45,-62.16364,-58.46954,55.3
2021-1-30T17:48:55,-62.16364,-58.46954,55.0
2021-1-30T17:49:6,-62.16364,-58.46954,54.8
2021-1-30T17:49:16,-62.16364,-58.46954,54.4
2021-1-30T17:49:27,-62.16364,-58.46954,54.5
2021-1-30T17:49:38,-62.16364,-58.46954,54.4
2021-1-30T17:49:48,-62.16364,-58.46954,54.5
2021-1-30T17:49:59,-62.16364,-58.46954,54.4
2021-1-30T17:50:9,-62.16364,-58.46947,54.0
2021-1-30T17:50:20,-62.16364,-58.46946,56.0
2021-1-30T17:50:30,-62.16364,-58.46946,56.6
2021-1-30T17:50:41,-62.16364,-58.46945,56.6
2021-1-30T17:50:51,-62.16364,-58.46945,56.5
2021-1-30T17:51:2,-62.16364,-58.46945,56.6
2021-1-30T17:51:12,-62.16364,-58.46945,56.6
2021-1-30T17:51:23,-62.16364,-58.46945,56.6
2021-1-30T17:51:33,-62.16364,-58.46945,56.6
2021-1-30T17:51:44,-62.16364,-58.46945,56.9
2021-1-30T17:51:54,-62.16364,-58.46945,56.9
2021-1-30T17:52:5,-62.16364,-58.46946,57.4
2021-1-30T17:52:15,-62.16368,-58.46950,58.0
2021-1-30T17:52:26,-62.16368,-58.46950,57.2
2021-1-30T17:52:36,-62.16368,-58.46950,56.1
2021-1-30T17:52:47,-62.16368,-58.46950,55.5
2021-1-30T17:52:57,-62.16368,-58.46950,55.0
2021-1-30T17:53:8,-62.16368,-58.46950,54.8
2021-1-30T17:53:18,-62.16368,-58.46950,54.7
2021-1-30T17:53:29,-62.16368,-58.46950,54.7
2021-1-30T17:53:39,-62.16368,-58.46950,54.4
2021-1-30T17:53:50,-62.16368,-58.46949,54.4
2021-1-30T17:54:0,-62.16368,-58.46949,54.3
2021-1-30T17:54:11,-62.16368,-58.46949,54.6
2021-1-30T17:54:21,-62.16368,-58.46949,54.5
2021-1-30T17:54:32,-62.16368,-58.46949,54.6
2021-1-30T17:54:42,-62.16368,-58.46950,54.6
2021-1-30T17:54:53,-62.16368,-58.46950,54.4
2021-1-30T17:55:3,-62.16368,-58.46950,54.2
2021-1-30T17:55:14,-62.16368,-58.46950,54.5
2021-1-30T17:55:24,-62.16368,-58.46950,54.5
2021-1-30T17:55:35,-62.16368,-58.46950,54.4
2021-1-30T17:55:45,-62.16368,-58.46950,54.2
2021-1-30T17:55:56,-62.16368,-58.46950,54.8
2021-1-30T17:56:6,-62.16371,-58.46950,55.4
2021-1-30T17:56:17,-62.16371,-58.46950,56.2
2021-1-30T17:56:27,-62.16371,-58.46950,56.7
2021-1-30T17:56:38,-62.16370,-58.46950,57.0
2021-1-30T17:56:48,-62.16370,-58.46950,56.9
2021-1-30T17:56:59,-62.16370,-58.46951,57.1
2021-1-30T17:57:9,-62.16370,-58.46951,57.1
2021-1-30T17:57:20,-62.16370,-58.46951,57.4
2021-1-30T17:57:30,-62.16370,-58.46950,57.9
2021-1-30T17:57:41,-62.16370,-58.46951,57.9
2021-1-30T17:57:51,-62.16370,-58.46951,57.8
2021-1-30T17:58:2,-62.16370,-58.46951,57.8
2021-1-30T17:58:12,-62.16370,-58.46950,58.0
2021-1-30T17:58:23,-62.16370,-58.46950,57.6
2021-1-30T17:58:33,-62.16369,-58.46947,56.0
2021-1-30T17:58:44,-62.16368,-58.46945,56.8
2021-1-30T17:58:54,-62.16368,-58.46945,56.9
2021-1-30T17:59:5,-62.16367,-58.46943,58.4
2021-1-30T17:59:15,-62.16367,-58.46943,59.3
2021-1-30T17:59:26,-62.16367,-58.46943,59.7
2021-1-30T17:59:36,-62.16367,-58.46943,59.6
2021-1-30T17:59:47,-62.16367,-58.46943,59.8
2021-1-30T17:59:57,-62.16367,-58.46943,59.5
2021-1-30T18:0:8,-62.16367,-58.46943,59.7
2021-1-30T18:0:18,-62.16367,-58.46943,59.4
2021-1-30T18:0:29,-62.16367,-58.46943,59.6
2021-1-30T18:0:39,-62.16367,-58.46942,59.9
2021-1-30T18:0:50,-62.16367,-58.46942,59.3
2021-1-30T18:1:0,-62.16367,-58.46942,59.8
2021-1-30T18:1:11,-62.16367,-58.46942,59.6
2021-1-30T18:1:21,-62.16367,-58.46942,59.4
2021-1-30T18:1:32,-62.16367,-58.46946,58.3
2021-1-30T18:1:42,-62.16368,-58.46947,57.7
2021-1-30T18:1:53,-62.16368,-58.46947,57.2
2021-1-30T18:2:4,-62.16368,-58.46948,56.9
2021-1-30T18:2:14,-62.16369,-58.46948,57.0
2021-1-30T18:2:25,-62.16369,-58.46948,56.5
2021-1-30T18:2:35,-62.16369,-58.46948,56.8
2021-1-30T18:2:46,-62.16369,-58.46948,56.5
2021-1-30T18:2:56,-62.16369,-58.46948,56.6
2021-1-30T18:3:7,-62.16369,-58.46948,56.7
2021-1-30T18:3:17,-62.16369,-58.46948,56.5
2021-1-30T18:3:28,-62.16369,-58.46948,56.3
2021-1-30T18:3:38,-62.16369,-58.46948,55.9
2021-1-30T18:3:49,-62.16369,-58.46948,55.4
2021-1-30T18:3:59,-62.16367,-58.46945,54.9
2021-1-30T18:4:10,-62.16367,-58.46945,54.8
2021-1-30T18:4:20,-62.16367,-58.46945,54.8
2021-1-30T18:4:31,-62.16367,-58.46945,54.6
2021-1-30T18:4:41,-62.16367,-58.46945,54.7
2021-1-30T18:4:52,-62.16367,-58.46945,54.8
2021-1-30T18:5:2,-62.16367,-58.46945,54.7
2021-1-30T18:5:13,-62.16367,-58.46945,54.7
2021-1-30T18:5:23,-62.16367,-58.46944,54.7
2021-1-30T18:5:34,-62.16367,-58.46944,54.8
2021-1-30T18:5:44,-62.16367,-58.46945,55.0
2021-1-30T18:5:55,-62.16367,-58.46941,55.5
2021-1-30T18:6:5,-62.16368,-58.46940,54.4
2021-1-30T18:6:16,-62.16368,-58.46940,53.7
2021-1-30T18:6:26,-62.16368,-58.46940,53.1
2021-1-30T18:6:37,-62.16368,-58.46940,53.7
2021-1-30T18:6:47,-62.16368,-58.46940,53.7
2021-1-30T18:6:58,-62.16368,-58.46940,53.3
2021-1-30T18:7:9,-62.16368,-58.46940,53.6
2021-1-30T18:7:19,-62.16368,-58.46940,53.5
2021-1-30T18:7:30,-62.16368,-58.46940,53.2
2021-1-30T18:7:40,-62.16369,-58.46940,53.0
2021-1-30T18:7:51,-62.16369,-58.46940,53.0
2021-1-30T18:8:1,-62.16369,-58.46940,53.0
2021-1-30T18:8:12,-62.16369,-58.46940,53.2
2021-1-30T18:8:22,-62.16369,-58.46940,53.2
2021-1-30T18:8:33,-62.16369,-58.46940,53.0
2021-1-30T18:8:43,-62.16369,-58.46940,52.6
2021-1-30T18:8:54,-62.16365,-58.46941,52.7
2021-1-30T18:9:4,-62.16364,-58.46942,53.8
2021-1-30T18:9:15,-62.16364,-58.46942,54.6
2021-1-30T18:9:25,-62.16365,-58.46942,55.2
2021-1-30T18:9:36,-62.16365,-58.46943,55.6
2021-1-30T18:9:46,-62.16365,-58.46943,55.9
2021-1-30T18:9:57,-62.16365,-58.46942,56.4
2021-1-30T18:10:8,-62.16365,-58.46942,56.5
2021-1-30T18:10:18,-62.16365,-58.46942,56.7
2021-1-30T18:10:29,-62.16365,-58.46942,56.7
2021-1-30T18:10:39,-62.16365,-58.46942,56.9
2021-1-30T18:10:50,-62.16365,-58.46942,56.9
2021-1-30T18:11:0,-62.16365,-58.46942,57.0
2021-1-30T18:11:11,-62.16365,-58.46942,56.6
2021-1-30T18:11:21,-62.16365,-58.46942,56.8
2021-1-30T18:11:32,-62.16365,-58.46942,57.4
2021-1-30T18:11:42,-62.16362,-58.46940,55.1
2021-1-30T18:11:53,-62.16362,-58.46940,53.5
2021-1-30T18:12:3,-62.16362,-58.46940,52.8
2021-1-30T18:12:14,-62.16361,-58.46940,52.0
2021-1-30T18:12:24,-62.16361,-58.46940,51.9
2021-1-30T18:12:35,-62.16361,-58.46940,51.8
2021-1-30T18:12:45,-62.16361,-58.46940,51.3
2021-1-30T18:12:56,-62.16361,-58.46940,51.0
2021-1-30T18:13:6,-62.16361,-58.46940,50.8
2021-1-30T18:13:17,-62.16361,-58.46940,50.9
2021-1-30T18:13:27,-62.16363,-58.46934,52.4
2021-1-30T18:13:38,-62.16364,-58.46934,54.8
2021-1-30T18:13:48,-62.16365,-58.46934,55.9
2021-1-30T18:13:59,-62.16365,-58.46934,56.5
2021-1-30T18:14:9,-62.16365,-58.46935,56.9
2021-1-30T18:14:20,-62.16365,-58.46935,57.1
2021-1-30T18:14:30,-62.16365,-58.46935,57.0
2021-1-30T18:14:41,-62.16365,-58.46935,57.0
2021-1-30T18:14:51,-62.16365,-58.46935,57.0
2021-1-30T18:15:2,-62.16364,-58.46935,57.0
2021-1-30T18:15:12,-62.16365,-58.46935,57.4
2021-1-30T18:15:23,-62.16361,-58.46935,55.3
2021-1-30T18:15:33,-62.16360,-58.46935,55.3
2021-1-30T18:15:44,-62.16360,-58.46936,55.3
2021-1-30T18:15:54,-62.16360,-58.46936,56.0
2021-1-30T18:16:5,-62.16360,-58.46936,56.2
2021-1-30T18:16:15,-62.16360,-58.46935,56.3
2021-1-30T18:16:26,-62.16360,-58.46936,56.1
2021-1-30T18:16:36,-62.16360,-58.46935,56.3
2021-1-30T18:16:47,-62.16360,-58.46936,56.2
2021-1-30T18:16:57,-62.16360,-58.46936,56.1
2021-1-30T18:17:8,-62.16360,-58.46936,56.2
2021-1-30T18:17:18,-62.16360,-58.46936,56.3
2021-1-30T18:17:29,-62.16360,-58.46936,56.2
2021-1-30T18:17:39,-62.16358,-58.46936,55.0
2021-1-30T18:17:50,-62.16358,-58.46935,55.8
2021-1-30T18:18:0,-62.16359,-58.46935,55.9
2021-1-30T18:18:11,-62.16359,-58.46935,55.9
2021-1-30T18:18:21,-62.16359,-58.46935,56.0
2021-1-30T18:18:32,-62.16359,-58.46935,56.1
2021-1-30T18:18:42,-62.16359,-58.46935,55.9
2021-1-30T18:18:53,-62.16359,-58.46934,55.9
2021-1-30T18:19:3,-62.16359,-58.46934,55.6
2021-1-30T18:19:14,-62.16359,-58.46934,55.7
2021-1-30T18:19:24,-62.16359,-58.46934,55.8
2021-1-30T18:19:35,-62.16359,-58.46935,56.1
2021-1-30T18:19:45,-62.16360,-58.46933,56.0
2021-1-30T18:19:56,-62.16361,-58.46926,55.3
2021-1-30T18:20:6,-62.16361,-58.46926,54.7
2021-1-30T18:20:17,-62.16361,-58.46926,54.8
2021-1-30T18:20:27,-62.16361,-58.46925,54.5
2021-1-30T18:20:38,-62.16361,-58.46925,54.1
2021-1-30T18:20:48,-62.16361,-58.46925,53.8
2021-1-30T18:20:59,-62.16361,-58.46925,53.8
2021-1-30T18:21:9,-62.16361,-58.46925,53.7
2021-1-30T18:21:20,-62.16361,-58.46925,53.6
2021-1-30T18:21:30,-62.16361,-58.46926,53.7
2021-1-30T18:21:41,-62.16361,-58.46925,53.6
2021-1-30T18:21:51,-62.16361,-58.46926,53.6
2021-1-30T18:22:2,-62.16358,-58.46920,54.2
2021-1-30T18:22:12,-62.16357,-58.46920,55.3
2021-1-30T18:22:23,-62.16357,-58.46921,55.3
2021-1-30T18:22:33,-62.16358,-58.46921,55.3
2021-1-30T18:22:44,-62.16358,-58.46921,55.2
2021-1-30T18:22:54,-62.16358,-58.46922,55.5
2021-1-30T18:23:5,-62.16358,-58.46922,55.6
2021-1-30T18:23:15,-62.16358,-58.46921,55.5
2021-1-30T18:23:26,-62.16358,-58.46921,55.5
2021-1-30T18:23:37,-62.16358,-58.46922,55.7
2021-1-30T18:23:47,-62.16358,-58.46922,55.9
2021-1-30T18:23:58,-62.16358,-58.46922,56.0
2021-1-30T18:24:8,-62.16358,-58.46922,56.0
2021-1-30T18:24:19,-62.16358,-58.46921,56.3
2021-1-30T18:24:29,-62.16358,-58.46922,56.3
2021-1-30T18:24:40,-62.16358,-58.46922,56.1
2021-1-30T18:24:50,-62.16358,-58.46922,55.9
2021-1-30T18:25:1,-62.16358,-58.46922,55.8
2021-1-30T18:25:11,-62.16358,-58.46922,55.9
2021-1-30T18:25:22,-62.16358,-58.46922,55.9
2021-1-30T18:25:32,-62.16358,-58.46922,55.8
2021-1-30T18:25:43,-62.16358,-58.46922,56.0
2021-1-30T18:25:53,-62.16358,-58.46922,55.8
2021-1-30T18:26:4,-62.16358,-58.46922,55.8
2021-1-30T18:26:14,-62.16358,-58.46922,55.9
2021-1-30T18:26:25,-62.16358,-58.46922,56.0
2021-1-30T18:26:36,-62.16354,-58.46939,56.0
2021-1-30T18:26:46,-62.16349,-58.46946,55.7
2021-1-30T18:26:57,-62.16343,-58.46956,53.8
2021-1-30T18:27:7,-62.16337,-58.46967,51.7
2021-1-30T18:27:18,-62.16330,-58.46976,49.4
2021-1-30T18:27:28,-62.16324,-58.46979,47.0
2021-1-30T18:27:39,-62.16320,-58.46986,45.2
2021-1-30T18:27:49,-62.16315,-58.46996,42.9
2021-1-30T18:28:0,-62.16307,-58.47005,38.7
2021-1-30T18:28:10,-62.16302,-58.47016,36.6
2021-1-30T18:28:21,-62.16293,-58.47031,34.2
2021-1-30T18:28:31,-62.16286,-58.47049,33.1
2021-1-30T18:28:42,-62.16275,-58.47062,32.1
2021-1-30T18:28:52,-62.16268,-58.47079,30.4
2021-1-30T18:29:3,-62.16262,-58.47092,27.5
2021-1-30T18:29:13,-62.16255,-58.47100,24.4
2021-1-30T18:29:24,-62.16245,-58.47106,22.9
2021-1-30T18:29:34,-62.16236,-58.47106,22.9
2021-1-30T18:29:45,-62.16226,-58.47115,21.6
2021-1-30T18:29:55,-62.16220,-58.47118,20.0
2021-1-30T18:30:6,-62.16213,-58.47123,16.9
2021-1-30T18:30:17,-62.16207,-58.47126,11.4
2021-1-30T18:30:27,-62.16200,-58.47132,9.0
2021-1-30T18:30:38,-62.16191,-58.47142,7.6
2021-1-30T18:30:48,-62.16182,-58.47154,6.7
2021-1-30T18:30:59,-62.16172,-58.47169,6.9
2021-1-30T18:31:9,-62.16162,-58.47184,5.3
2021-1-30T18:31:20,-62.16153,-58.47204,4.5
2021-1-30T18:31:30,-62.16145,-58.47219,3.6
2021-1-30T18:31:41,-62.16136,-58.47234,2.9
2021-1-30T18:31:51,-62.16127,-58.47250,2.2
2021-1-30T18:32:2,-62.16117,-58.47265,2.5
2021-1-30T18:32:12,-62.16108,-58.47278,3.0
2021-1-30T18:32:23,-62.16097,-58.47293,4.8
2021-1-30T18:32:33,-62.16088,-58.47302,5.3
2021-1-30T18:32:44,-62.16078,-58.47316,6.4
2021-1-30T18:32:54,-62.16070,-58.47325,6.4
2021-1-30T18:33:5,-62.16062,-58.47341,7.0
2021-1-30T18:33:15,-62.16055,-58.47352,6.8
2021-1-30T18:33:26,-62.16048,-58.47345,5.5
2021-1-30T18:33:36,-62.16040,-58.47331,5.0
2021-1-30T18:33:47,-62.16034,-58.47315,7.0
2021-1-30T18:33:57,-62.16028,-58.47303,3.9
2021-1-30T18:34:8,-62.16019,-58.47310,0.8
2021-1-30T18:34:18,-62.16008,-58.47315,-1.0
2021-1-30T18:34:29,-62.15996,-58.47317,2.6
2021-1-30T18:34:39,-62.15983,-58.47303,3.4
2021-1-30T18:34:50,-62.15974,-58.47286,3.6
2021-1-30T18:35:0,-62.15965,-58.47268,3.5
2021-1-30T18:35:11,-62.15957,-58.47249,3.3
2021-1-30T18:35:21,-62.15951,-58.47229,3.1
2021-1-30T18:35:32,-62.15943,-58.47208,2.8
2021-1-30T18:35:42,-62.15936,-58.47189,2.2
2021-1-30T18:35:53,-62.15930,-58.47169,2.7
2021-1-30T18:36:3,-62.15921,-58.47152,5.1
2021-1-30T18:36:14,-62.15912,-58.47135,5.9
2021-1-30T18:36:24,-62.15906,-58.47115,3.3
2021-1-30T18:36:35,-62.15909,-58.47097,6.5
